  -2.8500000000000001        2.6399999999999998E-007   2.6791017074256252E-008
  -2.7500000000000000        8.4799999999999986E-007   2.4079998413106234E-007
  -2.6500000000000004        1.9599999999999999E-006   1.7249298250952405E-006
  -2.5500000000000003        5.0080000000000002E-006   1.0008516379954475E-005
  -2.4500000000000002        1.1983999999999999E-005   4.7777812999579557E-005
  -2.3500000000000001        2.7759999999999995E-005   1.9048269842984495E-004
  -2.2500000000000000        6.1080000000000005E-005   6.4344488112591991E-004
  -2.1500000000000004        1.3280000000000000E-004   1.8671833951003235E-003
  -2.0500000000000003        2.6327200000000000E-004   4.7164485454433353E-003
  -1.9500000000000000        4.9710399999999995E-004   1.0501898911950323E-002
  -1.8499999999999999        8.8360800000000003E-004   2.0862036869772869E-002
  -1.7499999999999998        1.4757040000000000E-003   3.7396648554744505E-002
  -1.6499999999999999        2.3056639999999998E-003   6.1148546325008900E-002
  -1.5499999999999998        3.4158479999999995E-003   9.2139717136320673E-002
  -1.4500000000000000        4.7689280000000004E-003  0.12917668127475018     
  -1.3499999999999999        6.3121840000000002E-003  0.17002255242405301     
  -1.2499999999999998        7.9492799999999995E-003  0.21186644284554895     
  -1.1499999999999999        9.5392159999999979E-003  0.25190602204651302     
  -1.0499999999999998        1.1009487999999998E-002  0.28784757586636855     
 -0.94999999999999996        1.2269991999999999E-002  0.31820030982060821     
 -0.84999999999999987        1.3287136000000000E-002  0.34234058002782697     
 -0.74999999999999978        1.4009784000000001E-002  0.36039695961906781     
 -0.64999999999999969        1.4517079999999998E-002  0.37303829784826004     
 -0.54999999999999960        1.4844655999999998E-002  0.38124075924023920     
 -0.45000000000000001        1.5007823999999998E-002  0.38608443519389740     
 -0.34999999999999992        1.5107320000000000E-002  0.38860215775651097     
 -0.24999999999999983        1.5131808000000000E-002  0.38968202636901328     
 -0.14999999999999974        1.5148728000000000E-002  0.39001339690395304     
  -4.9999999999999642E-002   1.5164472000000000E-002  0.39006215162567265     
   5.0000000000000003E-002   1.5145832000000000E-002  0.39006215162567265     
  0.15000000000000008        1.5147328000000000E-002  0.39001339690395304     
  0.25000000000000017        1.5152455999999998E-002  0.38968202636901328     
  0.35000000000000026        1.5108432000000000E-002  0.38860215775651097     
  0.45000000000000034        1.5032288000000000E-002  0.38608443519389740     
  0.55000000000000004        1.4849408000000000E-002  0.38124075924023915     
  0.65000000000000013        1.4525239999999998E-002  0.37303829784825998     
  0.75000000000000022        1.4017280000000000E-002  0.36039695961906776     
  0.85000000000000031        1.3279944000000000E-002  0.34234058002782686     
  0.95000000000000040        1.2295264000000000E-002  0.31820030982060804     
   1.0500000000000000        1.1005647999999998E-002  0.28784757586636850     
   1.1500000000000006        9.5498239999999984E-003  0.25190602204651269     
   1.2500000000000002        7.9596559999999990E-003  0.21186644284554876     
   1.3499999999999999        6.3208320000000002E-003  0.17002255242405301     
   1.4500000000000004        4.7693600000000003E-003  0.12917668127474999     
   1.5500000000000000        3.4122000000000002E-003   9.2139717136320562E-002
   1.6500000000000006        2.3137200000000000E-003   6.1148546325008712E-002
   1.7500000000000002        1.4667999999999999E-003   3.7396648554744408E-002
   1.8500000000000008        8.8225599999999999E-004   2.0862036869772747E-002
   1.9500000000000004        4.9771999999999989E-004   1.0501898911950287E-002
   2.0499999999999998        2.6301599999999998E-004   4.7164485454433561E-003
   2.1500000000000004        1.3060000000000000E-004   1.8671833951003235E-003
   2.2500000000000000        6.1823999999999996E-005   6.4344488112591991E-004
   2.3500000000000005        2.8039999999999996E-005   1.9048269842984411E-004
   2.4500000000000002        1.1559999999999999E-005   4.7777812999579557E-005
   2.5499999999999998        4.7840000000000003E-006   1.0008516379954546E-005
   2.6500000000000004        1.8479999999999997E-006   1.7249298250952405E-006
   2.7500000000000000        7.6799999999999999E-007   2.4079998413106234E-007
   2.8500000000000005        2.5600000000000002E-007   2.6791017074256060E-008
   2.9500000000000002        1.3599999999999997E-007   2.3360036968812550E-009
   3.0499999999999998        9.5999999999999999E-008   1.5687462610925408E-010
