  -2.2500000000000000        1.5751080063004322E-003   6.4344488112591991E-004
  -1.7500000000000000        4.4619699778478801E-002   3.7396648554744456E-002
  -1.2500000000000000       0.20991850463967401       0.21186644284554890     
 -0.75000000000000000       0.35486590941946361       0.36039695961906776     
 -0.25000000000000000       0.38900258795601034       0.38968202636901328     
  0.25000000000000000       0.38899479695597916       0.38968202636901328     
  0.75000000000000000       0.35490802221963208       0.36039695961906776     
   1.2500000000000000       0.20991754463967016       0.21186644284554890     
   1.7500000000000000        4.4615855578463419E-002   3.7396648554744456E-002
   2.2500000000000000        1.5754032063016129E-003   6.4344488112591991E-004
   2.7500000000000000        3.2928000131711998E-006   2.4079998413106234E-007
   3.2500000000000000        0.0000000000000000        3.0058398691718229E-013
