  -2.8500000000000001        1.4000000084000001E-006   2.6791017074256252E-008
  -2.7500000000000000        5.0890000305340003E-006   2.4079998413106234E-007
  -2.6500000000000004        1.6940000101640000E-005   1.7249298250952405E-006
  -2.5500000000000003        5.3417000320502001E-005   1.0008516379954475E-005
  -2.4500000000000002        1.6195200097171198E-004   4.7777812999579557E-005
  -2.3500000000000001        4.4356900266141400E-004   1.9048269842984495E-004
  -2.2500000000000000        1.1315780067894681E-003   6.4344488112591991E-004
  -2.1500000000000004        2.6750290160501740E-003   1.8671833951003235E-003
  -2.0500000000000003        5.8204160349224956E-003   4.7164485454433353E-003
  -1.9500000000000000        1.1712211070273267E-002   1.0501898911950323E-002
  -1.8499999999999999        2.1775341130652048E-002   2.0862036869772869E-002
  -1.7499999999999998        3.7543289225259735E-002   3.7396648554744505E-002
  -1.6499999999999999        6.0145568360873404E-002   6.1148546325008900E-002
  -1.5499999999999998        8.9980072539880440E-002   9.2139717136320673E-002
  -1.4500000000000000       0.12621937375731621       0.12917668127475018     
  -1.3499999999999999       0.16690791000144747       0.17002255242405301     
  -1.2499999999999998       0.20926725525560352       0.21186644284554895     
  -1.1499999999999999       0.25030224250181343       0.25190602204651302     
  -1.0499999999999998       0.28723985672343916       0.28784757586636855     
 -0.94999999999999996       0.31847566291085400       0.31820030982060821     
 -0.84999999999999987       0.34316222005897329       0.34234058002782697     
 -0.74999999999999978       0.36156128616936772       0.36039695961906781     
 -0.64999999999999969       0.37421557124529337       0.37303829784826004     
 -0.54999999999999960       0.38238324129429940       0.38124075924023920     
 -0.45000000000000001       0.38715419632292514       0.38608443519389740     
 -0.34999999999999992       0.38948734533692408       0.38860215775651097     
 -0.24999999999999983       0.39042455434254730       0.38968202636901328     
 -0.14999999999999974       0.39064926134389555       0.39001339690395304     
  -4.9999999999999642E-002  0.39063122234378728       0.39006215162567265     
   5.0000000000000003E-002  0.39075010334450055       0.39006215162567265     
  0.15000000000000008       0.39071679034430074       0.39001339690395304     
  0.25000000000000017       0.39041233934247399       0.38968202636901328     
  0.35000000000000026       0.38956862933741176       0.38860215775651097     
  0.45000000000000034       0.38720316132321891       0.38608443519389740     
  0.55000000000000004       0.38240063629440380       0.38124075924023915     
  0.65000000000000013       0.37435016724610093       0.37303829784825998     
  0.75000000000000022       0.36152261816913567       0.36039695961906776     
  0.85000000000000031       0.34324351805946107       0.34234058002782686     
  0.95000000000000040       0.31849899391099395       0.31820030982060804     
   1.0500000000000000       0.28730505472383028       0.28784757586636850     
   1.1500000000000006       0.25026876150161259       0.25190602204651269     
   1.2500000000000002       0.20934570425607424       0.21186644284554876     
   1.3499999999999999       0.16701118100206708       0.17002255242405301     
   1.4500000000000004       0.12636090675816544       0.12917668127474999     
   1.5500000000000000        9.0021701540130214E-002   9.2139717136320562E-002
   1.6500000000000006        6.0180785361084711E-002   6.1148546325008712E-002
   1.7500000000000002        3.7525096225150580E-002   3.7396648554744408E-002
   1.8500000000000008        2.1747313130483874E-002   2.0862036869772747E-002
   1.9500000000000004        1.1714773070288639E-002   1.0501898911950287E-002
   2.0499999999999998        5.8193100349158604E-003   4.7164485454433561E-003
   2.1500000000000004        2.6743780160462683E-003   1.8671833951003235E-003
   2.2500000000000000        1.1317460067904760E-003   6.4344488112591991E-004
   2.3500000000000005        4.4190300265141804E-004   1.9048269842984411E-004
   2.4500000000000002        1.6031400096188400E-004   4.7777812999579557E-005
   2.5499999999999998        5.3235000319410000E-005   1.0008516379954546E-005
   2.6500000000000004        1.6205000097229999E-005   1.7249298250952405E-006
   2.7500000000000000        4.9980000299879990E-006   2.4079998413106234E-007
   2.8500000000000005        1.5050000090300001E-006   2.6791017074256060E-008
   2.9500000000000002        3.9900000239399999E-007   2.3360036968812550E-009
   3.0499999999999998        9.8000000587999993E-008   1.5687462610925408E-010
