  -2.2500000000000000        1.6806432000000000E-003   6.4344488112591991E-004
  -1.7500000000000000        4.4484240800000005E-002   3.7396648554744456E-002
  -1.2500000000000000       0.20949207759999999       0.21186644284554890     
 -0.75000000000000000       0.35503504000000002       0.36039695961906776     
 -0.25000000000000000       0.38930585200000001       0.38968202636901328     
  0.25000000000000000       0.38925990880000000       0.38968202636901328     
  0.75000000000000000       0.35510224800000001       0.36039695961906776     
   1.2500000000000000       0.20948522159999999       0.21186644284554890     
   1.7500000000000000        4.4464289599999998E-002   3.7396648554744456E-002
   2.2500000000000000        1.6794512000000001E-003   6.4344488112591991E-004
   2.7500000000000000        5.5192000000000005E-006   2.4079998413106234E-007
   3.2500000000000000        8.0000000000000003E-010   3.0058398691718229E-013
