  -2.2500000000000000        1.5402229999999999E-003   6.4344488112591991E-004
  -1.7500000000000000        4.4659142400000004E-002   3.7396648554744456E-002
  -1.2500000000000000       0.21009062660000000       0.21186644284554890     
 -0.75000000000000000       0.35479414700000000       0.36039695961906776     
 -0.25000000000000000       0.38886222120000002       0.38968202636901328     
  0.25000000000000000       0.38886795479999997       0.38968202636901328     
  0.75000000000000000       0.35482451420000000       0.36039695961906776     
   1.2500000000000000       0.21013305080000003       0.21186644284554890     
   1.7500000000000000        4.4680125000000001E-002   3.7396648554744456E-002
   2.2500000000000000        1.5426291999999999E-003   6.4344488112591991E-004
   2.7500000000000000        2.6888000000000000E-006   2.4079998413106234E-007
   3.2500000000000000        0.0000000000000000        3.0058398691718229E-013
