  -2.2500000000000000        2.0139360000000000E-003   6.4344488112591991E-004
  -1.7500000000000000        4.4087266000000000E-002   3.7396648554744456E-002
  -1.2500000000000000       0.20802627400000001       0.21186644284554890     
 -0.75000000000000000       0.35575953500000002       0.36039695961906776     
 -0.25000000000000000       0.38994750600000000       0.38968202636901328     
  0.25000000000000000       0.39000502400000003       0.38968202636901328     
  0.75000000000000000       0.35591156499999999       0.36039695961906776     
   1.2500000000000000       0.20810145100000002       0.21186644284554890     
   1.7500000000000000        4.4105153000000001E-002   3.7396648554744456E-002
   2.2500000000000000        2.0135360000000002E-003   6.4344488112591991E-004
   2.7500000000000000        1.4414000000000001E-005   2.4079998413106234E-007
   3.2500000000000000        1.1999999999999998E-008   3.0058398691718229E-013
