  -2.8500000000000001        1.6500000000000001E-007   2.6791017074256252E-008
  -2.7500000000000000        8.2500000000000004E-007   2.4079998413106234E-007
  -2.6500000000000004        4.2250000000000002E-006   1.7249298250952405E-006
  -2.5500000000000003        1.8924999999999999E-005   1.0008516379954475E-005
  -2.4500000000000002        7.4430000000000004E-005   4.7777812999579557E-005
  -2.3500000000000001        2.5558999999999993E-004   1.9048269842984495E-004
  -2.2500000000000000        7.8013500000000005E-004   6.4344488112591991E-004
  -2.1500000000000004        2.0994049999999999E-003   1.8671833951003235E-003
  -2.0500000000000003        5.0450800000000004E-003   4.7164485454433353E-003
  -1.9500000000000000        1.0866239999999999E-002   1.0501898911950323E-002
  -1.8499999999999999        2.1193719999999999E-002   2.0862036869772869E-002
  -1.7499999999999998        3.7548270000000002E-002   3.7396648554744505E-002
  -1.6499999999999999        6.1113010000000002E-002   6.1148546325008900E-002
  -1.5499999999999998        9.1894774999999984E-002   9.2139717136320673E-002
  -1.4500000000000000       0.12874520500000000       0.12917668127475018     
  -1.3499999999999999       0.16957718499999999       0.17002255242405301     
  -1.2499999999999998       0.21142574500000000       0.21186644284554895     
  -1.1499999999999999       0.25152535999999992       0.25190602204651302     
  -1.0499999999999998       0.28767090499999998       0.28784757586636855     
 -0.94999999999999996       0.31811550999999999       0.31820030982060821     
 -0.84999999999999987       0.34233000499999999       0.34234058002782697     
 -0.74999999999999978       0.36046931500000001       0.36039695961906781     
 -0.64999999999999969       0.37315071500000002       0.37303829784826004     
 -0.54999999999999960       0.38141240999999998       0.38124075924023920     
 -0.45000000000000001       0.38630093999999993       0.38608443519389740     
 -0.34999999999999992       0.38888431499999998       0.38860215775651097     
 -0.24999999999999983       0.38990403999999995       0.38968202636901328     
 -0.14999999999999974       0.39019096500000000       0.39001339690395304     
  -4.9999999999999642E-002  0.39026928000000000       0.39006215162567265     
   5.0000000000000003E-002  0.39018365999999999       0.39006215162567265     
  0.15000000000000008       0.39016437500000001       0.39001339690395304     
  0.25000000000000017       0.38979134999999998       0.38968202636901328     
  0.35000000000000026       0.38863848999999995       0.38860215775651097     
  0.45000000000000034       0.38613654499999994       0.38608443519389740     
  0.55000000000000004       0.38135773999999995       0.38124075924023915     
  0.65000000000000013       0.37309525999999993       0.37303829784825998     
  0.75000000000000022       0.36030279999999998       0.36039695961906776     
  0.85000000000000031       0.34219359500000002       0.34234058002782686     
  0.95000000000000040       0.31796595999999994       0.31820030982060804     
   1.0500000000000000       0.28754478999999999       0.28784757586636850     
   1.1500000000000006       0.25142639999999999       0.25190602204651269     
   1.2500000000000002       0.21136476500000001       0.21186644284554876     
   1.3499999999999999       0.16946648500000000       0.17002255242405301     
   1.4500000000000004       0.12869552000000001       0.12917668127474999     
   1.5500000000000000        9.1807949999999999E-002   9.2139717136320562E-002
   1.6500000000000006        6.1090014999999998E-002   6.1148546325008712E-002
   1.7500000000000002        3.7582825000000000E-002   3.7396648554744408E-002
   1.8500000000000008        2.1191930000000001E-002   2.0862036869772747E-002
   1.9500000000000004        1.0861025000000000E-002   1.0501898911950287E-002
   2.0499999999999998        5.0425649999999997E-003   4.7164485454433561E-003
   2.1500000000000004        2.0990699999999998E-003   1.8671833951003235E-003
   2.2500000000000000        7.7813000000000003E-004   6.4344488112591991E-004
   2.3500000000000005        2.5476499999999995E-004   1.9048269842984411E-004
   2.4500000000000002        7.3604999999999997E-005   4.7777812999579557E-005
   2.5499999999999998        1.8410000000000002E-005   1.0008516379954546E-005
   2.6500000000000004        4.3200000000000001E-006   1.7249298250952405E-006
   2.7500000000000000        7.8499999999999990E-007   2.4079998413106234E-007
   2.8500000000000005        1.4999999999999997E-007   2.6791017074256060E-008
   2.9500000000000002        1.4999999999999995E-008   2.3360036968812550E-009
   3.0499999999999998        0.0000000000000000        1.5687462610925408E-010
