  -2.8500000000000001        4.2000000167999997E-008   2.6791017074256252E-008
  -2.7500000000000000        2.7900000111600000E-007   2.4079998413106234E-007
  -2.6500000000000004        2.4630000098519998E-006   1.7249298250952405E-006
  -2.5500000000000003        1.1961000047844000E-005   1.0008516379954475E-005
  -2.4500000000000002        5.4708000218832004E-005   4.7777812999579557E-005
  -2.3500000000000001        2.1111300084445197E-004   1.9048269842984495E-004
  -2.2500000000000000        6.8855700275422785E-004   6.4344488112591991E-004
  -2.1500000000000004        1.9600020078400079E-003   1.8671833951003235E-003
  -2.0500000000000003        4.8679890194719558E-003   4.7164485454433353E-003
  -1.9500000000000000        1.0722720042890878E-002   1.0501898911950323E-002
  -1.8499999999999999        2.1128463084513847E-002   2.0862036869772869E-002
  -1.7499999999999998        3.7659639150638559E-002   3.7396648554744505E-002
  -1.6499999999999999        6.1363800245455201E-002   6.1148546325008900E-002
  -1.5499999999999998        9.2206254368825014E-002   9.2139717136320673E-002
  -1.4500000000000000       0.12916067151664268       0.12917668127475018     
  -1.3499999999999999       0.16989187867956751       0.17002255242405301     
  -1.2499999999999998       0.21157841484631365       0.21186644284554895     
  -1.1499999999999999       0.25157735500630940       0.25190602204651302     
  -1.0499999999999998       0.28745406714981619       0.28784757586636855     
 -0.94999999999999996       0.31783774027135098       0.31820030982060821     
 -0.84999999999999987       0.34196028136784112       0.34234058002782697     
 -0.74999999999999978       0.36014701044058806       0.36039695961906781     
 -0.64999999999999969       0.37284955949139820       0.37303829784826004     
 -0.54999999999999960       0.38119210652476843       0.38124075924023920     
 -0.45000000000000001       0.38607882154431522       0.38608443519389740     
 -0.34999999999999992       0.38869591355478361       0.38860215775651097     
 -0.24999999999999983       0.38971515455886063       0.38968202636901328     
 -0.14999999999999974       0.39002740656010959       0.39001339690395304     
  -4.9999999999999642E-002  0.39018983856075928       0.39006215162567265     
   5.0000000000000003E-002  0.39023087256092343       0.39006215162567265     
  0.15000000000000008       0.39008749356035000       0.39001339690395304     
  0.25000000000000017       0.38979346055917385       0.38968202636901328     
  0.35000000000000026       0.38870695655482779       0.38860215775651097     
  0.45000000000000034       0.38615135554460539       0.38608443519389740     
  0.55000000000000004       0.38120132552480523       0.38124075924023915     
  0.65000000000000013       0.37295177549180702       0.37303829784825998     
  0.75000000000000022       0.36026803044107214       0.36039695961906776     
  0.85000000000000031       0.34213874236855496       0.34234058002782686     
  0.95000000000000040       0.31796447827185786       0.31820030982060804     
   1.0500000000000000       0.28762269415049074       0.28784757586636850     
   1.1500000000000006       0.25170262600681048       0.25190602204651269     
   1.2500000000000002       0.21168012984672052       0.21186644284554876     
   1.3499999999999999       0.16999339867997360       0.17002255242405301     
   1.4500000000000004       0.12924068451696274       0.12917668127474999     
   1.5500000000000000        9.2298204369192810E-002   9.2139717136320562E-002
   1.6500000000000006        6.1425288245701155E-002   6.1148546325008712E-002
   1.7500000000000002        3.7684917150739662E-002   3.7396648554744408E-002
   1.8500000000000008        2.1122487084489949E-002   2.0862036869772747E-002
   1.9500000000000004        1.0711770042847079E-002   1.0501898911950287E-002
   2.0499999999999998        4.8680520194722080E-003   4.7164485454433561E-003
   2.1500000000000004        1.9521750078086999E-003   1.8671833951003235E-003
   2.2500000000000000        6.8795700275182806E-004   6.4344488112591991E-004
   2.3500000000000005        2.1108600084434397E-004   1.9048269842984411E-004
   2.4500000000000002        5.4753000219011992E-005   4.7777812999579557E-005
   2.5499999999999998        1.2321000049284000E-005   1.0008516379954546E-005
   2.6500000000000004        2.2680000090720000E-006   1.7249298250952405E-006
   2.7500000000000000        4.3200000172799994E-007   2.4079998413106234E-007
   2.8500000000000005        3.9000000156000002E-008   2.6791017074256060E-008
   2.9500000000000002        9.0000000359999999E-009   2.3360036968812550E-009
   3.0499999999999998        0.0000000000000000        1.5687462610925408E-010
