  -2.8500000000000001        2.7999999999999996E-008   2.6791017074256252E-008
  -2.7500000000000000        2.6700000000000000E-007   2.4079998413106234E-007
  -2.6500000000000004        1.8830000000000000E-006   1.7249298250952405E-006
  -2.5500000000000003        1.0791999999999999E-005   1.0008516379954475E-005
  -2.4500000000000002        5.1731000000000003E-005   4.7777812999579557E-005
  -2.3500000000000001        2.0228999999999999E-004   1.9048269842984495E-004
  -2.2500000000000000        6.7434799999999985E-004   6.4344488112591991E-004
  -2.1500000000000004        1.9346540000000001E-003   1.8671833951003235E-003
  -2.0500000000000003        4.8345819999999987E-003   4.7164485454433353E-003
  -1.9500000000000000        1.0692018999999999E-002   1.0501898911950323E-002
  -1.8499999999999999        2.1107283000000001E-002   2.0862036869772869E-002
  -1.7499999999999998        3.7695227999999997E-002   3.7396648554744505E-002
  -1.6499999999999999        6.1432899999999999E-002   6.1148546325008900E-002
  -1.5499999999999998        9.2351831999999995E-002   9.2139717136320673E-002
  -1.4500000000000000       0.12929207300000001       0.12917668127475018     
  -1.3499999999999999       0.17000063099999999       0.17002255242405301     
  -1.2499999999999998       0.21177592900000000       0.21186644284554895     
  -1.1499999999999999       0.25168926100000000       0.25190602204651302     
  -1.0499999999999998       0.28758497000000000       0.28784757586636855     
 -0.94999999999999996       0.31790530900000002       0.31820030982060821     
 -0.84999999999999987       0.34209205899999995       0.34234058002782697     
 -0.74999999999999978       0.36015968999999992       0.36039695961906781     
 -0.64999999999999969       0.37287980999999998       0.37303829784826004     
 -0.54999999999999960       0.38115269399999996       0.38124075924023920     
 -0.45000000000000001       0.38600056300000002       0.38608443519389740     
 -0.34999999999999992       0.38856868899999997       0.38860215775651097     
 -0.24999999999999983       0.38965413300000001       0.38968202636901328     
 -0.14999999999999974       0.39005861600000002       0.39001339690395304     
  -4.9999999999999642E-002  0.39005416299999995       0.39006215162567265     
   5.0000000000000003E-002  0.39004743999999997       0.39006215162567265     
  0.15000000000000008       0.38994192999999994       0.39001339690395304     
  0.25000000000000017       0.38954674499999997       0.38968202636901328     
  0.35000000000000026       0.38846669099999992       0.38860215775651097     
  0.45000000000000034       0.38597347500000001       0.38608443519389740     
  0.55000000000000004       0.38109457699999999       0.38124075924023915     
  0.65000000000000013       0.37286012499999999       0.37303829784825998     
  0.75000000000000022       0.36022090899999998       0.36039695961906776     
  0.85000000000000031       0.34216730000000001       0.34234058002782686     
  0.95000000000000040       0.31796236900000002       0.31820030982060804     
   1.0500000000000000       0.28770245799999999       0.28784757586636850     
   1.1500000000000006       0.25177121000000002       0.25190602204651269     
   1.2500000000000002       0.21184163999999997       0.21186644284554876     
   1.3499999999999999       0.17007349999999996       0.17002255242405301     
   1.4500000000000004       0.12936007199999996       0.12917668127474999     
   1.5500000000000000        9.2429073000000000E-002   9.2139717136320562E-002
   1.6500000000000006        6.1449181999999998E-002   6.1148546325008712E-002
   1.7500000000000002        3.7684914999999999E-002   3.7396648554744408E-002
   1.8500000000000008        2.1129160999999997E-002   2.0862036869772747E-002
   1.9500000000000004        1.0693955000000000E-002   1.0501898911950287E-002
   2.0499999999999998        4.8423980000000004E-003   4.7164485454433561E-003
   2.1500000000000004        1.9363049999999997E-003   1.8671833951003235E-003
   2.2500000000000000        6.7765499999999988E-004   6.4344488112591991E-004
   2.3500000000000005        2.0304000000000001E-004   1.9048269842984411E-004
   2.4500000000000002        5.2026000000000000E-005   4.7777812999579557E-005
   2.5499999999999998        1.1176999999999998E-005   1.0008516379954546E-005
   2.6500000000000004        1.9420000000000002E-006   1.7249298250952405E-006
   2.7500000000000000        2.7700000000000001E-007   2.4079998413106234E-007
   2.8500000000000005        1.8999999999999998E-008   2.6791017074256060E-008
   2.9500000000000002        3.0000000000000000E-009   2.3360036968812550E-009
   3.0499999999999998        0.0000000000000000        1.5687462610925408E-010
