  -2.2500000000000000        2.7627972110511887E-003   6.4344488112591991E-004
  -1.7500000000000000        4.4167752176671009E-002   3.7396648554744456E-002
  -1.2500000000000000       0.20299955481199822       0.21186644284554890     
 -0.75000000000000000       0.35783505383134023       0.36039695961906776     
 -0.25000000000000000       0.39230399316921594       0.38968202636901328     
  0.25000000000000000       0.39225525636902103       0.38968202636901328     
  0.75000000000000000       0.35776147703104588       0.36039695961906776     
   1.2500000000000000       0.20291512761166053       0.21186644284554890     
   1.7500000000000000        4.4143759376575040E-002   3.7396648554744456E-002
   2.2500000000000000        2.7645252110581010E-003   6.4344488112591991E-004
   2.7500000000000000        4.5223200180892801E-005   2.4079998413106234E-007
   3.2500000000000000        1.8720000074880000E-007   3.0058398691718229E-013
