  -2.8500000000000001        3.3000000132000002E-007   2.6791017074256252E-008
  -2.7500000000000000        1.6500000065999999E-006   2.4079998413106234E-007
  -2.6500000000000004        7.3620000294479991E-006   1.7249298250952405E-006
  -2.5500000000000003        2.9262000117048002E-005   1.0008516379954475E-005
  -2.4500000000000002        9.9618000398472007E-005   4.7777812999579557E-005
  -2.3500000000000001        3.1803600127214401E-004   1.9048269842984495E-004
  -2.2500000000000000        8.9547000358187990E-004   6.4344488112591991E-004
  -2.1500000000000004        2.2872180091488715E-003   1.8671833951003235E-003
  -2.0500000000000003        5.2916820211667279E-003   4.7164485454433353E-003
  -1.9500000000000000        1.1109762044439047E-002   1.0501898911950323E-002
  -1.8499999999999999        2.1300276085201100E-002   2.0862036869772869E-002
  -1.7499999999999998        3.7424298149697194E-002   3.7396648554744505E-002
  -1.6499999999999999        6.0639534242558128E-002   6.1148546325008900E-002
  -1.5499999999999998        9.1133892364535549E-002   9.2139717136320673E-002
  -1.4500000000000000       0.12796110651184442       0.12917668127475018     
  -1.3499999999999999       0.16874428867497715       0.17002255242405301     
  -1.2499999999999998       0.21082566684330264       0.21186644284554895     
  -1.1499999999999999       0.25118302900473211       0.25190602204651302     
  -1.0499999999999998       0.28752371515009484       0.28784757586636855     
 -0.94999999999999996       0.31814496727257985       0.31820030982060821     
 -0.84999999999999987       0.34251345137005379       0.34234058002782697     
 -0.74999999999999978       0.36072579744290317       0.36039695961906781     
 -0.64999999999999969       0.37340240549360959       0.37303829784826004     
 -0.54999999999999960       0.38162183552648732       0.38124075924023920     
 -0.45000000000000001       0.38635194154540770       0.38608443519389740     
 -0.34999999999999992       0.38884452755537813       0.38860215775651097     
 -0.24999999999999983       0.38996544155986174       0.38968202636901328     
 -0.14999999999999974       0.39023638356094553       0.39001339690395304     
  -4.9999999999999642E-002  0.39029827956119312       0.39006215162567265     
   5.0000000000000003E-002  0.39028108356112434       0.39006215162567265     
  0.15000000000000008       0.39033141156132561       0.39001339690395304     
  0.25000000000000017       0.38999411555997648       0.38968202636901328     
  0.35000000000000026       0.38901837155607344       0.38860215775651097     
  0.45000000000000034       0.38644716154578856       0.38608443519389740     
  0.55000000000000004       0.38177073752708296       0.38124075924023915     
  0.65000000000000013       0.37355342549421366       0.37303829784825998     
  0.75000000000000022       0.36096788544387148       0.36039695961906776     
  0.85000000000000031       0.34270157537080631       0.34234058002782686     
  0.95000000000000040       0.31840402327361611       0.31820030982060804     
   1.0500000000000000       0.28766317315065271       0.28784757586636850     
   1.1500000000000006       0.25141129300564519       0.25190602204651269     
   1.2500000000000002       0.21086645484346581       0.21186644284554876     
   1.3499999999999999       0.16884891067539562       0.17002255242405301     
   1.4500000000000004       0.12801582051206328       0.12917668127474999     
   1.5500000000000000        9.1212024364848099E-002   9.2139717136320562E-002
   1.6500000000000006        6.0727482242909928E-002   6.1148546325008712E-002
   1.7500000000000002        3.7468632149874531E-002   3.7396648554744408E-002
   1.8500000000000008        2.1337596085350380E-002   2.0862036869772747E-002
   1.9500000000000004        1.1142588044570351E-002   1.0501898911950287E-002
   2.0499999999999998        5.3068680212274713E-003   4.7164485454433561E-003
   2.1500000000000004        2.2899360091597439E-003   1.8671833951003235E-003
   2.2500000000000000        8.9884800359539205E-004   6.4344488112591991E-004
   2.3500000000000005        3.1962600127850399E-004   1.9048269842984411E-004
   2.4500000000000002        1.0101600040406400E-004   4.7777812999579557E-005
   2.5499999999999998        2.9304000117216000E-005   1.0008516379954546E-005
   2.6500000000000004        7.1400000285599997E-006   1.7249298250952405E-006
   2.7500000000000000        1.8180000072719998E-006   2.4079998413106234E-007
   2.8500000000000005        3.4200000136799994E-007   2.6791017074256060E-008
   2.9500000000000002        4.2000000167999997E-008   2.3360036968812550E-009
   3.0499999999999998        6.0000000240000002E-009   1.5687462610925408E-010
