ABAO:
0.1  0.4    29999     74.65805240   5154.97220471   2709.14576192
0.05 0.4   249999    -60.87180690  41741.71295722  19948.92911521
0.05 0.6   199999    251.61861700  27764.54898453  14480.87225918
0.05 0.8    99999   -170.15573042  19724.77157643   9909.27632743
0.05 1.0    99999     86.06032387  16091.03045283   8165.56673633
0.05 1.2    59999    153.14686584  13020.54504802   6629.68322947
0.05 1.4    49999     51.26831175  10879.01861835   5440.66343729
0.05 1.6    49999    270.57120096  10438.71127325   5539.78966189
0.05 1.8    49999     69.28019941   8945.97929571   4553.10965348
0.05 2.0    40000    162.54249473   7751.35658656   3977.72376500
ABOBA:
0.1  0.6    19999    -56.87561646   3316.37517724   1578.24262264
0.1  0.8    15000     12.40732175   2477.34993095   1269.65128367
0.05 0.4   190000   -930.31989757  39795.28317959  19589.82142139
0.05 0.6    99999    565.89742437  26093.18169577  13343.54147362
0.05 0.8   150000   -369.74626126  19548.15579187   9401.04732628
0.05 1.0    74999    -24.13283434  16039.12310734   8267.45526307
0.05 1.2    59999    -39.82235821  13674.65881651   6941.89537573
0.05 1.4    59999    -34.96312699  11644.04898662   5769.83430874
0.05 1.6    59999   -194.55789894  10002.59896060   4857.07682739
0.05 1.8    49999     48.87407099   8630.65029741   4400.01655785
0.05 2.0    49999    314.92176288   8076.01785711   4397.96536428
BABO:
0.05 0.4   160000   -498.55280362  36090.69419713  17308.41305498
0.05 0.6   140000  -1237.65591671  26465.14664226  12305.40246753
0.05 0.8    99999    -34.30030648  19400.51903098   9353.20514118
0.05 1.0    80000   -152.40248891  15081.53381152   7139.10560910
0.05 1.2    74999    -26.68963468  13593.65372587   6821.75836058
0.05 1.4    59999     -4.80751778  11601.03651387   5795.02333816
0.05 1.6    59999     51.68293759  10212.48813766   5028.48302970
0.05 1.8    49999    -48.49087328   9159.29781206   4647.65866520
0.05 2.0    45000    -43.88725216   8280.03251607   4254.36237483
OABA:
0.05 0.4   199999   1084.64727752  38541.10086049  19882.83231076
0.05 0.6   110000   -293.76740007  23710.75568486  10934.36644240
0.05 0.8    99999     -6.60881137  19039.11418684   9609.92129509
0.05 1.0    80000    260.12665918  15969.88961485   8434.36586087
0.05 1.2    99999    468.45297126  12871.33378453   6929.78909725
0.05 1.4    59999   -114.87077828  11225.51550722   5395.28250292
0.05 1.6    59999    -24.37825335   9967.35591422   4882.08511495
0.05 1.8    49999   -232.73919116   8628.67776330   4086.84437015
0.05 2.0    40000    137.57603694   7859.38857314   4038.66597177
OBAB:
0.05 0.4   199999    878.60024329  38301.42840255  20153.62242331
0.05 0.6   130000   -271.16714078  25529.40222092  12063.88575229
0.05 0.8   100000    -96.90058664  20343.73774672  10180.86773641
0.05 1.0    79999    299.80012077  15956.17739106   8251.57229988
0.05 1.2    99999     15.82657038  13799.51301121   7083.09144278
0.05 1.4    59999     90.57711809  11411.38547525   5705.85781185
0.05 1.6    59999    153.16636251  10129.30532175   5321.58800181
0.05 1.8    49999     44.02300486   8834.06814653   4464.82620092
0.05 2.0    49999    173.15768488   8189.01047773   4262.24898421







