  -2.8500000000000001        3.2250000806250022E-006   2.6791017074256252E-008
  -2.7500000000000000        9.7875002446875057E-006   2.4079998413106234E-007
  -2.6500000000000004        2.8162500704062517E-005   1.7249298250952405E-006
  -2.5500000000000003        7.9800001995000046E-005   1.0008516379954475E-005
  -2.4500000000000002        2.1682500542062513E-004   4.7777812999579557E-005
  -2.3500000000000001        5.5140001378500034E-004   1.9048269842984495E-004
  -2.2500000000000000        1.3219125330478131E-003   6.4344488112591991E-004
  -2.1500000000000004        2.9798250744956269E-003   1.8671833951003235E-003
  -2.0500000000000003        6.2324251558106281E-003   4.7164485454433353E-003
  -1.9500000000000000        1.2171525304288132E-002   1.0501898911950323E-002
  -1.8499999999999999        2.2169925554248137E-002   2.0862036869772869E-002
  -1.7499999999999998        3.7577400939435027E-002   3.7396648554744505E-002
  -1.6499999999999999        5.9899951497498785E-002   6.1148546325008900E-002
  -1.5499999999999998        8.9113802227845054E-002   9.2139717136320673E-002
  -1.4500000000000000       0.12496406562410164       0.12917668127475018     
  -1.3499999999999999       0.16522571663064289       0.17002255242405301     
  -1.2499999999999998       0.20769368019234200       0.21186644284554895     
  -1.1499999999999999       0.24887554372188858       0.25190602204651302     
  -1.0499999999999998       0.28653308216332707       0.28784757586636855     
 -0.94999999999999996       0.31816834545420863       0.31820030982060821     
 -0.84999999999999987       0.34328430858210773       0.34234058002782697     
 -0.74999999999999978       0.36221910905547772       0.36039695961906781     
 -0.64999999999999969       0.37493952187348806       0.37303829784826004     
 -0.54999999999999960       0.38295259707381490       0.38124075924023920     
 -0.45000000000000001       0.38788373469709331       0.38608443519389740     
 -0.34999999999999992       0.38986069724651745       0.38860215775651097     
 -0.24999999999999983       0.39098704727467615       0.38968202636901328     
 -0.14999999999999974       0.39101014727525368       0.39001339690395304     
  -4.9999999999999642E-002  0.39111720977793019       0.39006215162567265     
   5.0000000000000003E-002  0.39104802227620056       0.39006215162567265     
  0.15000000000000008       0.39127943478198579       0.39001339690395304     
  0.25000000000000017       0.39101355977533897       0.38968202636901328     
  0.35000000000000026       0.39008659725216488       0.38860215775651097     
  0.45000000000000034       0.38795202219880048       0.38608443519389740     
  0.55000000000000004       0.38320339708008494       0.38124075924023915     
  0.65000000000000013       0.37520982188024554       0.37303829784825998     
  0.75000000000000022       0.36207998405199959       0.36039695961906776     
  0.85000000000000031       0.34377045859426147       0.34234058002782686     
  0.95000000000000040       0.31852575796314397       0.31820030982060804     
   1.0500000000000000       0.28671863216796578       0.28784757586636850     
   1.1500000000000006       0.24923948123098702       0.25190602204651269     
   1.2500000000000002       0.20796743019918576       0.21186644284554876     
   1.3499999999999999       0.16568940414223510       0.17002255242405301     
   1.4500000000000004       0.12517039062925978       0.12917668127474999     
   1.5500000000000000        8.9349002233725050E-002   9.2139717136320562E-002
   1.6500000000000006        6.0008214000205347E-002   6.1148546325008712E-002
   1.7500000000000002        3.7780350944508774E-002   3.7396648554744408E-002
   1.8500000000000008        2.2198050554951262E-002   2.0862036869772747E-002
   1.9500000000000004        1.2222750305568757E-002   1.0501898911950287E-002
   2.0499999999999998        6.2425501560637543E-003   4.7164485454433561E-003
   2.1500000000000004        2.9663625741590642E-003   1.8671833951003235E-003
   2.2500000000000000        1.3173750329343759E-003   6.4344488112591991E-004
   2.3500000000000005        5.4806251370156283E-004   1.9048269842984411E-004
   2.4500000000000002        2.1847500546187510E-004   4.7777812999579557E-005
   2.5499999999999998        7.8412501960312543E-005   1.0008516379954546E-005
   2.6500000000000004        2.8350000708750019E-005   1.7249298250952405E-006
   2.7500000000000000        9.3750002343750033E-006   2.4079998413106234E-007
   2.8500000000000005        3.6375000909375020E-006   2.6791017074256060E-008
   2.9500000000000002        1.4250000356250010E-006   2.3360036968812550E-009
   3.0499999999999998        3.7500000937500022E-007   1.5687462610925408E-010
