    0        0.000000000000        0.363725352632        0.463114752522
    1        0.300000000000        0.320323890283        0.004328547829
    2        0.600000000000        0.243282585394        0.001560086884
    3        0.900000000000        0.182217811539        0.001567119169
    4        1.200000000000        0.137268686511        0.000974587673
    5        1.500000000000        0.104121762503        0.000363488607
    6        1.800000000000        0.079888425973        0.000254629573
    7        2.100000000000        0.061479775312        0.000136736841
    8        2.400000000000        0.047489124324       -0.000141012511
    9        2.700000000000        0.036887059811        0.000193463701
   10        3.000000000000        0.028652820474        0.000391832383
   11        3.300000000000        0.022325475119        0.000924831216
   12        3.600000000000        0.017614696499        0.000226918524
   13        3.900000000000        0.013917250246        0.000039674009
   14        4.200000000000        0.010908230901        0.000560491241
   15        4.500000000000        0.008546775711       -0.000096098237
   16        4.800000000000        0.006889880491        0.000396697932
   17        5.100000000000        0.005478090039       -0.000213496620
   18        5.400000000000        0.004191750673        0.000255158442
   19        5.700000000000        0.003319722945       -0.000082202859
   20        6.000000000000        0.003016269014        0.000257995946
   21        6.300000000000        0.002678913121       -0.000000465767
   22        6.600000000000        0.002152018587        0.000423180201
   23        6.900000000000        0.001947020339        0.000076651478
   24        7.200000000000        0.001654640491        0.000493926208
   25        7.500000000000        0.001205952819        0.000535293555
   26        7.800000000000        0.001075999425       -0.000303155472
   27        8.100000000000        0.000975641453       -0.000236360924
   28        8.400000000000        0.000798942750        0.000127240460
   29        8.700000000000        0.000617892743       -0.000090157020
   30        9.000000000000        0.000421066079        0.000722673088
   31        9.300000000000        0.000265638284       -0.000732625597
   32        9.600000000000        0.000151931137       -0.000149526678
   33        9.900000000000        0.000008753494        0.000148308964
   34       10.200000000000       -0.000086663966       -0.000168440142
   35       10.500000000000       -0.000243381298        0.000146110102
   36       10.800000000000       -0.000262180451        0.000497027242
   37       11.100000000000       -0.000431811539       -0.000226521348
   38       11.400000000000       -0.000509233258        0.000099074204
   39       11.700000000000       -0.000537560418       -0.000657046238
   40       12.000000000000       -0.000584454663        0.000368701290
   41       12.300000000000       -0.000417662235        0.000322976020
   42       12.600000000000       -0.000469189142       -0.000343323426
   43       12.900000000000       -0.000264950375       -0.000171516785
   44       13.200000000000       -0.000004669985       -0.000171637001
   45       13.500000000000       -0.000070835513        0.000036400373
   46       13.800000000000        0.000017329886        0.000672334136
   47       14.100000000000        0.000011235889       -0.000250585780
   48       14.400000000000       -0.000107127347        0.000000691480
   49       14.700000000000       -0.000252101195       -0.000362438812
   50       15.000000000000       -0.000469536397       -0.000073320127
   51       15.300000000000       -0.000497902131       -0.000242890330
   52       15.600000000000       -0.000506353785        0.000054164816
   53       15.900000000000       -0.000517993174        0.000084414239
   54       16.200000000000       -0.000521285105       -0.000075124456
   55       16.500000000000       -0.000527676013        0.000076596488
   56       16.800000000000       -0.000565426524       -0.000518452353
   57       17.100000000000       -0.000494713598       -0.000033808340
   58       17.400000000000       -0.000312013136       -0.000316636175
   59       17.700000000000       -0.000203005859        0.000939089179
   60       18.000000000000        0.000066359387       -0.000108399754
   61       18.300000000000        0.000108836132       -0.000031008639
   62       18.600000000000        0.000099729955        0.000279770412
   63       18.900000000000        0.000223492376       -0.000422685799
   64       19.200000000000        0.000245393905        0.000333639653
   65       19.500000000000        0.000160458542        0.000717032365
   66       19.800000000000        0.000104865202        0.000099424899
   67       20.100000000000        0.000149128187        0.000728763755
   68       20.400000000000        0.000286575457       -0.000078662472
   69       20.700000000000        0.000259350603        0.000491918540
   70       21.000000000000        0.000087671371        0.000042244119
   71       21.300000000000        0.000033038028        0.000505099685
   72       21.600000000000        0.000116229167       -0.000008254016
   73       21.900000000000        0.000021231240        0.000434740788
   74       22.200000000000       -0.000253593236        0.000331830855
   75       22.500000000000       -0.000469174575       -0.000245011923
   76       22.800000000000       -0.000372762990        0.000619258599
   77       23.100000000000       -0.000188296597        0.000843514535
   78       23.400000000000       -0.000123748469       -0.000608950152
   79       23.700000000000        0.000108760561       -0.000457587820
   80       24.000000000000        0.000453113372        0.000013378444
   81       24.300000000000        0.000593255605       -0.000628156343
   82       24.600000000000        0.000329234566       -0.000393888559
   83       24.900000000000        0.000098012965        0.000044966570
   84       25.200000000000       -0.000000454179       -0.000819361607
   85       25.500000000000       -0.000112286286       -0.000292502874
   86       25.800000000000       -0.000093611284        0.000382084733
   87       26.100000000000       -0.000008989105        0.000337125334
   88       26.400000000000       -0.000014777308        0.000846464518
   89       26.700000000000       -0.000209777764       -0.000039252506
   90       27.000000000000       -0.000175392355       -0.000221121041
   91       27.300000000000        0.000110754192       -0.000489910030
   92       27.600000000000        0.000393567834       -0.000244093381
   93       27.900000000000        0.000642984840       -0.000450005929
   94       28.200000000000        0.000680432057        0.000088520083
   95       28.500000000000        0.000529535771       -0.000740830482
   96       28.800000000000        0.000557202978       -0.000258655768
   97       29.100000000000        0.000511332721        0.000532804615
   98       29.400000000000        0.000608660622        0.000180201451
   99       29.700000000000        0.000705718926        0.000426567824
  100       30.000000000000        0.000233110244        0.000624173781
  101       30.300000000000       -0.000181791115        0.000329882906
  102       30.600000000000       -0.000038121930       -0.000729607808
  103       30.900000000000        0.000181284165        0.000177765647
  104       31.200000000000        0.000250839194       -0.000143971412
  105       31.500000000000        0.000368214667        0.000634542171
  106       31.800000000000        0.000440967772       -0.000115428623
  107       32.100000000000        0.000120669617       -0.000374443825
  108       32.400000000000       -0.000201769808        0.000986908959
  109       32.700000000000       -0.000228798812        0.000237941329
  110       33.000000000000       -0.000099530506       -0.000251541648
  111       33.300000000000       -0.000074250099       -0.000232047753
  112       33.600000000000       -0.000263278133        0.000076079723
  113       33.900000000000       -0.000328955234       -0.000464180808
  114       34.200000000000       -0.000032653218        0.000701609795
  115       34.500000000000        0.000326186835       -0.000140541982
  116       34.800000000000        0.000278853597        0.000450609562
  117       35.100000000000        0.000061123850        0.000608027236
  118       35.400000000000       -0.000061457555       -0.001020330372
  119       35.700000000000       -0.000077768917       -0.000659702531
  120       36.000000000000        0.000152124644       -0.000363399761
  121       36.300000000000        0.000373565255       -0.000505427085
  122       36.600000000000        0.000249680324        0.000245155602
  123       36.900000000000        0.000140942137        0.000907583652
  124       37.200000000000        0.000349303754        0.001078327101
  125       37.500000000000        0.000653510987       -0.000099500379
  126       37.800000000000        0.000810524902       -0.000306504450
  127       38.100000000000        0.000459160313        0.000216266715
  128       38.400000000000       -0.000022661719        0.000199102275
  129       38.700000000000       -0.000246495830        0.000452444315
  130       39.000000000000       -0.000263484742       -0.000297001800
  131       39.300000000000       -0.000445067582        0.000522379401
  132       39.600000000000       -0.000387904770       -0.000460353249
  133       39.900000000000       -0.000182641722       -0.000861569162
  134       40.200000000000        0.000114180453       -0.000442498317
  135       40.500000000000        0.000263893766       -0.000168588316
  136       40.800000000000        0.000176932681        0.000398982940
  137       41.100000000000        0.000122056082       -0.000434208450
  138       41.400000000000        0.000138332086       -0.000139220106
  139       41.700000000000        0.000034837400        0.000520268018
  140       42.000000000000       -0.000075469859        0.000781422915
  141       42.300000000000       -0.000239209943       -0.000514775452
  142       42.600000000000       -0.000278620451        0.000434701825
  143       42.900000000000       -0.000239003948        0.000837329375
  144       43.200000000000       -0.000156771795        0.000260189524
  145       43.500000000000        0.000114885425       -0.000313460798
  146       43.800000000000        0.000256604551       -0.000172568858
  147       44.100000000000        0.000081431695        0.000197053652
  148       44.400000000000        0.000009054224        0.000217987028
  149       44.700000000000        0.000235084609       -0.000017319139
  150       45.000000000000        0.000365097339        0.000021816874
  151       45.300000000000        0.000312729599       -0.000091914006
  152       45.600000000000       -0.000032910553       -0.000143103326
  153       45.900000000000       -0.000174372627       -0.000475540952
  154       46.200000000000       -0.000069937673       -0.000741607002
  155       46.500000000000        0.000087771654        0.000111686437
  156       46.800000000000        0.000005085935        0.000291288634
  157       47.100000000000        0.000062462637       -0.001013440139
  158       47.400000000000        0.000508771880        0.000321395082
  159       47.700000000000        0.000610672822        0.000101896968
  160       48.000000000000        0.000259942431       -0.000449566154
  161       48.300000000000       -0.000023297928       -0.000183236946
  162       48.600000000000       -0.000239894406       -0.000761937231
  163       48.900000000000       -0.000261999490       -0.000317115964
  164       49.200000000000       -0.000182242984       -0.000211443750
  165       49.500000000000        0.000003650497        0.001013864814
  166       49.800000000000        0.000200748642       -0.001222850086
  167       50.100000000000        0.000247752937        0.000167854875
  168       50.400000000000        0.000069339346       -0.000015626948
  169       50.700000000000        0.000029073258        0.000253873132
  170       51.000000000000        0.000105067294       -0.000319083896
  171       51.300000000000        0.000094740727       -0.000095196840
  172       51.600000000000       -0.000214269506       -0.000248088692
  173       51.900000000000       -0.000472759099       -0.000907609466
  174       52.200000000000       -0.000464303540        0.000181067103
  175       52.500000000000       -0.000230043497        0.000389422425
  176       52.800000000000       -0.000066926219       -0.000018449203
  177       53.100000000000        0.000002368611        0.000323281491
  178       53.400000000000        0.000236341976        0.000474658017
  179       53.700000000000        0.000209117209        0.000859865017
  180       54.000000000000       -0.000100459545        0.000161735023
  181       54.300000000000       -0.000022204203        0.000033954592
  182       54.600000000000        0.000200155368       -0.000394666758
  183       54.900000000000        0.000246742978        0.000367116406
  184       55.200000000000        0.000024300548        0.001044898079
  185       55.500000000000        0.000061981789       -0.000004633991
  186       55.800000000000        0.000341541132        0.000477191078
  187       56.100000000000        0.000363715507       -0.000377798159
  188       56.400000000000        0.000243513384       -0.000045501830
  189       56.700000000000        0.000419132751        0.000099182016
  190       57.000000000000        0.000558447888       -0.000072913917
  191       57.300000000000        0.000529913651        0.000018817962
  192       57.600000000000        0.000245838657       -0.000642925493
  193       57.900000000000       -0.000114289413        0.000618825560
  194       58.200000000000       -0.000263222677        0.000794423477
  195       58.500000000000       -0.000212256957       -0.000001826387
  196       58.800000000000       -0.000023589766        0.000556974676
  197       59.100000000000        0.000168334321        0.000607823109
  198       59.400000000000        0.000519311576       -0.000755269915
  199       59.700000000000        0.000954789520       -0.000602491202
  200       60.000000000000        0.001164308550        0.000713654503
  201       60.300000000000        0.001209396413        0.000486024597
  202       60.600000000000        0.001064045538        0.000147303147
  203       60.900000000000        0.000551366108        0.000453119097
  204       61.200000000000        0.000159458664        0.000149763729
  205       61.500000000000        0.000160565768        0.000080486367
  206       61.800000000000        0.000145054360       -0.000112710131
  207       62.100000000000        0.000202633442        0.000575430605
  208       62.400000000000        0.000353275396       -0.000020461582
  209       62.700000000000        0.000263676222       -0.000789303534
  210       63.000000000000        0.000036505157       -0.000193849454
  211       63.300000000000       -0.000230201618       -0.000981634482
  212       63.600000000000       -0.000073209700       -0.000233219978
  213       63.900000000000        0.000019657145        0.000362656792
  214       64.200000000000       -0.000395629773       -0.000398780433
  215       64.500000000000       -0.000575863605        0.000385268673
  216       64.800000000000       -0.000445834606       -0.000618096416
  217       65.100000000000       -0.000373443625        0.000687933635
  218       65.400000000000       -0.000494239682       -0.000018649086
  219       65.700000000000       -0.000629832518        0.000766125401
  220       66.000000000000       -0.000506696069       -0.000387627401
  221       66.300000000000       -0.000541655684        0.000143204868
  222       66.600000000000       -0.000510129745       -0.001062915542
  223       66.900000000000       -0.000390622998       -0.000963283963
  224       67.200000000000       -0.000268996419        0.000911266726
  225       67.500000000000       -0.000194771751       -0.000325301905
  226       67.800000000000        0.000019542308       -0.000300721496
  227       68.100000000000       -0.000010520576       -0.000804113470
  228       68.400000000000       -0.000018027599       -0.001147480956
  229       68.700000000000       -0.000027368562       -0.000543290665
  230       69.000000000000        0.000002542482       -0.000794159397
  231       69.300000000000       -0.000134680188        0.000235526504
  232       69.600000000000       -0.000225728849        0.000003254561
  233       69.900000000000       -0.000124646490       -0.000605729935
  234       70.200000000000       -0.000023293045        0.000169432733
  235       70.500000000000       -0.000077832916        0.000390635145
  236       70.800000000000       -0.000200286218        0.000620374446
  237       71.100000000000       -0.000155224470        0.000473182409
  238       71.400000000000       -0.000101947893       -0.000080967802
  239       71.700000000000       -0.000178360218       -0.000438816101
  240       72.000000000000       -0.000350416402       -0.000558301527
  241       72.300000000000       -0.000450171516       -0.000517003744
  242       72.600000000000       -0.000390224482       -0.000202603420
  243       72.900000000000        0.000124341777        0.000238178483
  244       73.200000000000        0.000554935145        0.000398725239
  245       73.500000000000        0.000752765189        0.000105358554
  246       73.800000000000        0.000698810628       -0.000459287085
  247       74.100000000000        0.000497360991        0.000806676935
  248       74.400000000000        0.000406113160        0.000120863150
  249       74.700000000000        0.000129302931       -0.000727146782
  250       75.000000000000       -0.000174476354       -0.000044892824
  251       75.300000000000       -0.000337768664       -0.000348857891
  252       75.600000000000       -0.000235278613        0.000139738519
  253       75.900000000000        0.000012712945       -0.000468183845
  254       76.200000000000        0.000142842800        0.000038191730
  255       76.500000000000        0.000151843656        0.000676446814
  256       76.800000000000        0.000146462519       -0.000398854282
  257       77.100000000000        0.000074237599        0.000369210676
  258       77.400000000000        0.000115690387       -0.000083879150
  259       77.700000000000        0.000318231088        0.000432078654
  260       78.000000000000        0.000229444929       -0.000689975459
  261       78.300000000000       -0.000027605669        0.000097999083
  262       78.600000000000       -0.000099098924       -0.000012949056
  263       78.900000000000       -0.000036113261        0.000551395289
  264       79.200000000000        0.000053842602       -0.000757237410
  265       79.500000000000        0.000026163809        0.000440823261
  266       79.800000000000       -0.000158527900       -0.000317941686
  267       80.100000000000       -0.000148568264        0.000239459194
  268       80.400000000000       -0.000028566008       -0.000275913614
  269       80.700000000000       -0.000070971461       -0.000382094499
  270       81.000000000000       -0.000016896595        0.001054309375
  271       81.300000000000        0.000070036535       -0.000345745296
  272       81.600000000000        0.000116147464       -0.000302746506
  273       81.900000000000       -0.000007971316        0.000178777656
  274       82.200000000000       -0.000193681502        0.000720666921
  275       82.500000000000       -0.000110585360       -0.000923934183
  276       82.800000000000       -0.000091349764        0.000075592070
  277       83.100000000000       -0.000088760428        0.000067474024
  278       83.400000000000        0.000028436599       -0.000499035003
  279       83.700000000000        0.000061436958       -0.000207417527
  280       84.000000000000        0.000123104940       -0.000981355639
  281       84.300000000000        0.000012890547        0.000080255878
  282       84.600000000000       -0.000214016914       -0.000547271226
  283       84.900000000000       -0.000574836765        0.000261350293
  284       85.200000000000       -0.000676176957        0.000505508496
  285       85.500000000000       -0.000491045362       -0.000310906595
  286       85.800000000000       -0.000550241542        0.000603791170
  287       86.100000000000       -0.000520564937       -0.000245108964
  288       86.400000000000       -0.000318625562       -0.000150503263
  289       86.700000000000       -0.000043632910        0.000197923125
  290       87.000000000000        0.000051231595       -0.000011973583
  291       87.300000000000       -0.000228660142        0.000434382658
  292       87.600000000000       -0.000284166584        0.000159400787
  293       87.900000000000       -0.000263089113       -0.000027516276
  294       88.200000000000       -0.000266360239       -0.000692524322
  295       88.500000000000       -0.000091622443       -0.000354675977
  296       88.800000000000       -0.000039559461        0.000576118066
  297       89.100000000000        0.000075192704        0.000645261357
  298       89.400000000000       -0.000047819707        0.000803932272
  299       89.700000000000       -0.000464199443        0.000198415550
  300       90.000000000000       -0.000241908134       -0.000361967102
  301       90.300000000000        0.000224577143        0.000583540296
  302       90.600000000000        0.000449785131        0.000895165878
  303       90.900000000000        0.000309363046       -0.000964979038
  304       91.200000000000        0.000583700757        0.000298333418
  305       91.500000000000        0.000613327622        0.000675149681
  306       91.800000000000        0.000418936876        0.000232036893
  307       92.100000000000        0.000239015273        0.000418167041
  308       92.400000000000        0.000003686237       -0.000392067033
  309       92.700000000000       -0.000166551587        0.000540559276
  310       93.000000000000       -0.000038663619        0.000208646544
  311       93.300000000000        0.000111537643        0.000522999999
  312       93.600000000000        0.000224665918       -0.000338931594
  313       93.900000000000        0.000377638455       -0.000055655264
  314       94.200000000000        0.000450929447        0.000119367540
  315       94.500000000000        0.000281269354        0.000227070532
  316       94.800000000000        0.000055099022        0.000066210988
  317       95.100000000000        0.000033265049        0.000020156903
  318       95.400000000000        0.000094818647        0.000017779036
  319       95.700000000000        0.000337395412        0.000020893852
  320       96.000000000000        0.000622651484        0.000050071017
  321       96.300000000000        0.000434314174       -0.000594528610
  322       96.600000000000        0.000192434323       -0.000573694790
  323       96.900000000000        0.000309467372        0.000417878554
  324       97.200000000000        0.000343650778       -0.000095805727
  325       97.500000000000        0.000445807733       -0.000171019138
  326       97.800000000000        0.000731149367        0.000563334034
  327       98.100000000000        0.000884268331        0.000176732513
  328       98.400000000000        0.000717023537       -0.000093166629
  329       98.700000000000        0.000553538189        0.000208440753
  330       99.000000000000        0.000503356414        0.000581267570
  331       99.300000000000        0.000229661456        0.000007599140
  332       99.600000000000       -0.000090397588       -0.000046743081
  333       99.900000000000       -0.000135275588        0.000020760015
  334      100.200000000000       -0.000233416578       -0.000248045446
  335      100.500000000000       -0.000222908296        0.000494781792
  336      100.800000000000       -0.000088099635       -0.000657518575
  337      101.100000000000        0.000264960141        0.000605771573
  338      101.400000000000        0.000489540128        0.000067316145
  339      101.700000000000        0.000341429670        0.001005713454
  340      102.000000000000        0.000176026182        0.000384580472
  341      102.300000000000        0.000351537106        0.000626209693
  342      102.600000000000        0.000805108586        0.000992410328
  343      102.900000000000        0.000919783338        0.000183619921
  344      103.200000000000        0.000674646786        0.000118590843
  345      103.500000000000        0.000561810678        0.000109823641
  346      103.800000000000        0.000345075610        0.000660709288
  347      104.100000000000        0.000435993624       -0.000441874169
  348      104.400000000000        0.000694314897        0.000739203234
  349      104.700000000000        0.000664825314        0.000491088159
  350      105.000000000000        0.000614343328       -0.000706855426
  351      105.300000000000        0.000692190636        0.000625414145
  352      105.600000000000        0.000816282059       -0.000267822515
  353      105.900000000000        0.000768697378       -0.000464876885
  354      106.200000000000        0.000741454596        0.000524178761
  355      106.500000000000        0.000903308248       -0.000665173374
  356      106.800000000000        0.000770782741        0.000320360041
  357      107.100000000000        0.000573309693        0.000231207660
  358      107.400000000000        0.000274227673        0.000178272325
  359      107.700000000000        0.000271994261        0.000282013910
  360      108.000000000000        0.000286735901        0.000322632071
  361      108.300000000000        0.000039640567        0.000216666604
  362      108.600000000000       -0.000172839364       -0.000350828179
  363      108.900000000000       -0.000408967237        0.000085669816
  364      109.200000000000       -0.000304912456       -0.000356916248
  365      109.500000000000        0.000046603473       -0.000440202567
  366      109.800000000000        0.000069792453       -0.000377062684
  367      110.100000000000       -0.000300404921       -0.000718549375
  368      110.400000000000       -0.000654910986       -0.000628048562
  369      110.700000000000       -0.000820408078       -0.000881759511
  370      111.000000000000       -0.000757713835       -0.000309093307
  371      111.300000000000       -0.000588714434       -0.000142107384
  372      111.600000000000       -0.000361938670        0.001114894476
  373      111.900000000000       -0.000067356506        0.000140814573
  374      112.200000000000       -0.000160701281       -0.000075502679
  375      112.500000000000       -0.000169804037        0.000091809253
  376      112.800000000000        0.000005518334       -0.000860861472
  377      113.100000000000       -0.000121257598       -0.000504348528
  378      113.400000000000       -0.000249029149       -0.000105978193
  379      113.700000000000       -0.000179884882       -0.000215862239
  380      114.000000000000       -0.000117882222       -0.000296574024
  381      114.300000000000       -0.000042403624        0.000783572628
  382      114.600000000000        0.000049826253       -0.000493208852
  383      114.900000000000        0.000002025148       -0.000085498693
  384      115.200000000000       -0.000381740305       -0.000123684214
  385      115.500000000000       -0.000736418338        0.000609410280
  386      115.800000000000       -0.000648075552       -0.000160476869
  387      116.100000000000       -0.000483964512       -0.000680263031
  388      116.400000000000       -0.000396178480       -0.000023413040
  389      116.700000000000       -0.000287355267        0.000164325988
  390      117.000000000000       -0.000074550013        0.000436784826
  391      117.300000000000        0.000042803279        0.000542398360
  392      117.600000000000        0.000300170141        0.000234486885
  393      117.900000000000        0.000473912920       -0.000006826891
  394      118.200000000000        0.000235137888        0.000492238091
  395      118.500000000000       -0.000059689767       -0.000131743061
  396      118.800000000000       -0.000288582177       -0.000293503574
  397      119.100000000000       -0.000357636319       -0.000358232693
  398      119.400000000000       -0.000499491170        0.001085556327
  399      119.700000000000       -0.000482133083       -0.000841011791
