      00      1.00118157
      01      0.88029430
      02      0.67406119
      03      0.51587715
      04      0.39422314
      05      0.30131293
      06      0.23035679
      07      0.17618149
      08      0.13496909
      09      0.10313419
      10      0.07900248
      11      0.06059053
      12      0.04653440
      13      0.03572968
      14      0.02710518
      15      0.02085852
      16      0.01583315
      17      0.01149077
      18      0.00840465
      19      0.00608018
      20      0.00459978
      21      0.00342175
      22      0.00237443
      23      0.00215562
      24      0.00195262
      25      0.00157772
      26      0.00123283
      27      0.00088476
      28      0.00040767
      29      0.00015102
      30      0.00025277
      31      0.00027591
      32      0.00041405
      33      0.00048263
      34      0.00016704
      35      0.00006055
      36     -0.00010450
      37     -0.00021343
      38     -0.00018073
      39     -0.00015979
      40      0.00011025
      41      0.00024663
      42      0.00008011
      43      0.00009596
      44      0.00004535
      45      0.00003720
      46      0.00016923
      47      0.00040820
      48      0.00040831
      49      0.00014934

