      dt   gamma          ep_ave          ep_std        cortimep    cortimep_std          ek_ave          ek_std        cortimek    cortimek_std
    0.05    0.01      0.50050527      0.00033734    995.44857259     14.69859346      0.50019408      0.00033613    984.62146308     16.03608982
    0.05    0.10      0.50018412      0.00014052    100.79589660      0.65483715      0.49989002      0.00014133    100.33647808      0.59646201
    0.05    0.20      0.50005206      0.00011438     51.91804836      0.23262609      0.49970912      0.00011683     50.74088563      0.25479797
    0.05    0.40      0.49987705      0.00010723     29.39293094      0.06732160      0.49957515      0.00008845     25.51587595      0.05734447
    0.05    0.60      0.50006878      0.00007044     23.05642702      0.05099309      0.49974911      0.00005598     17.18224693      0.06539187
    0.05    0.80      0.49983456      0.00007408     21.05270175      0.05199130      0.49963695      0.00004068     12.97189662      0.02485832
    0.05    1.00      0.49987501      0.00005696     20.48097043      0.02053367      0.49960489      0.00004056     10.46449587      0.02259255
    0.05    1.20      0.50002773      0.00008452     20.86840950      0.02778739      0.49968949      0.00005734      8.80141811      0.02151490
    0.05    1.40      0.50001664      0.00008446     21.61442241      0.02062931      0.49974697      0.00004346      7.68341582      0.01621962
    0.05    1.60      0.50015584      0.00007561     22.74496664      0.02156763      0.49976084      0.00002931      6.77200741      0.01319458
    0.05    1.80      0.49991470      0.00006889     24.04065830      0.01453063      0.49966728      0.00004433      6.05245924      0.01406658
    0.05    2.00      0.50007418      0.00007207     25.45956745      0.01606609      0.49966522      0.00003097      5.51684727      0.01782570
    0.05   10.00      0.49977187      0.00017045    100.33904536      0.31040124      0.49966337      0.00001256      1.54457426      0.22222593
    0.05  100.00      0.49975306      0.00028174    391.84969934      3.08084721      0.49970140      0.00001291      2.34474370      1.90803677
    0.05 1000.00      0.49960185      0.00037221    399.42965874      2.44677881      0.49968309      0.00000878      1.86721567      2.12110034
    0.0510000.00      0.49993234      0.00041509    400.60121757      1.54409197      0.49968673      0.00001397      0.17469692      1.36325391
