       0      0.99885637
       1      0.99771745
       2      0.99533707
       3      0.99300117
       4      0.99055218
       5      0.98812923
       6      0.98573283
       7      0.98314272
       8      0.98060032
       9      0.97812033
      10      0.97559993
      11      0.97321969
      12      0.97090209
      13      0.96858822
      14      0.96623613
      15      0.96366409
      16      0.96124928
      17      0.95911748
      18      0.95679810
      19      0.95435617
      20      0.95183757
      21      0.94934820
      22      0.94700751
      23      0.94468658
      24      0.94242908
      25      0.94013512
      26      0.93766451
      27      0.93517143
      28      0.93273607
      29      0.93033809
      30      0.92802774
      31      0.92564825
      32      0.92323680
      33      0.92097750
      34      0.91874055
      35      0.91649016
      36      0.91418873
      37      0.91184944
      38      0.90961374
      39      0.90734801
      40      0.90508073
      41      0.90284486
      42      0.90057337
      43      0.89820136
      44      0.89578244
      45      0.89346892
      46      0.89116014
      47      0.88883294
      48      0.88667491
      49      0.88454209
      50      0.88229388
      51      0.88010174
      52      0.87787458
      53      0.87569724
      54      0.87353000
      55      0.87128329
      56      0.86922886
      57      0.86719008
      58      0.86518290
      59      0.86327441
      60      0.86122434
      61      0.85907523
      62      0.85699262
      63      0.85496333
      64      0.85290354
      65      0.85069870
      66      0.84850029
      67      0.84644148
      68      0.84438364
      69      0.84226696
      70      0.84004276
      71      0.83793327
      72      0.83586360
      73      0.83372363
      74      0.83170166
      75      0.82969844
      76      0.82767224
      77      0.82565353
      78      0.82353065
      79      0.82143076
      80      0.81943693
      81      0.81750037
      82      0.81548268
      83      0.81340262
      84      0.81137915
      85      0.80940585
      86      0.80738009
      87      0.80540299
      88      0.80354760
      89      0.80166026
      90      0.79959689
      91      0.79742941
      92      0.79537512
      93      0.79338096
      94      0.79146821
      95      0.78951119
      96      0.78749652
      97      0.78543831
      98      0.78332182
      99      0.78130861
     100      0.77948464
     101      0.77763790
     102      0.77561622
     103      0.77362831
     104      0.77169360
     105      0.76993548
     106      0.76821295
     107      0.76630376
     108      0.76433526
     109      0.76223039
     110      0.76019197
     111      0.75813672
     112      0.75602057
     113      0.75423037
     114      0.75251306
     115      0.75054377
     116      0.74853747
     117      0.74676727
     118      0.74506974
     119      0.74316705
     120      0.74125053
     121      0.73931735
     122      0.73741535
     123      0.73564199
     124      0.73386622
     125      0.73218449
     126      0.73045530
     127      0.72846949
     128      0.72642573
     129      0.72455744
     130      0.72275553
     131      0.72096546
     132      0.71914480
     133      0.71732346
     134      0.71554333
     135      0.71368198
     136      0.71179672
     137      0.71002535
     138      0.70827626
     139      0.70641109
     140      0.70452551
     141      0.70285650
     142      0.70129265
     143      0.69971443
     144      0.69812805
     145      0.69648785
     146      0.69480209
     147      0.69316223
     148      0.69154556
     149      0.68984165
     150      0.68812807
     151      0.68634256
     152      0.68454864
     153      0.68281289
     154      0.68104941
     155      0.67933846
     156      0.67769718
     157      0.67611214
     158      0.67462291
     159      0.67295269
     160      0.67125181
     161      0.66965397
     162      0.66796572
     163      0.66625279
     164      0.66462416
     165      0.66313608
     166      0.66160636
     167      0.66000030
     168      0.65843963
     169      0.65690135
     170      0.65534366
     171      0.65378459
     172      0.65208137
     173      0.65049898
     174      0.64914836
     175      0.64761029
     176      0.64594587
     177      0.64436139
     178      0.64288692
     179      0.64133328
     180      0.63958471
     181      0.63796340
     182      0.63648702
     183      0.63487421
     184      0.63324457
     185      0.63176480
     186      0.63026196
     187      0.62865844
     188      0.62702661
     189      0.62544553
     190      0.62388260
     191      0.62226651
     192      0.62068244
     193      0.61916883
     194      0.61770070
     195      0.61616751
     196      0.61452277
     197      0.61294557
     198      0.61142837
     199      0.60989495
     200      0.60839753
     201      0.60702721
     202      0.60571087
     203      0.60416435
     204      0.60264026
     205      0.60128340
     206      0.59976410
     207      0.59818428
     208      0.59670291
     209      0.59517972
     210      0.59379826
     211      0.59239251
     212      0.59074193
     213      0.58911924
     214      0.58761534
     215      0.58615846
     216      0.58460217
     217      0.58314365
     218      0.58164768
     219      0.58012189
     220      0.57871295
     221      0.57729142
     222      0.57587309
     223      0.57446914
     224      0.57303314
     225      0.57157448
     226      0.57017544
     227      0.56870865
     228      0.56724055
     229      0.56579534
     230      0.56432435
     231      0.56288656
     232      0.56147691
     233      0.56012340
     234      0.55875396
     235      0.55726189
     236      0.55579824
     237      0.55436891
     238      0.55300331
     239      0.55155484
     240      0.55005091
     241      0.54860389
     242      0.54712511
     243      0.54575539
     244      0.54434274
     245      0.54294196
     246      0.54154090
     247      0.54011740
     248      0.53873048
     249      0.53728792
     250      0.53584316
     251      0.53447690
     252      0.53318547
     253      0.53189849
     254      0.53071577
     255      0.52954189
     256      0.52814216
     257      0.52673953
     258      0.52534269
     259      0.52395125
     260      0.52272072
     261      0.52150010
     262      0.52020606
     263      0.51891421
     264      0.51762587
     265      0.51626928
     266      0.51486836
     267      0.51354661
     268      0.51226822
     269      0.51092076
     270      0.50972855
     271      0.50861645
     272      0.50730995
     273      0.50600953
     274      0.50477625
     275      0.50347665
     276      0.50218149
     277      0.50089865
     278      0.49966126
     279      0.49848195
     280      0.49732194
     281      0.49614598
     282      0.49493523
     283      0.49370790
     284      0.49236528
     285      0.49099763
     286      0.48973659
     287      0.48853633
     288      0.48739731
     289      0.48620510
     290      0.48497272
     291      0.48377312
     292      0.48258261
     293      0.48149174
     294      0.48036225
     295      0.47913035
     296      0.47795557
     297      0.47685275
     298      0.47581653
     299      0.47455560
     300      0.47316550
     301      0.47187660
     302      0.47067072
     303      0.46948396
     304      0.46828439
     305      0.46715565
     306      0.46600323
     307      0.46482346
     308      0.46363942
     309      0.46240802
     310      0.46122897
     311      0.46006637
     312      0.45888529
     313      0.45780618
     314      0.45671244
     315      0.45553175
     316      0.45428404
     317      0.45305103
     318      0.45196559
     319      0.45094333
     320      0.44977556
     321      0.44871169
     322      0.44773895
     323      0.44667200
     324      0.44561370
     325      0.44455364
     326      0.44337303
     327      0.44212125
     328      0.44105775
     329      0.44000176
     330      0.43885022
     331      0.43779288
     332      0.43676509
     333      0.43573771
     334      0.43474605
     335      0.43366362
     336      0.43259776
     337      0.43148152
     338      0.43025247
     339      0.42913052
     340      0.42805716
     341      0.42691144
     342      0.42582120
     343      0.42487611
     344      0.42387300
     345      0.42274885
     346      0.42161221
     347      0.42062275
     348      0.41968290
     349      0.41857178
     350      0.41738475
     351      0.41629824
     352      0.41524436
     353      0.41422973
     354      0.41336545
     355      0.41245975
     356      0.41140572
     357      0.41033023
     358      0.40929948
     359      0.40835185
     360      0.40742976
     361      0.40647880
     362      0.40548410
     363      0.40447482
     364      0.40352210
     365      0.40264041
     366      0.40171611
     367      0.40061295
     368      0.39955955
     369      0.39856202
     370      0.39754975
     371      0.39653882
     372      0.39553751
     373      0.39459909
     374      0.39370474
     375      0.39271943
     376      0.39166687
     377      0.39061566
     378      0.38956688
     379      0.38852805
     380      0.38753904
     381      0.38661624
     382      0.38574213
     383      0.38474338
     384      0.38368014
     385      0.38266811
     386      0.38170575
     387      0.38083492
     388      0.37991759
     389      0.37900023
     390      0.37805676
     391      0.37705849
     392      0.37608400
     393      0.37510662
     394      0.37411402
     395      0.37314704
     396      0.37226129
     397      0.37140586
     398      0.37056802
     399      0.36975482
     400      0.36881630
     401      0.36795612
     402      0.36719864
     403      0.36625875
     404      0.36537685
     405      0.36454469
     406      0.36356089
     407      0.36270437
     408      0.36192306
     409      0.36104456
     410      0.36006696
     411      0.35902288
     412      0.35800107
     413      0.35707375
     414      0.35616809
     415      0.35519861
     416      0.35427570
     417      0.35338749
     418      0.35252624
     419      0.35177016
     420      0.35100967
     421      0.35009253
     422      0.34916954
     423      0.34831507
     424      0.34747575
     425      0.34661900
     426      0.34570966
     427      0.34485660
     428      0.34400954
     429      0.34307392
     430      0.34211755
     431      0.34119777
     432      0.34035594
     433      0.33949147
     434      0.33855497
     435      0.33762380
     436      0.33670543
     437      0.33584679
     438      0.33494194
     439      0.33416586
     440      0.33343199
     441      0.33252069
     442      0.33167595
     443      0.33098666
     444      0.33032390
     445      0.32950685
     446      0.32866595
     447      0.32783503
     448      0.32701073
     449      0.32619740
     450      0.32543859
     451      0.32467897
     452      0.32396242
     453      0.32329161
     454      0.32251915
     455      0.32171660
     456      0.32092451
     457      0.32014835
     458      0.31934959
     459      0.31857244
     460      0.31776862
     461      0.31693082
     462      0.31622022
     463      0.31555928
     464      0.31487784
     465      0.31407421
     466      0.31328216
     467      0.31252403
     468      0.31165078
     469      0.31089009
     470      0.31020452
     471      0.30949357
     472      0.30874425
     473      0.30803435
     474      0.30732421
     475      0.30649744
     476      0.30563528
     477      0.30481333
     478      0.30400026
     479      0.30324721
     480      0.30247456
     481      0.30170717
     482      0.30105670
     483      0.30039796
     484      0.29965237
     485      0.29881898
     486      0.29795000
     487      0.29716211
     488      0.29645795
     489      0.29570284
     490      0.29499546
     491      0.29426749
     492      0.29347257
     493      0.29277442
     494      0.29207988
     495      0.29134402
     496      0.29068714
     497      0.28999884
     498      0.28931275
     499      0.28860694
     500      0.28787040
     501      0.28713282
     502      0.28634343
     503      0.28567058
     504      0.28500041
     505      0.28419747
     506      0.28332756
     507      0.28258522
     508      0.28186365
     509      0.28103535
     510      0.28025165
     511      0.27951817
     512      0.27881915
     513      0.27816863
     514      0.27749793
     515      0.27688336
     516      0.27638221
     517      0.27579334
     518      0.27508139
     519      0.27435413
     520      0.27363763
     521      0.27296490
     522      0.27233864
     523      0.27175816
     524      0.27117119
     525      0.27042601
     526      0.26964986
     527      0.26905420
     528      0.26844291
     529      0.26775747
     530      0.26711410
     531      0.26646060
     532      0.26575946
     533      0.26512490
     534      0.26447276
     535      0.26379565
     536      0.26312036
     537      0.26240152
     538      0.26168990
     539      0.26103746
     540      0.26044423
     541      0.25971768
     542      0.25893207
     543      0.25829030
     544      0.25769477
     545      0.25706000
     546      0.25649888
     547      0.25589569
     548      0.25520105
     549      0.25447846
     550      0.25374696
     551      0.25309501
     552      0.25248587
     553      0.25181686
     554      0.25115556
     555      0.25066849
     556      0.25011767
     557      0.24945088
     558      0.24884916
     559      0.24826896
     560      0.24767364
     561      0.24703648
     562      0.24631442
     563      0.24566095
     564      0.24511510
     565      0.24450364
     566      0.24377087
     567      0.24308554
     568      0.24258422
     569      0.24205039
     570      0.24149251
     571      0.24100988
     572      0.24052257
     573      0.24002608
     574      0.23941007
     575      0.23869625
     576      0.23805908
     577      0.23747025
     578      0.23692812
     579      0.23639864
     580      0.23577980
     581      0.23515884
     582      0.23461368
     583      0.23409063
     584      0.23363096
     585      0.23313230
     586      0.23249275
     587      0.23186989
     588      0.23129495
     589      0.23079631
     590      0.23030588
     591      0.22974529
     592      0.22921022
     593      0.22868294
     594      0.22808780
     595      0.22746150
     596      0.22692658
     597      0.22649089
     598      0.22594015
     599      0.22533488
     600      0.22483034
     601      0.22429084
     602      0.22383670
     603      0.22343200
     604      0.22284412
     605      0.22226697
     606      0.22173203
     607      0.22117099
     608      0.22055725
     609      0.21995298
     610      0.21943874
     611      0.21888570
     612      0.21827331
     613      0.21769793
     614      0.21718095
     615      0.21666842
     616      0.21610726
     617      0.21557820
     618      0.21509755
     619      0.21455965
     620      0.21399384
     621      0.21348175
     622      0.21302387
     623      0.21251197
     624      0.21195281
     625      0.21144090
     626      0.21092969
     627      0.21039349
     628      0.20984735
     629      0.20931034
     630      0.20880377
     631      0.20828784
     632      0.20776185
     633      0.20722298
     634      0.20669885
     635      0.20621615
     636      0.20571742
     637      0.20510754
     638      0.20448879
     639      0.20405201
     640      0.20360950
     641      0.20305971
     642      0.20259952
     643      0.20216949
     644      0.20171646
     645      0.20129620
     646      0.20079642
     647      0.20020412
     648      0.19958469
     649      0.19905979
     650      0.19864854
     651      0.19815777
     652      0.19761763
     653      0.19712225
     654      0.19660581
     655      0.19609292
     656      0.19554208
     657      0.19498700
     658      0.19450070
     659      0.19405691
     660      0.19361897
     661      0.19313733
     662      0.19263704
     663      0.19216016
     664      0.19160937
     665      0.19109839
     666      0.19069890
     667      0.19031579
     668      0.18984116
     669      0.18927203
     670      0.18878737
     671      0.18825898
     672      0.18773680
     673      0.18725204
     674      0.18676178
     675      0.18631078
     676      0.18582945
     677      0.18528363
     678      0.18469473
     679      0.18412657
     680      0.18366916
     681      0.18322699
     682      0.18276663
     683      0.18229866
     684      0.18182096
     685      0.18140713
     686      0.18100927
     687      0.18054072
     688      0.18002992
     689      0.17954206
     690      0.17910971
     691      0.17877704
     692      0.17838468
     693      0.17797210
     694      0.17752404
     695      0.17708543
     696      0.17666645
     697      0.17622182
     698      0.17578007
     699      0.17535202
     700      0.17498100
     701      0.17456154
     702      0.17418776
     703      0.17389969
     704      0.17353739
     705      0.17310685
     706      0.17269906
     707      0.17220377
     708      0.17157312
     709      0.17094866
     710      0.17044458
     711      0.17004297
     712      0.16961261
     713      0.16921114
     714      0.16888643
     715      0.16843355
     716      0.16789163
     717      0.16743031
     718      0.16694740
     719      0.16651232
     720      0.16612742
     721      0.16581944
     722      0.16554024
     723      0.16515236
     724      0.16475228
     725      0.16434150
     726      0.16394966
     727      0.16360564
     728      0.16330978
     729      0.16299939
     730      0.16256326
     731      0.16208215
     732      0.16167825
     733      0.16131593
     734      0.16095426
     735      0.16061082
     736      0.16027840
     737      0.15985058
     738      0.15938180
     739      0.15901648
     740      0.15872011
     741      0.15839207
     742      0.15803637
     743      0.15771086
     744      0.15731878
     745      0.15688885
     746      0.15651135
     747      0.15613520
     748      0.15572636
     749      0.15529264
     750      0.15490766
     751      0.15455582
     752      0.15418599
     753      0.15383149
     754      0.15351704
     755      0.15310152
     756      0.15264339
     757      0.15232410
     758      0.15201974
     759      0.15168143
     760      0.15139097
     761      0.15107006
     762      0.15079551
     763      0.15051845
     764      0.15022718
     765      0.15003979
     766      0.14974150
     767      0.14933416
     768      0.14901247
     769      0.14869505
     770      0.14831032
     771      0.14803191
     772      0.14766257
     773      0.14722467
     774      0.14688066
     775      0.14651218
     776      0.14618184
     777      0.14587320
     778      0.14548071
     779      0.14504569
     780      0.14470530
     781      0.14439760
     782      0.14404547
     783      0.14364774
     784      0.14325732
     785      0.14292218
     786      0.14263680
     787      0.14235354
     788      0.14202465
     789      0.14172412
     790      0.14145026
     791      0.14115206
     792      0.14076240
     793      0.14030742
     794      0.13998293
     795      0.13976251
     796      0.13950860
     797      0.13913760
     798      0.13871868
     799      0.13834460
     800      0.13806525
     801      0.13787715
     802      0.13763116
     803      0.13731904
     804      0.13701127
     805      0.13669778
     806      0.13642090
     807      0.13619149
     808      0.13596155
     809      0.13563618
     810      0.13529997
     811      0.13498199
     812      0.13460203
     813      0.13423620
     814      0.13392254
     815      0.13365004
     816      0.13332274
     817      0.13286930
     818      0.13235555
     819      0.13199077
     820      0.13176767
     821      0.13159942
     822      0.13140356
     823      0.13112950
     824      0.13079367
     825      0.13041242
     826      0.13009348
     827      0.12980653
     828      0.12951198
     829      0.12922283
     830      0.12897098
     831      0.12869742
     832      0.12835957
     833      0.12799295
     834      0.12765902
     835      0.12729719
     836      0.12689735
     837      0.12660153
     838      0.12634215
     839      0.12603945
     840      0.12569827
     841      0.12536901
     842      0.12514146
     843      0.12483454
     844      0.12455347
     845      0.12436389
     846      0.12415294
     847      0.12394671
     848      0.12365078
     849      0.12324515
     850      0.12292743
     851      0.12267275
     852      0.12236277
     853      0.12201296
     854      0.12174706
     855      0.12158010
     856      0.12134043
     857      0.12104846
     858      0.12070899
     859      0.12038668
     860      0.12009111
     861      0.11980132
     862      0.11949547
     863      0.11908434
     864      0.11873389
     865      0.11855684
     866      0.11830902
     867      0.11799657
     868      0.11768220
     869      0.11739036
     870      0.11706377
     871      0.11663857
     872      0.11629994
     873      0.11609398
     874      0.11592229
     875      0.11560968
     876      0.11529727
     877      0.11501036
     878      0.11465780
     879      0.11432352
     880      0.11407599
     881      0.11386414
     882      0.11355649
     883      0.11325416
     884      0.11291319
     885      0.11250548
     886      0.11216825
     887      0.11192226
     888      0.11170505
     889      0.11147723
     890      0.11123918
     891      0.11102236
     892      0.11075582
     893      0.11044535
     894      0.11014519
     895      0.10988971
     896      0.10964975
     897      0.10934407
     898      0.10910173
     899      0.10880884
     900      0.10837656
     901      0.10803689
     902      0.10774937
     903      0.10739718
     904      0.10708227
     905      0.10680482
     906      0.10647320
     907      0.10616679
     908      0.10593163
     909      0.10573918
     910      0.10553960
     911      0.10526292
     912      0.10503026
     913      0.10479742
     914      0.10452977
     915      0.10431589
     916      0.10404688
     917      0.10375973
     918      0.10346384
     919      0.10317234
     920      0.10286688
     921      0.10255860
     922      0.10228898
     923      0.10204609
     924      0.10180925
     925      0.10154320
     926      0.10121236
     927      0.10086244
     928      0.10057394
     929      0.10030743
     930      0.10008868
     931      0.09978372
     932      0.09943629
     933      0.09920092
     934      0.09897098
     935      0.09875576
     936      0.09853615
     937      0.09832538
     938      0.09808730
     939      0.09779855
     940      0.09751514
     941      0.09721806
     942      0.09690692
     943      0.09663536
     944      0.09648452
     945      0.09631530
     946      0.09612672
     947      0.09595071
     948      0.09567923
     949      0.09531035
     950      0.09497514
     951      0.09480684
     952      0.09458625
     953      0.09426145
     954      0.09405679
     955      0.09384034
     956      0.09356281
     957      0.09332438
     958      0.09317266
     959      0.09310634
     960      0.09294536
     961      0.09262694
     962      0.09234900
     963      0.09217928
     964      0.09191207
     965      0.09162356
     966      0.09140405
     967      0.09119570
     968      0.09103106
     969      0.09083092
     970      0.09057949
     971      0.09039049
     972      0.09020872
     973      0.08998416
     974      0.08965823
     975      0.08932574
     976      0.08911417
     977      0.08886393
     978      0.08860954
     979      0.08836090
     980      0.08809432
     981      0.08789207
     982      0.08764998
     983      0.08730297
     984      0.08692003
     985      0.08664201
     986      0.08635853
     987      0.08605622
     988      0.08586434
     989      0.08567331
     990      0.08545040
     991      0.08529364
     992      0.08523479
     993      0.08515955
     994      0.08503881
     995      0.08490797
     996      0.08471696
     997      0.08450339
     998      0.08429256
     999      0.08407190
    1000      0.08392141
    1001      0.08381105
    1002      0.08364253
    1003      0.08345505
    1004      0.08331178
    1005      0.08316070
    1006      0.08300556
    1007      0.08281243
    1008      0.08255499
    1009      0.08227416
    1010      0.08191226
    1011      0.08163641
    1012      0.08146904
    1013      0.08128302
    1014      0.08116703
    1015      0.08100149
    1016      0.08077516
    1017      0.08053189
    1018      0.08028770
    1019      0.08000346
    1020      0.07978475
    1021      0.07953465
    1022      0.07932936
    1023      0.07928994
    1024      0.07913489
    1025      0.07891070
    1026      0.07873220
    1027      0.07858857
    1028      0.07842002
    1029      0.07823180
    1030      0.07809983
    1031      0.07791367
    1032      0.07763959
    1033      0.07742023
    1034      0.07723458
    1035      0.07708226
    1036      0.07696798
    1037      0.07683644
    1038      0.07668349
    1039      0.07650638
    1040      0.07631655
    1041      0.07615417
    1042      0.07605013
    1043      0.07593703
    1044      0.07579584
    1045      0.07569885
    1046      0.07556510
    1047      0.07544944
    1048      0.07537761
    1049      0.07525649
    1050      0.07508707
    1051      0.07490080
    1052      0.07472969
    1053      0.07454942
    1054      0.07434563
    1055      0.07411588
    1056      0.07382640
    1057      0.07353617
    1058      0.07328235
    1059      0.07300371
    1060      0.07279561
    1061      0.07262886
    1062      0.07244067
    1063      0.07225489
    1064      0.07202038
    1065      0.07175146
    1066      0.07159937
    1067      0.07147629
    1068      0.07127594
    1069      0.07108072
    1070      0.07087389
    1071      0.07068406
    1072      0.07048840
    1073      0.07024175
    1074      0.06999368
    1075      0.06978546
    1076      0.06962903
    1077      0.06947735
    1078      0.06925746
    1079      0.06907536
    1080      0.06891600
    1081      0.06871602
    1082      0.06851107
    1083      0.06827987
    1084      0.06803961
    1085      0.06779391
    1086      0.06761263
    1087      0.06747294
    1088      0.06731856
    1089      0.06717378
    1090      0.06706063
    1091      0.06686719
    1092      0.06667515
    1093      0.06660232
    1094      0.06651424
    1095      0.06642553
    1096      0.06628717
    1097      0.06607085
    1098      0.06591019
    1099      0.06579771
    1100      0.06563992
    1101      0.06537824
    1102      0.06519854
    1103      0.06506285
    1104      0.06482735
    1105      0.06469939
    1106      0.06462992
    1107      0.06444962
    1108      0.06428801
    1109      0.06412710
    1110      0.06394540
    1111      0.06376532
    1112      0.06348465
    1113      0.06321664
    1114      0.06306969
    1115      0.06298051
    1116      0.06289412
    1117      0.06281602
    1118      0.06276572
    1119      0.06271070
    1120      0.06260881
    1121      0.06247593
    1122      0.06231329
    1123      0.06218308
    1124      0.06202792
    1125      0.06183285
    1126      0.06164839
    1127      0.06140706
    1128      0.06118975
    1129      0.06104613
    1130      0.06092248
    1131      0.06071207
    1132      0.06047474
    1133      0.06027950
    1134      0.06009207
    1135      0.05988937
    1136      0.05964015
    1137      0.05942803
    1138      0.05931109
    1139      0.05926497
    1140      0.05924219
    1141      0.05918879
    1142      0.05906819
    1143      0.05891561
    1144      0.05879689
    1145      0.05870324
    1146      0.05863988
    1147      0.05853478
    1148      0.05835359
    1149      0.05819246
    1150      0.05802867
    1151      0.05780336
    1152      0.05763564
    1153      0.05754004
    1154      0.05741578
    1155      0.05723923
    1156      0.05705430
    1157      0.05694381
    1158      0.05687556
    1159      0.05674190
    1160      0.05653852
    1161      0.05639092
    1162      0.05628647
    1163      0.05614925
    1164      0.05595613
    1165      0.05571713
    1166      0.05552691
    1167      0.05539580
    1168      0.05524888
    1169      0.05505606
    1170      0.05493797
    1171      0.05483579
    1172      0.05468470
    1173      0.05450665
    1174      0.05429192
    1175      0.05416212
    1176      0.05410910
    1177      0.05408653
    1178      0.05405054
    1179      0.05392225
    1180      0.05380231
    1181      0.05373050
    1182      0.05360746
    1183      0.05347326
    1184      0.05333278
    1185      0.05314972
    1186      0.05304526
    1187      0.05296038
    1188      0.05280388
    1189      0.05264326
    1190      0.05254056
    1191      0.05245111
    1192      0.05235600
    1193      0.05223768
    1194      0.05214441
    1195      0.05207516
    1196      0.05191540
    1197      0.05172764
    1198      0.05161349
    1199      0.05155031
    1200      0.05147090
    1201      0.05135045
    1202      0.05120861
    1203      0.05105700
    1204      0.05083364
    1205      0.05068768
    1206      0.05060072
    1207      0.05043023
    1208      0.05025900
    1209      0.05005861
    1210      0.04985526
    1211      0.04970576
    1212      0.04959312
    1213      0.04950631
    1214      0.04942418
    1215      0.04937080
    1216      0.04927348
    1217      0.04910248
    1218      0.04893261
    1219      0.04872414
    1220      0.04850464
    1221      0.04840359
    1222      0.04835088
    1223      0.04817338
    1224      0.04799670
    1225      0.04794628
    1226      0.04782860
    1227      0.04765330
    1228      0.04752828
    1229      0.04739067
    1230      0.04723260
    1231      0.04715024
    1232      0.04705478
    1233      0.04686317
    1234      0.04661828
    1235      0.04639615
    1236      0.04622121
    1237      0.04609611
    1238      0.04604561
    1239      0.04596542
    1240      0.04585347
    1241      0.04569951
    1242      0.04555607
    1243      0.04548894
    1244      0.04541439
    1245      0.04529424
    1246      0.04515213
    1247      0.04506327
    1248      0.04497546
    1249      0.04485807
    1250      0.04476783
    1251      0.04469130
    1252      0.04458221
    1253      0.04442986
    1254      0.04431320
    1255      0.04419207
    1256      0.04397983
    1257      0.04377351
    1258      0.04367386
    1259      0.04352355
    1260      0.04341616
    1261      0.04334794
    1262      0.04324571
    1263      0.04321858
    1264      0.04318296
    1265      0.04311140
    1266      0.04298066
    1267      0.04281402
    1268      0.04264365
    1269      0.04244985
    1270      0.04224892
    1271      0.04206335
    1272      0.04188789
    1273      0.04173237
    1274      0.04166561
    1275      0.04162022
    1276      0.04156614
    1277      0.04151667
    1278      0.04140624
    1279      0.04127275
    1280      0.04113187
    1281      0.04093495
    1282      0.04072071
    1283      0.04056153
    1284      0.04044416
    1285      0.04036430
    1286      0.04036946
    1287      0.04034381
    1288      0.04021693
    1289      0.04009456
    1290      0.04003555
    1291      0.03998355
    1292      0.03990423
    1293      0.03987224
    1294      0.03986221
    1295      0.03976516
    1296      0.03963244
    1297      0.03957158
    1298      0.03952982
    1299      0.03937817
    1300      0.03923869
    1301      0.03918664
    1302      0.03908917
    1303      0.03897861
    1304      0.03890271
    1305      0.03886504
    1306      0.03885249
    1307      0.03874301
    1308      0.03853089
    1309      0.03835007
    1310      0.03816569
    1311      0.03801490
    1312      0.03793052
    1313      0.03784924
    1314      0.03774862
    1315      0.03768562
    1316      0.03757432
    1317      0.03739225
    1318      0.03721342
    1319      0.03705550
    1320      0.03697785
    1321      0.03682586
    1322      0.03661418
    1323      0.03641328
    1324      0.03625443
    1325      0.03616071
    1326      0.03612162
    1327      0.03609562
    1328      0.03601613
    1329      0.03590204
    1330      0.03581461
    1331      0.03577543
    1332      0.03563443
    1333      0.03552648
    1334      0.03552313
    1335      0.03544885
    1336      0.03537358
    1337      0.03525526
    1338      0.03515905
    1339      0.03509158
    1340      0.03494422
    1341      0.03479462
    1342      0.03472423
    1343      0.03468620
    1344      0.03459535
    1345      0.03450183
    1346      0.03444306
    1347      0.03438061
    1348      0.03434299
    1349      0.03427975
    1350      0.03412442
    1351      0.03397668
    1352      0.03387548
    1353      0.03383608
    1354      0.03382648
    1355      0.03378818
    1356      0.03375485
    1357      0.03380150
    1358      0.03377636
    1359      0.03370258
    1360      0.03368969
    1361      0.03360243
    1362      0.03345299
    1363      0.03332348
    1364      0.03320408
    1365      0.03307774
    1366      0.03297071
    1367      0.03282945
    1368      0.03267456
    1369      0.03256769
    1370      0.03247379
    1371      0.03242623
    1372      0.03235277
    1373      0.03226041
    1374      0.03221639
    1375      0.03212391
    1376      0.03201413
    1377      0.03195516
    1378      0.03189303
    1379      0.03178530
    1380      0.03167172
    1381      0.03162871
    1382      0.03163472
    1383      0.03157119
    1384      0.03143113
    1385      0.03135427
    1386      0.03131336
    1387      0.03125060
    1388      0.03121079
    1389      0.03114901
    1390      0.03104991
    1391      0.03096732
    1392      0.03091177
    1393      0.03081143
    1394      0.03064030
    1395      0.03050439
    1396      0.03043071
    1397      0.03039604
    1398      0.03039211
    1399      0.03030630
    1400      0.03019605
    1401      0.03012422
    1402      0.03003331
    1403      0.02986703
    1404      0.02975628
    1405      0.02973310
    1406      0.02960239
    1407      0.02945813
    1408      0.02934843
    1409      0.02925270
    1410      0.02915329
    1411      0.02904064
    1412      0.02900485
    1413      0.02902659
    1414      0.02897223
    1415      0.02880729
    1416      0.02861651
    1417      0.02852362
    1418      0.02849819
    1419      0.02847565
    1420      0.02847046
    1421      0.02833679
    1422      0.02816282
    1423      0.02810361
    1424      0.02804432
    1425      0.02801337
    1426      0.02801958
    1427      0.02803872
    1428      0.02802278
    1429      0.02796182
    1430      0.02788999
    1431      0.02783255
    1432      0.02774712
    1433      0.02758472
    1434      0.02748359
    1435      0.02734302
    1436      0.02716431
    1437      0.02708229
    1438      0.02708194
    1439      0.02709550
    1440      0.02697275
    1441      0.02682564
    1442      0.02679796
    1443      0.02679446
    1444      0.02675831
    1445      0.02675592
    1446      0.02668548
    1447      0.02659945
    1448      0.02653151
    1449      0.02641497
    1450      0.02629219
    1451      0.02615778
    1452      0.02606143
    1453      0.02595827
    1454      0.02587484
    1455      0.02586758
    1456      0.02585761
    1457      0.02582808
    1458      0.02575255
    1459      0.02563668
    1460      0.02549789
    1461      0.02535625
    1462      0.02522533
    1463      0.02512883
    1464      0.02506200
    1465      0.02501676
    1466      0.02499097
    1467      0.02491173
    1468      0.02485185
    1469      0.02480575
    1470      0.02469110
    1471      0.02456267
    1472      0.02444443
    1473      0.02436652
    1474      0.02424879
    1475      0.02408900
    1476      0.02390910
    1477      0.02374192
    1478      0.02365718
    1479      0.02367427
    1480      0.02368278
    1481      0.02357127
    1482      0.02348266
    1483      0.02349101
    1484      0.02354562
    1485      0.02357065
    1486      0.02352284
    1487      0.02350579
    1488      0.02348952
    1489      0.02338732
    1490      0.02325508
    1491      0.02320155
    1492      0.02320363
    1493      0.02322649
    1494      0.02322476
    1495      0.02316007
    1496      0.02312787
    1497      0.02308750
    1498      0.02302300
    1499      0.02298310
    1500      0.02297438
    1501      0.02297778
    1502      0.02299207
    1503      0.02295714
    1504      0.02283287
    1505      0.02269207
    1506      0.02262294
    1507      0.02262360
    1508      0.02252874
    1509      0.02243497
    1510      0.02241351
    1511      0.02233261
    1512      0.02219552
    1513      0.02211176
    1514      0.02202739
    1515      0.02186201
    1516      0.02169968
    1517      0.02164241
    1518      0.02163380
    1519      0.02163157
    1520      0.02164660
    1521      0.02161987
    1522      0.02149127
    1523      0.02139467
    1524      0.02135175
    1525      0.02133143
    1526      0.02132052
    1527      0.02129424
    1528      0.02129200
    1529      0.02129953
    1530      0.02128651
    1531      0.02130973
    1532      0.02133208
    1533      0.02130283
    1534      0.02127038
    1535      0.02120406
    1536      0.02119031
    1537      0.02115443
    1538      0.02103177
    1539      0.02091081
    1540      0.02078444
    1541      0.02073811
    1542      0.02077218
    1543      0.02072096
    1544      0.02067571
    1545      0.02068611
    1546      0.02066005
    1547      0.02061687
    1548      0.02052769
    1549      0.02044144
    1550      0.02042704
    1551      0.02041315
    1552      0.02036693
    1553      0.02032761
    1554      0.02028675
    1555      0.02027386
    1556      0.02024779
    1557      0.02016269
    1558      0.02005693
    1559      0.01996834
    1560      0.01994588
    1561      0.01988575
    1562      0.01976179
    1563      0.01963492
    1564      0.01954613
    1565      0.01953664
    1566      0.01955107
    1567      0.01953852
    1568      0.01956948
    1569      0.01957796
    1570      0.01950080
    1571      0.01932912
    1572      0.01916265
    1573      0.01909419
    1574      0.01904151
    1575      0.01898090
    1576      0.01893331
    1577      0.01886624
    1578      0.01881927
    1579      0.01879976
    1580      0.01876696
    1581      0.01870296
    1582      0.01858730
    1583      0.01844677
    1584      0.01837174
    1585      0.01836681
    1586      0.01830797
    1587      0.01822921
    1588      0.01819401
    1589      0.01815197
    1590      0.01807783
    1591      0.01803383
    1592      0.01801016
    1593      0.01795694
    1594      0.01783915
    1595      0.01772856
    1596      0.01765718
    1597      0.01759970
    1598      0.01762040
    1599      0.01757506
    1600      0.01741315
    1601      0.01724087
    1602      0.01708566
    1603      0.01699259
    1604      0.01691865
    1605      0.01691678
    1606      0.01692420
    1607      0.01678432
    1608      0.01665817
    1609      0.01661733
    1610      0.01655390
    1611      0.01646072
    1612      0.01641853
    1613      0.01642039
    1614      0.01637595
    1615      0.01632377
    1616      0.01631583
    1617      0.01636520
    1618      0.01632041
    1619      0.01618589
    1620      0.01608992
    1621      0.01596927
    1622      0.01586131
    1623      0.01582340
    1624      0.01584067
    1625      0.01582612
    1626      0.01576406
    1627      0.01571916
    1628      0.01563376
    1629      0.01548737
    1630      0.01542264
    1631      0.01540293
    1632      0.01532317
    1633      0.01529553
    1634      0.01525147
    1635      0.01516158
    1636      0.01511286
    1637      0.01510429
    1638      0.01510374
    1639      0.01505607
    1640      0.01507666
    1641      0.01508202
    1642      0.01501381
    1643      0.01501254
    1644      0.01498290
    1645      0.01487138
    1646      0.01478347
    1647      0.01475348
    1648      0.01464655
    1649      0.01455567
    1650      0.01449808
    1651      0.01440272
    1652      0.01432443
    1653      0.01431072
    1654      0.01427990
    1655      0.01422415
    1656      0.01419416
    1657      0.01411699
    1658      0.01405170
    1659      0.01407264
    1660      0.01403639
    1661      0.01398651
    1662      0.01393000
    1663      0.01390617
    1664      0.01394253
    1665      0.01392734
    1666      0.01389698
    1667      0.01388551
    1668      0.01390984
    1669      0.01388358
    1670      0.01386369
    1671      0.01383741
    1672      0.01377507
    1673      0.01372597
    1674      0.01366253
    1675      0.01361449
    1676      0.01358262
    1677      0.01360441
    1678      0.01362515
    1679      0.01361321
    1680      0.01355959
    1681      0.01347051
    1682      0.01338179
    1683      0.01329926
    1684      0.01325070
    1685      0.01324586
    1686      0.01324884
    1687      0.01316260
    1688      0.01308550
    1689      0.01300832
    1690      0.01289976
    1691      0.01286245
    1692      0.01281398
    1693      0.01280309
    1694      0.01283908
    1695      0.01280677
    1696      0.01271501
    1697      0.01264382
    1698      0.01260573
    1699      0.01263260
    1700      0.01265294
    1701      0.01265495
    1702      0.01264804
    1703      0.01261370
    1704      0.01260655
    1705      0.01261042
    1706      0.01261278
    1707      0.01259455
    1708      0.01254784
    1709      0.01251045
    1710      0.01243653
    1711      0.01236284
    1712      0.01238793
    1713      0.01241060
    1714      0.01242216
    1715      0.01234095
    1716      0.01227362
    1717      0.01225310
    1718      0.01223570
    1719      0.01226676
    1720      0.01227202
    1721      0.01231221
    1722      0.01233008
    1723      0.01229631
    1724      0.01230691
    1725      0.01230953
    1726      0.01228061
    1727      0.01221275
    1728      0.01215534
    1729      0.01215282
    1730      0.01215001
    1731      0.01217989
    1732      0.01216662
    1733      0.01211888
    1734      0.01207117
    1735      0.01199374
    1736      0.01195724
    1737      0.01198077
    1738      0.01195423
    1739      0.01191205
    1740      0.01187737
    1741      0.01182988
    1742      0.01172430
    1743      0.01161868
    1744      0.01157680
    1745      0.01150970
    1746      0.01143011
    1747      0.01137797
    1748      0.01131880
    1749      0.01122830
    1750      0.01112908
    1751      0.01103645
    1752      0.01099183
    1753      0.01093729
    1754      0.01094906
    1755      0.01100771
    1756      0.01098647
    1757      0.01085818
    1758      0.01074691
    1759      0.01068408
    1760      0.01060031
    1761      0.01053069
    1762      0.01051588
    1763      0.01052232
    1764      0.01055507
    1765      0.01058718
    1766      0.01053018
    1767      0.01047960
    1768      0.01042062
    1769      0.01032370
    1770      0.01019828
    1771      0.01011066
    1772      0.01018469
    1773      0.01029643
    1774      0.01033568
    1775      0.01032378
    1776      0.01025915
    1777      0.01021569
    1778      0.01020996
    1779      0.01023753
    1780      0.01023701
    1781      0.01020633
    1782      0.01031233
    1783      0.01038877
    1784      0.01032141
    1785      0.01027306
    1786      0.01026648
    1787      0.01024539
    1788      0.01021051
    1789      0.01017064
    1790      0.01012957
    1791      0.01009830
    1792      0.01006957
    1793      0.00995706
    1794      0.00980798
    1795      0.00972989
    1796      0.00970170
    1797      0.00968523
    1798      0.00968189
    1799      0.00971278
    1800      0.00967079
    1801      0.00956972
    1802      0.00949268
    1803      0.00942527
    1804      0.00941048
    1805      0.00937299
    1806      0.00930696
    1807      0.00931791
    1808      0.00937355
    1809      0.00941119
    1810      0.00935162
    1811      0.00925992
    1812      0.00923982
    1813      0.00920591
    1814      0.00918973
    1815      0.00918569
    1816      0.00916973
    1817      0.00917543
    1818      0.00915037
    1819      0.00915354
    1820      0.00926634
    1821      0.00932335
    1822      0.00928164
    1823      0.00933679
    1824      0.00943779
    1825      0.00945398
    1826      0.00940595
    1827      0.00929817
    1828      0.00920506
    1829      0.00915199
    1830      0.00909720
    1831      0.00910735
    1832      0.00917698
    1833      0.00921977
    1834      0.00924814
    1835      0.00930697
    1836      0.00934204
    1837      0.00936168
    1838      0.00936572
    1839      0.00943886
    1840      0.00956463
    1841      0.00958384
    1842      0.00957774
    1843      0.00959558
    1844      0.00963816
    1845      0.00967887
    1846      0.00971569
    1847      0.00975640
    1848      0.00978102
    1849      0.00978037
    1850      0.00972080
    1851      0.00969948
    1852      0.00969847
    1853      0.00968445
    1854      0.00964189
    1855      0.00962081
    1856      0.00959886
    1857      0.00950359
    1858      0.00944383
    1859      0.00940565
    1860      0.00934124
    1861      0.00930940
    1862      0.00929005
    1863      0.00931721
    1864      0.00930921
    1865      0.00927027
    1866      0.00923674
    1867      0.00922980
    1868      0.00926856
    1869      0.00922084
    1870      0.00915650
    1871      0.00915867
    1872      0.00920580
    1873      0.00921194
    1874      0.00915538
    1875      0.00908724
    1876      0.00911281
    1877      0.00920276
    1878      0.00919472
    1879      0.00914737
    1880      0.00907034
    1881      0.00900055
    1882      0.00902925
    1883      0.00907747
    1884      0.00909280
    1885      0.00909207
    1886      0.00913864
    1887      0.00914616
    1888      0.00913311
    1889      0.00913305
    1890      0.00907364
    1891      0.00898743
    1892      0.00895072
    1893      0.00903725
    1894      0.00906148
    1895      0.00896825
    1896      0.00890577
    1897      0.00884219
    1898      0.00880319
    1899      0.00879589
    1900      0.00875517
    1901      0.00875249
    1902      0.00876628
    1903      0.00878559
    1904      0.00881197
    1905      0.00876731
    1906      0.00866237
    1907      0.00856685
    1908      0.00850587
    1909      0.00849376
    1910      0.00849844
    1911      0.00850519
    1912      0.00851650
    1913      0.00846670
    1914      0.00839952
    1915      0.00833787
    1916      0.00831303
    1917      0.00834356
    1918      0.00834997
    1919      0.00830849
    1920      0.00822188
    1921      0.00820540
    1922      0.00825431
    1923      0.00826723
    1924      0.00830613
    1925      0.00828847
    1926      0.00831147
    1927      0.00838236
    1928      0.00838018
    1929      0.00835557
    1930      0.00832371
    1931      0.00830028
    1932      0.00832098
    1933      0.00833164
    1934      0.00829422
    1935      0.00827674
    1936      0.00822916
    1937      0.00820794
    1938      0.00821469
    1939      0.00822956
    1940      0.00826476
    1941      0.00822530
    1942      0.00817731
    1943      0.00808799
    1944      0.00805461
    1945      0.00806091
    1946      0.00794235
    1947      0.00788576
    1948      0.00790025
    1949      0.00787853
    1950      0.00780773
    1951      0.00778302
    1952      0.00772892
    1953      0.00765519
    1954      0.00768682
    1955      0.00774011
    1956      0.00778812
    1957      0.00786299
    1958      0.00780642
    1959      0.00769058
    1960      0.00764300
    1961      0.00760684
    1962      0.00754091
    1963      0.00744057
    1964      0.00736699
    1965      0.00725920
    1966      0.00722079
    1967      0.00726853
    1968      0.00734344
    1969      0.00741747
    1970      0.00738415
    1971      0.00735253
    1972      0.00739551
    1973      0.00741409
    1974      0.00741196
    1975      0.00738505
    1976      0.00731297
    1977      0.00724727
    1978      0.00722762
    1979      0.00721718
    1980      0.00718094
    1981      0.00716856
    1982      0.00713807
    1983      0.00708593
    1984      0.00708879
    1985      0.00704860
    1986      0.00697499
    1987      0.00692558
    1988      0.00690356
    1989      0.00687309
    1990      0.00683166
    1991      0.00683491
    1992      0.00682276
    1993      0.00682245
    1994      0.00685225
    1995      0.00685516
    1996      0.00681913
    1997      0.00674394
    1998      0.00667208
    1999      0.00663538
    2000      0.00660523
    2001      0.00659328
    2002      0.00660819
    2003      0.00659092
    2004      0.00654424
    2005      0.00653631
    2006      0.00654654
    2007      0.00660775
    2008      0.00665332
    2009      0.00669281
    2010      0.00672114
    2011      0.00669148
    2012      0.00673247
    2013      0.00679925
    2014      0.00675396
    2015      0.00667651
    2016      0.00661639
    2017      0.00654386
    2018      0.00651587
    2019      0.00651262
    2020      0.00649300
    2021      0.00645386
    2022      0.00641132
    2023      0.00643757
    2024      0.00646397
    2025      0.00646480
    2026      0.00647358
    2027      0.00643750
    2028      0.00638371
    2029      0.00635346
    2030      0.00637496
    2031      0.00638939
    2032      0.00639222
    2033      0.00639288
    2034      0.00643279
    2035      0.00648280
    2036      0.00648379
    2037      0.00648985
    2038      0.00651160
    2039      0.00651280
    2040      0.00648642
    2041      0.00651988
    2042      0.00654919
    2043      0.00645859
    2044      0.00638223
    2045      0.00639066
    2046      0.00640262
    2047      0.00642368
    2048      0.00642137
    2049      0.00637301
    2050      0.00638114
    2051      0.00636145
    2052      0.00629542
    2053      0.00629816
    2054      0.00634218
    2055      0.00640224
    2056      0.00636375
    2057      0.00623607
    2058      0.00613258
    2059      0.00612086
    2060      0.00612831
    2061      0.00609634
    2062      0.00616242
    2063      0.00622568
    2064      0.00623479
    2065      0.00623587
    2066      0.00624014
    2067      0.00622757
    2068      0.00619992
    2069      0.00624538
    2070      0.00629097
    2071      0.00627639
    2072      0.00623240
    2073      0.00615200
    2074      0.00608317
    2075      0.00598140
    2076      0.00586467
    2077      0.00581653
    2078      0.00578659
    2079      0.00573482
    2080      0.00574632
    2081      0.00580663
    2082      0.00575409
    2083      0.00568275
    2084      0.00567544
    2085      0.00570437
    2086      0.00577275
    2087      0.00584157
    2088      0.00586056
    2089      0.00587838
    2090      0.00587377
    2091      0.00587376
    2092      0.00594992
    2093      0.00593968
    2094      0.00591714
    2095      0.00596760
    2096      0.00603597
    2097      0.00611283
    2098      0.00608668
    2099      0.00607648
    2100      0.00608061
    2101      0.00600600
    2102      0.00594454
    2103      0.00593369
    2104      0.00595266
    2105      0.00594169
    2106      0.00594473
    2107      0.00592884
    2108      0.00585931
    2109      0.00586404
    2110      0.00586504
    2111      0.00581892
    2112      0.00578851
    2113      0.00581320
    2114      0.00582469
    2115      0.00577513
    2116      0.00576977
    2117      0.00585320
    2118      0.00596183
    2119      0.00599146
    2120      0.00591419
    2121      0.00585405
    2122      0.00591847
    2123      0.00596026
    2124      0.00594605
    2125      0.00592744
    2126      0.00586845
    2127      0.00582954
    2128      0.00578976
    2129      0.00578050
    2130      0.00578622
    2131      0.00572009
    2132      0.00564529
    2133      0.00554102
    2134      0.00544350
    2135      0.00541795
    2136      0.00538439
    2137      0.00538399
    2138      0.00540000
    2139      0.00540705
    2140      0.00540895
    2141      0.00535300
    2142      0.00528623
    2143      0.00518679
    2144      0.00512859
    2145      0.00515627
    2146      0.00518856
    2147      0.00515416
    2148      0.00508993
    2149      0.00506665
    2150      0.00505530
    2151      0.00502518
    2152      0.00507838
    2153      0.00516439
    2154      0.00515144
    2155      0.00516195
    2156      0.00522937
    2157      0.00522134
    2158      0.00519811
    2159      0.00518499
    2160      0.00512605
    2161      0.00508283
    2162      0.00503651
    2163      0.00498666
    2164      0.00495792
    2165      0.00494821
    2166      0.00493903
    2167      0.00491141
    2168      0.00491914
    2169      0.00495913
    2170      0.00497004
    2171      0.00493985
    2172      0.00486380
    2173      0.00483781
    2174      0.00482667
    2175      0.00476794
    2176      0.00473368
    2177      0.00472400
    2178      0.00475711
    2179      0.00478658
    2180      0.00482073
    2181      0.00483158
    2182      0.00479456
    2183      0.00478898
    2184      0.00477932
    2185      0.00474855
    2186      0.00472943
    2187      0.00473483
    2188      0.00471751
    2189      0.00464668
    2190      0.00459812
    2191      0.00455563
    2192      0.00448897
    2193      0.00451916
    2194      0.00457780
    2195      0.00460980
    2196      0.00457066
    2197      0.00453268
    2198      0.00456724
    2199      0.00461567
    2200      0.00458228
    2201      0.00444230
    2202      0.00437886
    2203      0.00437201
    2204      0.00442927
    2205      0.00454619
    2206      0.00457220
    2207      0.00453900
    2208      0.00451137
    2209      0.00450444
    2210      0.00454658
    2211      0.00452640
    2212      0.00449944
    2213      0.00447701
    2214      0.00441905
    2215      0.00442695
    2216      0.00441077
    2217      0.00433423
    2218      0.00426969
    2219      0.00424909
    2220      0.00417477
    2221      0.00407148
    2222      0.00406028
    2223      0.00405614
    2224      0.00404966
    2225      0.00403223
    2226      0.00399684
    2227      0.00395325
    2228      0.00392095
    2229      0.00394097
    2230      0.00395148
    2231      0.00395314
    2232      0.00392336
    2233      0.00382367
    2234      0.00377962
    2235      0.00373619
    2236      0.00365037
    2237      0.00359112
    2238      0.00354283
    2239      0.00353073
    2240      0.00353267
    2241      0.00354720
    2242      0.00359719
    2243      0.00357336
    2244      0.00350610
    2245      0.00350441
    2246      0.00349865
    2247      0.00346278
    2248      0.00342434
    2249      0.00343167
