       0      1.00021954
       1      0.99982859
       2      0.99865542
       3      0.99671704
       4      0.99402878
       5      0.99060905
       6      0.98648048
       7      0.98165989
       8      0.97616912
       9      0.97003228
      10      0.96326984
      11      0.95590248
      12      0.94795054
      13      0.93943859
      14      0.93039221
      15      0.92083428
      16      0.91078767
      17      0.90027772
      18      0.88932877
      19      0.87796335
      20      0.86620395
      21      0.85407213
      22      0.84159186
      23      0.82878579
      24      0.81567632
      25      0.80228749
      26      0.78864141
      27      0.77476071
      28      0.76067000
      29      0.74638969
      30      0.73193797
      31      0.71733666
      32      0.70260506
      33      0.68776123
      34      0.67282363
      35      0.65781223
      36      0.64274860
      37      0.62764911
      38      0.61253040
      39      0.59741230
      40      0.58231180
      41      0.56724328
      42      0.55222258
      43      0.53726432
      44      0.52238087
      45      0.50758668
      46      0.49289573
      47      0.47832114
      48      0.46387449
      49      0.44956636
      50      0.43540894
      51      0.42141276
      52      0.40758805
      53      0.39394419
      54      0.38049049
      55      0.36723467
      56      0.35418373
      57      0.34134502
      58      0.32872281
      59      0.31632354
      60      0.30415608
      61      0.29222644
      62      0.28053953
      63      0.26910061
      64      0.25791073
      65      0.24697206
      66      0.23628963
      67      0.22586559
      68      0.21570165
      69      0.20579909
      70      0.19615977
      71      0.18678573
      72      0.17767679
      73      0.16883208
      74      0.16025055
      75      0.15193271
      76      0.14387830
      77      0.13608562
      78      0.12855381
      79      0.12128042
      80      0.11426274
      81      0.10749895
      82      0.10098554
      83      0.09472084
      84      0.08870193
      85      0.08292525
      86      0.07738735
      87      0.07208410
      88      0.06701249
      89      0.06216893
      90      0.05754891
      91      0.05314817
      92      0.04896372
      93      0.04499228
      94      0.04122853
      95      0.03766725
      96      0.03430374
      97      0.03113362
      98      0.02815370
      99      0.02535882
     100      0.02274116
     101      0.02029482
     102      0.01801714
     103      0.01590332
     104      0.01394761
     105      0.01214434
     106      0.01048791
     107      0.00897447
     108      0.00759973
     109      0.00635855
     110      0.00524364
     111      0.00424889
     112      0.00337083
     113      0.00260534
     114      0.00194870
     115      0.00139610
     116      0.00094095
     117      0.00057910
     118      0.00030696
     119      0.00011886
     120      0.00001049
     121     -0.00002124
     122      0.00001915
     123      0.00012569
     124      0.00029404
     125      0.00052074
     126      0.00080167
     127      0.00113389
     128      0.00151416
     129      0.00193782
     130      0.00240137
     131      0.00290122
     132      0.00343296
     133      0.00399409
     134      0.00458144
     135      0.00519188
     136      0.00582298
     137      0.00647194
     138      0.00713598
     139      0.00781084
     140      0.00849406
     141      0.00918501
     142      0.00988119
     143      0.01057974
     144      0.01127825
     145      0.01197387
     146      0.01266477
     147      0.01334959
     148      0.01402692
     149      0.01469587
     150      0.01535618
     151      0.01600633
     152      0.01664312
     153      0.01726630
     154      0.01787441
     155      0.01846590
     156      0.01904115
     157      0.01959886
     158      0.02013735
     159      0.02065514
     160      0.02115257
     161      0.02163067
     162      0.02208983
     163      0.02252782
     164      0.02294326
     165      0.02333605
     166      0.02370510
     167      0.02405075
     168      0.02437284
     169      0.02467178
     170      0.02494784
     171      0.02520068
     172      0.02542990
     173      0.02563514
     174      0.02581770
     175      0.02597787
     176      0.02611503
     177      0.02622943
     178      0.02632156
     179      0.02639020
     180      0.02643443
     181      0.02645598
     182      0.02645544
     183      0.02643348
     184      0.02639065
     185      0.02632828
     186      0.02624746
     187      0.02614648
     188      0.02602501
     189      0.02588451
     190      0.02572789
     191      0.02555499
     192      0.02536410
     193      0.02515714
     194      0.02493509
     195      0.02469825
     196      0.02444712
     197      0.02418213
     198      0.02390430
     199      0.02361466
     200      0.02331416
     201      0.02300310
     202      0.02267998
     203      0.02234626
     204      0.02200304
     205      0.02165091
     206      0.02129199
     207      0.02092636
     208      0.02055392
     209      0.02017568
     210      0.01979259
     211      0.01940482
     212      0.01901286
     213      0.01861692
     214      0.01821718
     215      0.01781496
     216      0.01741154
     217      0.01700739
     218      0.01660217
     219      0.01619597
     220      0.01579036
     221      0.01538615
     222      0.01498287
     223      0.01458115
     224      0.01418112
     225      0.01378170
     226      0.01338284
     227      0.01298633
     228      0.01259323
     229      0.01220488
     230      0.01182262
     231      0.01144592
     232      0.01107329
     233      0.01070514
     234      0.01034245
     235      0.00998484
     236      0.00963293
     237      0.00928711
     238      0.00894786
     239      0.00861541
     240      0.00828876
     241      0.00796853
     242      0.00765444
     243      0.00734492
     244      0.00704044
     245      0.00674228
     246      0.00645184
     247      0.00616868
     248      0.00589080
     249      0.00561800
     250      0.00535181
     251      0.00509255
     252      0.00484094
     253      0.00459714
     254      0.00435998
     255      0.00412947
     256      0.00390610
     257      0.00369021
     258      0.00348154
     259      0.00328021
     260      0.00308558
     261      0.00289736
     262      0.00271622
     263      0.00254196
     264      0.00237505
     265      0.00221539
     266      0.00206305
     267      0.00191799
     268      0.00177931
     269      0.00164718
     270      0.00152158
     271      0.00140241
     272      0.00128939
     273      0.00118249
     274      0.00108109
     275      0.00098521
     276      0.00089544
     277      0.00081080
     278      0.00073060
     279      0.00065528
     280      0.00058510
     281      0.00051925
     282      0.00045784
     283      0.00040108
     284      0.00034852
     285      0.00029951
     286      0.00025407
     287      0.00021202
     288      0.00017294
     289      0.00013761
     290      0.00010474
     291      0.00007401
     292      0.00004576
     293      0.00001966
     294     -0.00000274
     295     -0.00002148
     296     -0.00003826
     297     -0.00005386
     298     -0.00006747
     299     -0.00007812
