       0      1.00088214
       1      1.00054465
       2      0.99940863
       3      0.99747716
       4      0.99475678
       5      0.99125484
       6      0.98697684
       7      0.98192977
       8      0.97612493
       9      0.96957370
      10      0.96228561
      11      0.95427309
      12      0.94555144
      13      0.93613764
      14      0.92604723
      15      0.91529927
      16      0.90391216
      17      0.89190139
      18      0.87928405
      19      0.86608303
      20      0.85232269
      21      0.83802416
      22      0.82320860
      23      0.80790155
      24      0.79212968
      25      0.77591711
      26      0.75929044
      27      0.74227605
      28      0.72489934
      29      0.70718615
      30      0.68916624
      31      0.67087134
      32      0.65233125
      33      0.63357391
      34      0.61462799
      35      0.59552361
      36      0.57629106
      37      0.55695893
      38      0.53755548
      39      0.51811074
      40      0.49865519
      41      0.47921911
      42      0.45983133
      43      0.44052063
      44      0.42131744
      45      0.40225080
      46      0.38334873
      47      0.36463787
      48      0.34614580
      49      0.32790174
      50      0.30993248
      51      0.29226223
      52      0.27491683
      53      0.25792375
      54      0.24130708
      55      0.22508932
      56      0.20929323
      57      0.19394019
      58      0.17905128
      59      0.16464697
      60      0.15074675
      61      0.13737000
      62      0.12453653
      63      0.11226271
      64      0.10056221
      65      0.08944919
      66      0.07893782
      67      0.06904265
      68      0.05977594
      69      0.05114822
      70      0.04317039
      71      0.03585165
      72      0.02919813
      73      0.02321613
      74      0.01791175
      75      0.01328853
      76      0.00934995
      77      0.00609961
      78      0.00353825
      79      0.00166578
      80      0.00048062
      81     -0.00002045
      82      0.00015981
      83      0.00101702
      84      0.00254573
      85      0.00473963
      86      0.00759144
      87      0.01109293
      88      0.01523469
      89      0.02000531
      90      0.02539376
      91      0.03138872
      92      0.03797683
      93      0.04514280
      94      0.05287203
      95      0.06114893
      96      0.06995593
      97      0.07927724
      98      0.08909433
      99      0.09938738
     100      0.11013749
     101      0.12132636
     102      0.13293157
     103      0.14492899
     104      0.15729814
     105      0.17001666
     106      0.18306113
     107      0.19640770
     108      0.21003171
     109      0.22390754
     110      0.23800985
     111      0.25231675
     112      0.26680489
     113      0.28144808
     114      0.29622070
     115      0.31109710
     116      0.32605192
     117      0.34106077
     118      0.35609653
     119      0.37113334
     120      0.38614721
     121      0.40111361
     122      0.41600792
     123      0.43080296
     124      0.44547524
     125      0.46000170
     126      0.47435729
     127      0.48851724
     128      0.50245780
     129      0.51615589
     130      0.52959182
     131      0.54274842
     132      0.55560422
     133      0.56813547
     134      0.58032130
     135      0.59214502
     136      0.60358655
     137      0.61462642
     138      0.62524809
     139      0.63543470
     140      0.64517025
     141      0.65444029
     142      0.66323195
     143      0.67153048
     144      0.67932283
     145      0.68659872
     146      0.69334781
     147      0.69956157
     148      0.70523026
     149      0.71034487
     150      0.71489936
     151      0.71888982
     152      0.72231045
     153      0.72515443
     154      0.72741821
     155      0.72909983
     156      0.73019817
     157      0.73071023
     158      0.73063684
     159      0.72998325
     160      0.72875080
     161      0.72693964
     162      0.72455534
     163      0.72160222
     164      0.71808428
     165      0.71400844
     166      0.70938176
     167      0.70421382
     168      0.69851538
     169      0.69229594
     170      0.68556528
     171      0.67833527
     172      0.67061924
     173      0.66242964
     174      0.65377788
     175      0.64467877
     176      0.63514963
     177      0.62520468
     178      0.61485800
     179      0.60412916
     180      0.59303764
     181      0.58160039
     182      0.56983499
     183      0.55776076
     184      0.54539978
     185      0.53277237
     186      0.51989536
     187      0.50678874
     188      0.49347347
     189      0.47997007
     190      0.46630131
     191      0.45249047
     192      0.43855946
     193      0.42452795
     194      0.41041770
     195      0.39625160
     196      0.38204980
     197      0.36783289
     198      0.35362197
     199      0.33943995
     200      0.32530892
     201      0.31124882
     202      0.29728147
     203      0.28343018
     204      0.26971459
     205      0.25615313
     206      0.24276721
     207      0.22957631
     208      0.21659970
     209      0.20385553
     210      0.19136171
     211      0.17913792
     212      0.16720134
     213      0.15556753
     214      0.14425186
     215      0.13327061
     216      0.12263986
     217      0.11237473
     218      0.10248926
     219      0.09299662
     220      0.08390986
     221      0.07524071
     222      0.06699923
     223      0.05919520
     224      0.05183904
     225      0.04494014
     226      0.03850720
     227      0.03254769
     228      0.02706787
     229      0.02207285
     230      0.01756820
     231      0.01355884
     232      0.01004784
     233      0.00703746
     234      0.00452955
     235      0.00252562
     236      0.00102552
     237      0.00002880
     238     -0.00046538
     239     -0.00045992
     240      0.00004284
     241      0.00104000
     242      0.00252659
     243      0.00449682
     244      0.00694391
     245      0.00986139
     246      0.01324260
     247      0.01707881
     248      0.02136138
     249      0.02608133
     250      0.03122724
     251      0.03678785
     252      0.04275319
     253      0.04911067
     254      0.05584469
     255      0.06294244
     256      0.07039246
     257      0.07817974
     258      0.08628909
     259      0.09470709
     260      0.10341812
     261      0.11240577
     262      0.12165349
     263      0.13114413
     264      0.14086030
     265      0.15078425
     266      0.16089974
     267      0.17118934
     268      0.18163389
     269      0.19221550
     270      0.20291499
     271      0.21371410
     272      0.22459469
     273      0.23553823
     274      0.24652614
     275      0.25753813
     276      0.26855776
     277      0.27956830
     278      0.29054997
     279      0.30148427
     280      0.31235092
     281      0.32312997
     282      0.33380493
     283      0.34435794
     284      0.35477171
     285      0.36503123
     286      0.37512048
     287      0.38502559
     288      0.39472896
     289      0.40421114
     290      0.41345831
     291      0.42245636
     292      0.43119206
     293      0.43965277
     294      0.44782400
     295      0.45569199
     296      0.46324299
     297      0.47046722
     298      0.47735450
     299      0.48389341
     300      0.49007457
     301      0.49588829
     302      0.50132588
     303      0.50637789
     304      0.51103603
     305      0.51529524
     306      0.51915061
     307      0.52259595
     308      0.52562604
     309      0.52823643
     310      0.53042491
     311      0.53218873
     312      0.53352522
     313      0.53443239
     314      0.53490962
     315      0.53495905
     316      0.53458278
     317      0.53378221
     318      0.53255905
     319      0.53091562
     320      0.52885432
     321      0.52637824
     322      0.52349294
     323      0.52020272
     324      0.51651285
     325      0.51243262
     326      0.50797072
     327      0.50313399
     328      0.49792706
     329      0.49236058
     330      0.48644723
     331      0.48019600
     332      0.47361712
     333      0.46672233
     334      0.45952122
     335      0.45202286
     336      0.44424359
     337      0.43619686
     338      0.42789379
     339      0.41934843
     340      0.41057420
     341      0.40158425
     342      0.39239130
     343      0.38301012
     344      0.37345720
     345      0.36374901
     346      0.35390182
     347      0.34393110
     348      0.33385124
     349      0.32367724
     350      0.31342468
     351      0.30310979
     352      0.29274666
     353      0.28235239
     354      0.27194431
     355      0.26153763
     356      0.25114813
     357      0.24079078
     358      0.23048132
     359      0.22023548
     360      0.21007000
     361      0.20000017
     362      0.19004198
     363      0.18020949
     364      0.17051521
     365      0.16097384
     366      0.15159865
     367      0.14240489
     368      0.13340838
     369      0.12462099
     370      0.11605358
     371      0.10771809
     372      0.09962550
     373      0.09178593
     374      0.08421086
     375      0.07691111
     376      0.06989677
     377      0.06317705
     378      0.05675981
     379      0.05065433
     380      0.04486798
     381      0.03940739
     382      0.03427953
     383      0.02949042
     384      0.02504582
     385      0.02094986
     386      0.01720602
     387      0.01381833
     388      0.01079156
     389      0.00812882
     390      0.00583102
     391      0.00390081
     392      0.00233944
     393      0.00114524
     394      0.00031896
     395     -0.00013893
     396     -0.00023161
     397      0.00003917
     398      0.00067168
     399      0.00166098
     400      0.00300384
     401      0.00469724
     402      0.00673622
     403      0.00911492
     404      0.01182662
     405      0.01486538
     406      0.01822466
     407      0.02189580
     408      0.02587195
     409      0.03014610
     410      0.03470809
     411      0.03954857
     412      0.04465913
     413      0.05003082
     414      0.05565311
     415      0.06151380
     416      0.06760222
     417      0.07390729
     418      0.08041668
     419      0.08711782
     420      0.09399869
     421      0.10104609
     422      0.10824656
     423      0.11558951
     424      0.12306315
     425      0.13065363
     426      0.13834848
     427      0.14613541
     428      0.15400021
     429      0.16192920
     430      0.16990915
     431      0.17792590
     432      0.18596558
     433      0.19401531
     434      0.20206086
     435      0.21008650
     436      0.21807976
     437      0.22602906
     438      0.23392103
     439      0.24174258
     440      0.24948066
     441      0.25712172
     442      0.26465358
     443      0.27206386
     444      0.27933986
     445      0.28647009
     446      0.29344219
     447      0.30024483
     448      0.30686786
     449      0.31330187
     450      0.31953844
     451      0.32556773
     452      0.33137865
     453      0.33696144
     454      0.34230770
     455      0.34741026
     456      0.35225995
     457      0.35684841
     458      0.36117036
     459      0.36521966
     460      0.36898871
     461      0.37247245
     462      0.37566879
     463      0.37857185
     464      0.38117581
     465      0.38347698
     466      0.38547252
     467      0.38716078
     468      0.38853991
     469      0.38960744
     470      0.39036173
     471      0.39080293
     472      0.39093145
     473      0.39074776
     474      0.39025238
     475      0.38944692
     476      0.38833352
     477      0.38691465
     478      0.38519370
     479      0.38317330
     480      0.38085402
     481      0.37824123
     482      0.37534133
     483      0.37215961
     484      0.36870278
     485      0.36497584
     486      0.36098464
     487      0.35673646
     488      0.35223930
     489      0.34749968
     490      0.34252421
     491      0.33732280
     492      0.33190454
     493      0.32627660
     494      0.32044909
     495      0.31443092
     496      0.30822943
     497      0.30185404
     498      0.29531739
     499      0.28863190
     500      0.28180850
     501      0.27485834
     502      0.26779296
     503      0.26062263
     504      0.25335812
     505      0.24601130
     506      0.23859433
     507      0.23111864
     508      0.22359434
     509      0.21603391
     510      0.20844988
     511      0.20085401
     512      0.19325691
     513      0.18566979
     514      0.17810356
     515      0.17056843
     516      0.16307662
     517      0.15564010
     518      0.14826978
     519      0.14097726
     520      0.13377306
     521      0.12666735
     522      0.11967185
     523      0.11279645
     524      0.10605023
     525      0.09944184
     526      0.09298034
     527      0.08667473
     528      0.08053414
     529      0.07456831
     530      0.06878415
     531      0.06318939
     532      0.05779297
     533      0.05260280
     534      0.04762527
     535      0.04286529
     536      0.03833023
     537      0.03402751
     538      0.02996150
     539      0.02613604
     540      0.02255628
     541      0.01922757
     542      0.01615463
     543      0.01334207
     544      0.01079224
     545      0.00850516
     546      0.00648197
     547      0.00472479
     548      0.00323519
     549      0.00201286
     550      0.00105753
     551      0.00037017
     552     -0.00004861
     553     -0.00020003
     554     -0.00008476
     555      0.00029658
     556      0.00094060
     557      0.00184472
     558      0.00300684
     559      0.00442342
     560      0.00609110
     561      0.00800539
     562      0.01016048
     563      0.01255157
     564      0.01517413
     565      0.01802150
     566      0.02108740
     567      0.02436610
     568      0.02784986
     569      0.03153174
     570      0.03540587
     571      0.03946566
     572      0.04370337
     573      0.04810997
     574      0.05267688
     575      0.05739583
     576      0.06225793
     577      0.06725454
     578      0.07237617
     579      0.07761414
     580      0.08295989
     581      0.08840433
     582      0.09393721
     583      0.09954823
     584      0.10522794
     585      0.11096547
     586      0.11675163
     587      0.12257669
     588      0.12843088
     589      0.13430345
     590      0.14018371
     591      0.14606430
     592      0.15193561
     593      0.15778773
     594      0.16361012
     595      0.16939194
     596      0.17512326
     597      0.18079530
     598      0.18639896
     599      0.19192487
     600      0.19736460
     601      0.20270923
     602      0.20795026
     603      0.21307881
     604      0.21808638
     605      0.22296543
     606      0.22770797
     607      0.23230648
     608      0.23675469
     609      0.24104606
     610      0.24517356
     611      0.24913147
     612      0.25291378
     613      0.25651362
     614      0.25992393
     615      0.26313903
     616      0.26615620
     617      0.26897194
     618      0.27158126
     619      0.27397975
     620      0.27616349
     621      0.27812979
     622      0.27987519
     623      0.28139574
     624      0.28269072
     625      0.28375878
     626      0.28459729
     627      0.28520764
     628      0.28559023
     629      0.28574309
     630      0.28566605
     631      0.28536061
     632      0.28482912
     633      0.28407302
     634      0.28309415
     635      0.28189384
     636      0.28047455
     637      0.27883979
     638      0.27699244
     639      0.27493525
     640      0.27267019
     641      0.27020066
     642      0.26753271
     643      0.26467149
     644      0.26162082
     645      0.25838575
     646      0.25497203
     647      0.25138666
     648      0.24763549
     649      0.24372210
     650      0.23965273
     651      0.23543524
     652      0.23107661
     653      0.22658448
     654      0.22196745
     655      0.21723260
     656      0.21238620
     657      0.20743750
     658      0.20239642
     659      0.19727038
     660      0.19206423
     661      0.18678507
     662      0.18144268
     663      0.17604471
     664      0.17060035
     665      0.16511904
     666      0.15960838
     667      0.15407729
     668      0.14853282
     669      0.14298323
     670      0.13743878
     671      0.13190908
     672      0.12640252
     673      0.12092628
     674      0.11548863
     675      0.11009924
     676      0.10476518
     677      0.09949200
     678      0.09428782
     679      0.08915958
     680      0.08411348
     681      0.07915820
     682      0.07430230
     683      0.06955276
     684      0.06491674
     685      0.06040059
     686      0.05600933
     687      0.05174918
     688      0.04762705
     689      0.04364884
     690      0.03981986
     691      0.03614560
     692      0.03263121
     693      0.02928014
     694      0.02609655
     695      0.02308535
     696      0.02025089
     697      0.01759477
     698      0.01512010
     699      0.01283109
     700      0.01073061
     701      0.00882122
     702      0.00710446
     703      0.00558111
     704      0.00425236
     705      0.00311959
     706      0.00218302
     707      0.00144283
     708      0.00090043
     709      0.00055599
     710      0.00040655
     711      0.00045015
     712      0.00068678
     713      0.00111510
     714      0.00173281
     715      0.00253826
     716      0.00352959
     717      0.00470399
     718      0.00605848
     719      0.00758896
     720      0.00929239
     721      0.01116468
     722      0.01320036
     723      0.01539567
     724      0.01774667
     725      0.02024928
     726      0.02289918
     727      0.02569091
     728      0.02861860
     729      0.03167690
     730      0.03485957
     731      0.03816038
     732      0.04157404
     733      0.04509559
     734      0.04871839
     735      0.05243415
     736      0.05623586
     737      0.06011739
     738      0.06407119
     739      0.06808889
     740      0.07216446
     741      0.07629275
     742      0.08046858
     743      0.08468321
     744      0.08892784
     745      0.09319619
     746      0.09748121
     747      0.10177751
     748      0.10607756
     749      0.11037232
     750      0.11465365
     751      0.11891423
     752      0.12314768
     753      0.12734614
     754      0.13150271
     755      0.13561084
     756      0.13966379
     757      0.14365595
     758      0.14758135
     759      0.15143432
     760      0.15520832
     761      0.15889754
     762      0.16249581
     763      0.16599760
     764      0.16939730
     765      0.17268861
     766      0.17586567
     767      0.17892209
     768      0.18185380
     769      0.18465736
     770      0.18732906
     771      0.18986459
     772      0.19226076
     773      0.19451432
     774      0.19662197
     775      0.19857898
     776      0.20038175
     777      0.20202880
     778      0.20351638
     779      0.20484234
     780      0.20600708
     781      0.20701125
     782      0.20785244
     783      0.20852715
     784      0.20903507
     785      0.20937680
     786      0.20955120
     787      0.20955766
     788      0.20939701
     789      0.20906936
     790      0.20857628
     791      0.20791768
     792      0.20709440
     793      0.20611014
     794      0.20496575
     795      0.20366299
     796      0.20220598
     797      0.20059711
     798      0.19883763
     799      0.19693266
     800      0.19488564
     801      0.19269785
     802      0.19037284
     803      0.18791479
     804      0.18532754
     805      0.18261394
     806      0.17977900
     807      0.17682803
     808      0.17376605
     809      0.17059977
     810      0.16733438
     811      0.16397379
     812      0.16052291
     813      0.15698861
     814      0.15337683
     815      0.14969328
     816      0.14594504
     817      0.14213800
     818      0.13827721
     819      0.13436757
     820      0.13041563
     821      0.12642778
     822      0.12241132
     823      0.11837308
     824      0.11431757
     825      0.11025060
     826      0.10617779
     827      0.10210405
     828      0.09803582
     829      0.09398062
     830      0.08994480
     831      0.08593484
     832      0.08195683
     833      0.07801503
     834      0.07411575
     835      0.07026626
     836      0.06647107
     837      0.06273569
     838      0.05906669
     839      0.05546969
     840      0.05194839
     841      0.04850703
     842      0.04515004
     843      0.04188192
     844      0.03870805
     845      0.03563306
     846      0.03266196
     847      0.02979847
     848      0.02704549
     849      0.02440662
     850      0.02188541
     851      0.01948585
     852      0.01721267
     853      0.01506907
     854      0.01305630
     855      0.01117557
     856      0.00942971
     857      0.00782100
     858      0.00635068
     859      0.00502042
     860      0.00383114
     861      0.00278364
     862      0.00187896
     863      0.00111820
     864      0.00050120
     865      0.00002829
     866     -0.00030141
     867     -0.00048872
     868     -0.00053327
     869     -0.00043617
     870     -0.00019741
     871      0.00018296
     872      0.00070284
     873      0.00136034
     874      0.00215315
     875      0.00307968
     876      0.00413818
     877      0.00532497
     878      0.00663699
     879      0.00807138
     880      0.00962580
     881      0.01129812
     882      0.01308454
     883      0.01498045
     884      0.01698180
     885      0.01908464
     886      0.02128475
     887      0.02357668
     888      0.02595508
     889      0.02841683
     890      0.03095978
     891      0.03357806
     892      0.03626615
     893      0.03902023
     894      0.04183567
     895      0.04470643
     896      0.04762743
     897      0.05059332
     898      0.05359721
     899      0.05663500
     900      0.05970193
     901      0.06279218
     902      0.06590135
     903      0.06902461
     904      0.07215565
     905      0.07528878
     906      0.07841904
     907      0.08154204
     908      0.08465229
     909      0.08774536
     910      0.09081662
     911      0.09386004
     912      0.09687155
     913      0.09984580
     914      0.10277716
     915      0.10566286
     916      0.10849880
     917      0.11127786
     918      0.11399523
     919      0.11664804
     920      0.11923205
     921      0.12174224
     922      0.12417417
     923      0.12652321
     924      0.12878541
     925      0.13095859
     926      0.13303996
     927      0.13502555
     928      0.13691303
     929      0.13869914
     930      0.14038100
     931      0.14195862
     932      0.14342944
     933      0.14478995
     934      0.14603728
     935      0.14716804
     936      0.14818059
     937      0.14907580
     938      0.14985277
     939      0.15050929
     940      0.15104563
     941      0.15146163
     942      0.15175621
     943      0.15192985
     944      0.15198225
     945      0.15191234
     946      0.15172114
     947      0.15140978
     948      0.15097866
     949      0.15042934
     950      0.14976313
     951      0.14897945
     952      0.14808054
     953      0.14706786
     954      0.14594245
     955      0.14470835
     956      0.14336815
     957      0.14192360
     958      0.14037623
     959      0.13872921
     960      0.13698562
     961      0.13514721
     962      0.13321723
     963      0.13119964
     964      0.12909664
     965      0.12691042
     966      0.12464586
     967      0.12230653
     968      0.11989484
     969      0.11741561
     970      0.11487381
     971      0.11227362
     972      0.10962072
     973      0.10691816
     974      0.10416804
     975      0.10137408
     976      0.09854037
     977      0.09567322
     978      0.09277732
     979      0.08985662
     980      0.08691588
     981      0.08395862
     982      0.08099012
     983      0.07801655
     984      0.07504226
     985      0.07207091
     986      0.06910731
     987      0.06615707
     988      0.06322373
     989      0.06031162
     990      0.05742522
     991      0.05456956
     992      0.05175129
     993      0.04897261
     994      0.04623499
     995      0.04354339
     996      0.04090145
     997      0.03831321
     998      0.03578288
     999      0.03331303
    1000      0.03090848
    1001      0.02857362
    1002      0.02631029
    1003      0.02412180
    1004      0.02200984
    1005      0.01997609
    1006      0.01802550
    1007      0.01616171
    1008      0.01438582
    1009      0.01270026
    1010      0.01110669
    1011      0.00960617
    1012      0.00820127
    1013      0.00689356
    1014      0.00568386
    1015      0.00457370
    1016      0.00356487
    1017      0.00265873
    1018      0.00185730
    1019      0.00116062
    1020      0.00056918
    1021      0.00008383
    1022     -0.00029618
    1023     -0.00057040
    1024     -0.00073960
    1025     -0.00080471
    1026     -0.00076484
    1027     -0.00062076
    1028     -0.00037333
    1029     -0.00002309
    1030      0.00042827
    1031      0.00097749
    1032      0.00162349
    1033      0.00236625
    1034      0.00320365
    1035      0.00413430
    1036      0.00515575
    1037      0.00626537
    1038      0.00746133
    1039      0.00874089
    1040      0.01010220
    1041      0.01154239
    1042      0.01305844
    1043      0.01464650
    1044      0.01630264
    1045      0.01802523
    1046      0.01981169
    1047      0.02165840
    1048      0.02356144
    1049      0.02551669
    1050      0.02752102
    1051      0.02957188
    1052      0.03166486
    1053      0.03379488
    1054      0.03595856
    1055      0.03815195
    1056      0.04037168
    1057      0.04261363
    1058      0.04487331
    1059      0.04714713
    1060      0.04943059
    1061      0.05172098
    1062      0.05401542
    1063      0.05630865
    1064      0.05859654
    1065      0.06087684
    1066      0.06314570
    1067      0.06539902
    1068      0.06763308
    1069      0.06984407
    1070      0.07202827
    1071      0.07418286
    1072      0.07630501
    1073      0.07838964
    1074      0.08043403
    1075      0.08243526
    1076      0.08438892
    1077      0.08629239
    1078      0.08814237
    1079      0.08993623
    1080      0.09167195
    1081      0.09334586
    1082      0.09495513
    1083      0.09649873
    1084      0.09797444
    1085      0.09937910
    1086      0.10071009
    1087      0.10196444
    1088      0.10314020
    1089      0.10423639
    1090      0.10525062
    1091      0.10618249
    1092      0.10703172
    1093      0.10779634
    1094      0.10847401
    1095      0.10906440
    1096      0.10956890
    1097      0.10998729
    1098      0.11031799
    1099      0.11055995
    1100      0.11071347
    1101      0.11077912
    1102      0.11075668
    1103      0.11064500
    1104      0.11044484
    1105      0.11015738
    1106      0.10978279
    1107      0.10932012
    1108      0.10876921
    1109      0.10813285
    1110      0.10741278
    1111      0.10661054
    1112      0.10572820
    1113      0.10476596
    1114      0.10372583
    1115      0.10261031
    1116      0.10142112
    1117      0.10016067
    1118      0.09883068
    1119      0.09743257
    1120      0.09596843
    1121      0.09444192
    1122      0.09285664
    1123      0.09121392
    1124      0.08951460
    1125      0.08776198
    1126      0.08596019
    1127      0.08411230
    1128      0.08222160
    1129      0.08029131
    1130      0.07832494
    1131      0.07632589
    1132      0.07429841
    1133      0.07224369
    1134      0.07016247
    1135      0.06806020
    1136      0.06594194
    1137      0.06381012
    1138      0.06166635
    1139      0.05951359
    1140      0.05735715
    1141      0.05520149
    1142      0.05304818
    1143      0.05090057
    1144      0.04876364
    1145      0.04664004
    1146      0.04453091
    1147      0.04243875
    1148      0.04036751
    1149      0.03832121
    1150      0.03630310
    1151      0.03431571
    1152      0.03236094
    1153      0.03044239
    1154      0.02856292
    1155      0.02672380
    1156      0.02492750
    1157      0.02317685
    1158      0.02147601
    1159      0.01982744
    1160      0.01823242
    1161      0.01669332
    1162      0.01521203
    1163      0.01379016
    1164      0.01242923
    1165      0.01113271
    1166      0.00990131
    1167      0.00873602
    1168      0.00763981
    1169      0.00661509
    1170      0.00566293
    1171      0.00478322
    1172      0.00397748
    1173      0.00324595
    1174      0.00258919
    1175      0.00200773
    1176      0.00150009
    1177      0.00106534
    1178      0.00070486
    1179      0.00042057
    1180      0.00021262
    1181      0.00008096
    1182      0.00002589
    1183      0.00004798
    1184      0.00014606
    1185      0.00031840
    1186      0.00056390
    1187      0.00088176
    1188      0.00127234
    1189      0.00173370
    1190      0.00226441
    1191      0.00286444
    1192      0.00353230
    1193      0.00426607
    1194      0.00506507
    1195      0.00592906
    1196      0.00685676
    1197      0.00784389
    1198      0.00888734
    1199      0.00998448
    1200      0.01113275
    1201      0.01233128
    1202      0.01357706
    1203      0.01486785
    1204      0.01620187
    1205      0.01757587
    1206      0.01898791
    1207      0.02043592
    1208      0.02191719
    1209      0.02342933
    1210      0.02497037
    1211      0.02653738
    1212      0.02812656
    1213      0.02973583
    1214      0.03136148
    1215      0.03299983
    1216      0.03464849
    1217      0.03630541
    1218      0.03796840
    1219      0.03963500
    1220      0.04130340
    1221      0.04297120
    1222      0.04463580
    1223      0.04629297
    1224      0.04794092
    1225      0.04957744
    1226      0.05119779
    1227      0.05279910
    1228      0.05437916
    1229      0.05593668
    1230      0.05746863
    1231      0.05897207
    1232      0.06044448
    1233      0.06188302
    1234      0.06328563
    1235      0.06465018
    1236      0.06597599
    1237      0.06726154
    1238      0.06850356
    1239      0.06969949
    1240      0.07084690
    1241      0.07194346
    1242      0.07298800
    1243      0.07397905
    1244      0.07491504
    1245      0.07579516
    1246      0.07661757
    1247      0.07738073
    1248      0.07808379
    1249      0.07872559
    1250      0.07930625
    1251      0.07982450
    1252      0.08027939
    1253      0.08067150
    1254      0.08099859
    1255      0.08125844
    1256      0.08145186
    1257      0.08158005
    1258      0.08164353
    1259      0.08164197
    1260      0.08157327
    1261      0.08143786
    1262      0.08123866
    1263      0.08097609
    1264      0.08064965
    1265      0.08026015
    1266      0.07980879
    1267      0.07929650
    1268      0.07872439
    1269      0.07809385
    1270      0.07740487
    1271      0.07665824
    1272      0.07585766
    1273      0.07500513
    1274      0.07409986
    1275      0.07314203
    1276      0.07213276
    1277      0.07107371
    1278      0.06996737
    1279      0.06881586
    1280      0.06762148
    1281      0.06638529
    1282      0.06510803
    1283      0.06379429
    1284      0.06244709
    1285      0.06106575
    1286      0.05965229
    1287      0.05821087
    1288      0.05674338
    1289      0.05525148
    1290      0.05373828
    1291      0.05220695
    1292      0.05065822
    1293      0.04909294
    1294      0.04751501
    1295      0.04592807
    1296      0.04433370
    1297      0.04273396
    1298      0.04113223
    1299      0.03953026
    1300      0.03792976
    1301      0.03633320
    1302      0.03474359
    1303      0.03316410
    1304      0.03159691
    1305      0.03004389
    1306      0.02850655
    1307      0.02698793
    1308      0.02549131
    1309      0.02401959
    1310      0.02257449
    1311      0.02115670
    1312      0.01976888
    1313      0.01841425
    1314      0.01709436
    1315      0.01580961
    1316      0.01456036
    1317      0.01334843
    1318      0.01217773
    1319      0.01104977
    1320      0.00996524
    1321      0.00892592
    1322      0.00793294
    1323      0.00698878
    1324      0.00609474
    1325      0.00525029
    1326      0.00445572
    1327      0.00371187
    1328      0.00302116
    1329      0.00238430
    1330      0.00180120
    1331      0.00127299
    1332      0.00079955
    1333      0.00038188
    1334      0.00002160
    1335     -0.00028112
    1336     -0.00052639
    1337     -0.00071445
    1338     -0.00084480
    1339     -0.00091797
    1340     -0.00093414
    1341     -0.00089313
    1342     -0.00079655
    1343     -0.00064419
    1344     -0.00043648
    1345     -0.00017479
    1346      0.00014075
    1347      0.00050956
    1348      0.00093085
    1349      0.00140244
    1350      0.00192205
    1351      0.00248930
    1352      0.00310457
    1353      0.00376644
    1354      0.00447182
    1355      0.00521955
    1356      0.00600817
    1357      0.00683611
    1358      0.00770302
    1359      0.00860662
    1360      0.00954509
    1361      0.01051682
    1362      0.01151957
    1363      0.01255182
    1364      0.01361105
    1365      0.01469445
    1366      0.01580064
    1367      0.01692868
    1368      0.01807688
    1369      0.01924318
    1370      0.02042501
    1371      0.02162063
    1372      0.02282832
    1373      0.02404496
    1374      0.02526822
    1375      0.02649717
    1376      0.02773110
    1377      0.02896741
    1378      0.03020430
    1379      0.03143991
    1380      0.03267081
    1381      0.03389687
    1382      0.03511769
    1383      0.03632965
    1384      0.03753031
    1385      0.03871620
    1386      0.03988422
    1387      0.04103249
    1388      0.04215984
    1389      0.04326540
    1390      0.04434728
    1391      0.04540431
    1392      0.04643393
    1393      0.04743425
    1394      0.04840499
    1395      0.04934508
    1396      0.05025280
    1397      0.05112680
    1398      0.05196576
    1399      0.05276731
    1400      0.05353012
    1401      0.05425284
    1402      0.05493454
    1403      0.05557471
    1404      0.05617203
    1405      0.05672581
    1406      0.05723356
    1407      0.05769431
    1408      0.05810841
    1409      0.05847599
    1410      0.05879677
    1411      0.05906954
    1412      0.05929376
    1413      0.05946930
    1414      0.05959612
    1415      0.05967416
    1416      0.05970221
    1417      0.05968017
    1418      0.05960971
    1419      0.05949110
    1420      0.05932496
    1421      0.05911102
    1422      0.05884941
    1423      0.05854181
    1424      0.05818811
    1425      0.05778811
    1426      0.05734243
    1427      0.05685211
    1428      0.05631806
    1429      0.05574137
    1430      0.05512348
    1431      0.05446471
    1432      0.05376582
    1433      0.05302831
    1434      0.05225340
    1435      0.05144205
    1436      0.05059664
    1437      0.04971949
    1438      0.04881083
    1439      0.04787199
    1440      0.04690464
    1441      0.04591041
    1442      0.04489319
    1443      0.04385504
    1444      0.04279683
    1445      0.04172007
    1446      0.04062595
    1447      0.03951552
    1448      0.03839126
    1449      0.03725444
    1450      0.03610617
    1451      0.03494867
    1452      0.03378333
    1453      0.03261242
    1454      0.03143834
    1455      0.03026370
    1456      0.02909064
    1457      0.02791923
    1458      0.02675051
    1459      0.02558585
    1460      0.02442637
    1461      0.02327487
    1462      0.02213268
    1463      0.02100121
    1464      0.01988259
    1465      0.01877871
    1466      0.01769134
    1467      0.01662130
    1468      0.01557035
    1469      0.01454162
    1470      0.01353772
    1471      0.01255944
    1472      0.01160736
    1473      0.01068265
    1474      0.00978604
    1475      0.00891876
    1476      0.00808210
    1477      0.00727638
    1478      0.00650224
    1479      0.00576109
    1480      0.00505443
    1481      0.00438360
    1482      0.00374973
    1483      0.00315422
    1484      0.00259765
    1485      0.00208009
    1486      0.00160283
    1487      0.00116643
    1488      0.00077227
    1489      0.00041968
    1490      0.00010703
    1491     -0.00016466
    1492     -0.00039613
    1493     -0.00058624
    1494     -0.00073314
    1495     -0.00083890
    1496     -0.00090282
    1497     -0.00092412
    1498     -0.00090410
    1499     -0.00084205
    1500     -0.00073908
    1501     -0.00059622
    1502     -0.00041325
    1503     -0.00019143
    1504      0.00006817
    1505      0.00036520
    1506      0.00069901
    1507      0.00106907
    1508      0.00147491
    1509      0.00191582
    1510      0.00239164
    1511      0.00290086
    1512      0.00344174
    1513      0.00401302
    1514      0.00461422
    1515      0.00524426
    1516      0.00590026
    1517      0.00658185
    1518      0.00728829
    1519      0.00801807
    1520      0.00876954
    1521      0.00954042
    1522      0.01032963
    1523      0.01113633
    1524      0.01195906
    1525      0.01279611
    1526      0.01364676
    1527      0.01450964
    1528      0.01538229
    1529      0.01626393
    1530      0.01715375
    1531      0.01804921
    1532      0.01894786
    1533      0.01984766
    1534      0.02074715
    1535      0.02164604
    1536      0.02254370
    1537      0.02343970
    1538      0.02433166
    1539      0.02521705
    1540      0.02609483
    1541      0.02696205
    1542      0.02781750
    1543      0.02866075
    1544      0.02948987
    1545      0.03030390
    1546      0.03110229
    1547      0.03188243
    1548      0.03264370
    1549      0.03338423
    1550      0.03410283
    1551      0.03479942
    1552      0.03547111
    1553      0.03611699
    1554      0.03673615
    1555      0.03732798
    1556      0.03789268
    1557      0.03842916
    1558      0.03893661
    1559      0.03941545
    1560      0.03986458
    1561      0.04028180
    1562      0.04066606
    1563      0.04101730
    1564      0.04133531
    1565      0.04162041
    1566      0.04187240
    1567      0.04209078
    1568      0.04227640
    1569      0.04242906
    1570      0.04254743
    1571      0.04262992
    1572      0.04267676
    1573      0.04268866
    1574      0.04266686
    1575      0.04261185
    1576      0.04252285
    1577      0.04239972
    1578      0.04224196
    1579      0.04204997
    1580      0.04182506
    1581      0.04156794
    1582      0.04127954
    1583      0.04095978
    1584      0.04060808
    1585      0.04022649
    1586      0.03981686
    1587      0.03937892
    1588      0.03891296
    1589      0.03842049
    1590      0.03790132
    1591      0.03735626
    1592      0.03678721
    1593      0.03619487
    1594      0.03557831
    1595      0.03493754
    1596      0.03427388
    1597      0.03358971
    1598      0.03288778
    1599      0.03216895
    1600      0.03143354
    1601      0.03068228
    1602      0.02991612
    1603      0.02913608
    1604      0.02834369
    1605      0.02754091
    1606      0.02672931
    1607      0.02590992
    1608      0.02508444
    1609      0.02425413
    1610      0.02341996
    1611      0.02258303
    1612      0.02174478
    1613      0.02090636
    1614      0.02006833
    1615      0.01923146
    1616      0.01839734
    1617      0.01756686
    1618      0.01674155
    1619      0.01592298
    1620      0.01511256
    1621      0.01431188
    1622      0.01352052
    1623      0.01273932
    1624      0.01197143
    1625      0.01121731
    1626      0.01047800
    1627      0.00975621
    1628      0.00905185
    1629      0.00836632
    1630      0.00769987
    1631      0.00705226
    1632      0.00642494
    1633      0.00581861
    1634      0.00523479
    1635      0.00467434
    1636      0.00413899
    1637      0.00362973
    1638      0.00314583
    1639      0.00268823
    1640      0.00225820
    1641      0.00185685
    1642      0.00148472
    1643      0.00114135
    1644      0.00082672
    1645      0.00054105
    1646      0.00028345
    1647      0.00005379
    1648     -0.00014681
    1649     -0.00031811
    1650     -0.00045943
    1651     -0.00057048
    1652     -0.00065166
    1653     -0.00070297
    1654     -0.00072405
    1655     -0.00071488
    1656     -0.00067554
    1657     -0.00060571
    1658     -0.00050619
    1659     -0.00037847
    1660     -0.00022254
    1661     -0.00003842
    1662      0.00017336
    1663      0.00041176
    1664      0.00067650
    1665      0.00096825
    1666      0.00128597
    1667      0.00162842
    1668      0.00199482
    1669      0.00238493
    1670      0.00279858
    1671      0.00323519
    1672      0.00369298
    1673      0.00417089
    1674      0.00466903
    1675      0.00518636
    1676      0.00572122
    1677      0.00627229
    1678      0.00683909
    1679      0.00742082
    1680      0.00801598
    1681      0.00862382
    1682      0.00924322
    1683      0.00987126
    1684      0.01050694
    1685      0.01115060
    1686      0.01180035
    1687      0.01245519
    1688      0.01311453
    1689      0.01377722
    1690      0.01444262
    1691      0.01510847
    1692      0.01577320
    1693      0.01643643
    1694      0.01709781
    1695      0.01775698
    1696      0.01841308
    1697      0.01906462
    1698      0.01970849
    1699      0.02034336
    1700      0.02096987
    1701      0.02158722
    1702      0.02219373
    1703      0.02278787
    1704      0.02336929
    1705      0.02393749
    1706      0.02449003
    1707      0.02502610
    1708      0.02554600
    1709      0.02604946
    1710      0.02653662
    1711      0.02700564
    1712      0.02745369
    1713      0.02788053
    1714      0.02828752
    1715      0.02867339
    1716      0.02903618
    1717      0.02937512
    1718      0.02968996
    1719      0.02998153
    1720      0.03024938
    1721      0.03049250
    1722      0.03071153
    1723      0.03090596
    1724      0.03107470
    1725      0.03121758
    1726      0.03133350
    1727      0.03142275
    1728      0.03148595
    1729      0.03152331
    1730      0.03153588
    1731      0.03152432
    1732      0.03148808
    1733      0.03142550
    1734      0.03133854
    1735      0.03122763
    1736      0.03109130
    1737      0.03093161
    1738      0.03074846
    1739      0.03054050
    1740      0.03030876
    1741      0.03005451
    1742      0.02977724
    1743      0.02947782
    1744      0.02915784
    1745      0.02881558
    1746      0.02845134
    1747      0.02806644
    1748      0.02766175
    1749      0.02723837
    1750      0.02679597
    1751      0.02633601
    1752      0.02586012
    1753      0.02536998
    1754      0.02486601
    1755      0.02434799
    1756      0.02381667
    1757      0.02327272
    1758      0.02271613
    1759      0.02214841
    1760      0.02157270
    1761      0.02098947
    1762      0.02039932
    1763      0.01980386
    1764      0.01920229
    1765      0.01859424
    1766      0.01798076
    1767      0.01736386
    1768      0.01674583
    1769      0.01612678
    1770      0.01550699
    1771      0.01488760
    1772      0.01426959
    1773      0.01365426
    1774      0.01304233
    1775      0.01243456
    1776      0.01183131
    1777      0.01123309
    1778      0.01064117
    1779      0.01005539
    1780      0.00947723
    1781      0.00891011
    1782      0.00835432
    1783      0.00780931
    1784      0.00727627
    1785      0.00675557
    1786      0.00624828
    1787      0.00575444
    1788      0.00527422
    1789      0.00480882
    1790      0.00435852
    1791      0.00392547
    1792      0.00351082
    1793      0.00311502
    1794      0.00273869
    1795      0.00238039
    1796      0.00204071
    1797      0.00172053
    1798      0.00142022
    1799      0.00114047
    1800      0.00088278
    1801      0.00064825
    1802      0.00043581
    1803      0.00024582
    1804      0.00007839
    1805     -0.00006605
    1806     -0.00018773
    1807     -0.00028692
    1808     -0.00036281
    1809     -0.00041588
    1810     -0.00044679
    1811     -0.00045567
    1812     -0.00044188
    1813     -0.00040536
    1814     -0.00034673
    1815     -0.00026686
    1816     -0.00016622
    1817     -0.00004444
    1818      0.00009831
    1819      0.00026246
    1820      0.00044805
    1821      0.00065357
    1822      0.00087828
    1823      0.00112204
    1824      0.00138393
    1825      0.00166308
    1826      0.00195864
    1827      0.00226953
    1828      0.00259443
    1829      0.00293332
    1830      0.00328698
    1831      0.00365548
    1832      0.00403706
    1833      0.00443048
    1834      0.00483577
    1835      0.00525142
    1836      0.00567662
    1837      0.00611081
    1838      0.00655309
    1839      0.00700202
    1840      0.00745746
    1841      0.00791817
    1842      0.00838207
    1843      0.00884932
    1844      0.00931998
    1845      0.00979316
    1846      0.01026788
    1847      0.01074322
    1848      0.01121737
    1849      0.01169094
    1850      0.01216402
    1851      0.01263516
    1852      0.01310310
    1853      0.01356658
    1854      0.01402550
    1855      0.01448018
    1856      0.01492902
    1857      0.01537130
    1858      0.01580697
    1859      0.01623494
    1860      0.01665514
    1861      0.01706735
    1862      0.01747020
    1863      0.01786201
    1864      0.01824214
    1865      0.01860931
    1866      0.01896409
    1867      0.01930812
    1868      0.01964048
    1869      0.01995923
    1870      0.02026370
    1871      0.02055353
    1872      0.02082815
    1873      0.02108692
    1874      0.02132832
    1875      0.02155164
    1876      0.02175768
    1877      0.02194730
    1878      0.02212062
    1879      0.02227774
    1880      0.02241773
    1881      0.02253976
    1882      0.02264434
    1883      0.02273100
    1884      0.02279843
    1885      0.02284715
    1886      0.02287828
    1887      0.02289018
    1888      0.02288245
    1889      0.02285590
    1890      0.02281214
    1891      0.02275111
    1892      0.02267151
    1893      0.02257452
    1894      0.02246034
    1895      0.02232853
    1896      0.02217823
    1897      0.02200984
    1898      0.02182345
    1899      0.02162044
    1900      0.02140138
    1901      0.02116669
    1902      0.02091855
    1903      0.02065527
    1904      0.02037661
    1905      0.02008452
    1906      0.01978041
    1907      0.01946409
    1908      0.01913566
    1909      0.01879599
    1910      0.01844441
    1911      0.01808104
    1912      0.01770647
    1913      0.01732118
    1914      0.01692523
    1915      0.01651922
    1916      0.01610484
    1917      0.01568293
    1918      0.01525432
    1919      0.01481932
    1920      0.01437798
    1921      0.01393075
    1922      0.01347897
    1923      0.01302527
    1924      0.01257055
    1925      0.01211416
    1926      0.01165440
    1927      0.01119180
    1928      0.01072902
    1929      0.01026744
    1930      0.00980676
    1931      0.00934701
    1932      0.00888975
    1933      0.00843529
    1934      0.00798425
    1935      0.00753753
    1936      0.00709542
    1937      0.00665871
    1938      0.00622686
    1939      0.00580121
    1940      0.00538343
    1941      0.00497305
    1942      0.00457107
    1943      0.00417969
    1944      0.00379958
    1945      0.00343127
    1946      0.00307533
    1947      0.00273232
    1948      0.00240204
    1949      0.00208386
    1950      0.00177900
    1951      0.00148777
    1952      0.00121051
    1953      0.00094782
    1954      0.00069988
    1955      0.00046656
    1956      0.00024823
    1957      0.00004682
    1958     -0.00013738
    1959     -0.00030483
    1960     -0.00045570
    1961     -0.00058988
    1962     -0.00070680
    1963     -0.00080647
    1964     -0.00088899
    1965     -0.00095310
    1966     -0.00099849
    1967     -0.00102670
    1968     -0.00103826
    1969     -0.00103209
    1970     -0.00100750
    1971     -0.00096514
    1972     -0.00090571
    1973     -0.00083001
    1974     -0.00073870
    1975     -0.00063176
    1976     -0.00050868
    1977     -0.00036897
    1978     -0.00021262
    1979     -0.00004131
    1980      0.00014391
    1981      0.00034301
    1982      0.00055543
    1983      0.00078056
    1984      0.00101874
    1985      0.00126976
    1986      0.00153255
    1987      0.00180688
    1988      0.00209098
    1989      0.00238411
    1990      0.00268680
    1991      0.00299810
    1992      0.00331813
    1993      0.00364655
    1994      0.00398273
    1995      0.00432655
    1996      0.00467626
    1997      0.00503184
    1998      0.00539264
    1999      0.00575728
    2000      0.00611906
    2001      0.00648989
    2002      0.00686285
    2003      0.00723704
    2004      0.00761190
    2005      0.00798704
    2006      0.00836138
    2007      0.00873314
    2008      0.00910365
    2009      0.00947223
    2010      0.00983653
    2011      0.01019646
    2012      0.01055211
    2013      0.01090258
    2014      0.01124871
    2015      0.01159145
    2016      0.01192850
    2017      0.01225910
    2018      0.01258297
    2019      0.01289795
    2020      0.01320392
    2021      0.01350150
    2022      0.01378951
    2023      0.01406835
    2024      0.01433820
    2025      0.01459757
    2026      0.01484549
    2027      0.01508215
    2028      0.01530783
    2029      0.01552286
    2030      0.01572731
    2031      0.01591989
    2032      0.01609967
    2033      0.01626625
    2034      0.01642072
    2035      0.01656127
    2036      0.01668696
    2037      0.01679848
    2038      0.01689480
    2039      0.01697704
    2040      0.01704632
    2041      0.01710068
    2042      0.01713933
    2043      0.01716245
    2044      0.01716989
    2045      0.01716237
    2046      0.01714049
    2047      0.01710410
    2048      0.01705257
    2049      0.01698583
    2050      0.01690475
    2051      0.01681006
    2052      0.01670160
    2053      0.01657946
    2054      0.01644349
    2055      0.01629367
    2056      0.01613002
    2057      0.01595354
    2058      0.01576526
    2059      0.01556487
    2060      0.01535279
    2061      0.01512839
    2062      0.01489214
    2063      0.01464585
    2064      0.01439048
    2065      0.01412604
    2066      0.01385347
    2067      0.01357340
    2068      0.01328472
    2069      0.01298733
    2070      0.01268141
    2071      0.01236693
    2072      0.01204481
    2073      0.01171656
    2074      0.01138315
    2075      0.01104479
    2076      0.01070209
    2077      0.01035595
    2078      0.01000662
    2079      0.00965392
    2080      0.00929815
    2081      0.00893971
    2082      0.00857983
    2083      0.00821908
    2084      0.00785776
    2085      0.00749693
    2086      0.00713735
    2087      0.00678043
    2088      0.00642635
    2089      0.00607635
    2090      0.00572982
    2091      0.00538527
    2092      0.00504405
    2093      0.00470723
    2094      0.00437547
    2095      0.00404873
    2096      0.00372750
    2097      0.00341237
    2098      0.00310377
    2099      0.00280275
    2100      0.00250880
    2101      0.00222197
    2102      0.00194443
    2103      0.00167692
    2104      0.00141867
    2105      0.00116984
    2106      0.00093050
    2107      0.00070116
    2108      0.00048277
    2109      0.00027504
    2110      0.00007902
    2111     -0.00010470
    2112     -0.00027638
    2113     -0.00043628
    2114     -0.00058476
    2115     -0.00072010
    2116     -0.00084194
    2117     -0.00095111
    2118     -0.00104832
    2119     -0.00113354
    2120     -0.00120544
    2121     -0.00126382
    2122     -0.00130883
    2123     -0.00134070
    2124     -0.00136016
    2125     -0.00136664
    2126     -0.00136093
    2127     -0.00134362
    2128     -0.00131436
    2129     -0.00127343
    2130     -0.00122075
    2131     -0.00115600
    2132     -0.00107949
    2133     -0.00099121
    2134     -0.00089051
    2135     -0.00077785
    2136     -0.00065379
    2137     -0.00051910
    2138     -0.00037465
    2139     -0.00021998
    2140     -0.00005491
    2141      0.00011954
    2142      0.00030353
    2143      0.00049608
    2144      0.00069536
    2145      0.00090143
    2146      0.00111573
    2147      0.00133743
    2148      0.00156560
    2149      0.00180001
    2150      0.00203957
    2151      0.00228486
    2152      0.00253541
    2153      0.00278979
    2154      0.00304819
    2155      0.00330970
    2156      0.00357371
    2157      0.00384034
    2158      0.00410767
    2159      0.00437454
    2160      0.00464083
    2161      0.00490677
    2162      0.00517242
    2163      0.00543717
    2164      0.00570015
    2165      0.00596035
    2166      0.00621755
    2167      0.00647265
    2168      0.00672547
    2169      0.00697505
    2170      0.00722156
    2171      0.00746485
    2172      0.00770385
    2173      0.00793758
    2174      0.00816651
    2175      0.00839038
    2176      0.00860826
    2177      0.00882110
    2178      0.00902796
    2179      0.00922744
    2180      0.00941981
    2181      0.00960546
    2182      0.00978360
    2183      0.00995298
    2184      0.01011388
    2185      0.01026801
    2186      0.01041509
    2187      0.01055350
    2188      0.01068362
    2189      0.01080546
    2190      0.01091994
    2191      0.01102647
    2192      0.01112339
    2193      0.01121027
    2194      0.01128719
    2195      0.01135541
    2196      0.01141486
    2197      0.01146421
    2198      0.01150321
    2199      0.01153172
    2200      0.01154917
    2201      0.01155638
    2202      0.01155420
    2203      0.01154133
    2204      0.01151771
    2205      0.01148531
    2206      0.01144458
    2207      0.01139416
    2208      0.01133464
    2209      0.01126639
    2210      0.01118796
    2211      0.01109935
    2212      0.01100116
    2213      0.01089336
    2214      0.01077597
    2215      0.01065004
    2216      0.01051651
    2217      0.01037537
    2218      0.01022800
    2219      0.01007474
    2220      0.00991402
    2221      0.00974626
    2222      0.00957232
    2223      0.00939189
    2224      0.00920514
    2225      0.00901260
    2226      0.00881461
    2227      0.00861129
    2228      0.00840280
    2229      0.00819001
    2230      0.00797349
    2231      0.00775323
    2232      0.00752953
    2233      0.00730257
    2234      0.00707298
    2235      0.00684212
    2236      0.00661050
    2237      0.00637726
    2238      0.00614140
    2239      0.00590332
    2240      0.00566593
    2241      0.00543080
    2242      0.00519611
    2243      0.00496243
    2244      0.00473084
    2245      0.00450154
    2246      0.00427552
    2247      0.00405203
    2248      0.00383063
    2249      0.00361157
    2250      0.00339589
    2251      0.00318479
    2252      0.00297837
    2253      0.00277645
    2254      0.00257862
    2255      0.00238500
    2256      0.00219583
    2257      0.00201160
    2258      0.00183337
    2259      0.00166134
    2260      0.00149574
    2261      0.00133577
    2262      0.00118070
    2263      0.00103149
    2264      0.00088876
    2265      0.00075348
    2266      0.00062484
    2267      0.00050203
    2268      0.00038567
    2269      0.00027702
    2270      0.00017642
    2271      0.00008273
    2272     -0.00000356
    2273     -0.00008190
    2274     -0.00015314
    2275     -0.00021689
    2276     -0.00027213
    2277     -0.00031976
    2278     -0.00035874
    2279     -0.00038811
    2280     -0.00040896
    2281     -0.00042158
    2282     -0.00042575
    2283     -0.00042137
    2284     -0.00040885
    2285     -0.00038916
    2286     -0.00036277
    2287     -0.00032878
    2288     -0.00028649
    2289     -0.00023612
    2290     -0.00017753
    2291     -0.00011036
    2292     -0.00003502
    2293      0.00004879
    2294      0.00014038
    2295      0.00023758
    2296      0.00033979
    2297      0.00044680
    2298      0.00055865
    2299      0.00067572
    2300      0.00079851
    2301      0.00092684
    2302      0.00105902
    2303      0.00119565
    2304      0.00133923
    2305      0.00148847
    2306      0.00164170
    2307      0.00179891
    2308      0.00196004
    2309      0.00212622
    2310      0.00229679
    2311      0.00247033
    2312      0.00264556
    2313      0.00282151
    2314      0.00299847
    2315      0.00317553
    2316      0.00335320
    2317      0.00353234
    2318      0.00371208
    2319      0.00389139
    2320      0.00407015
    2321      0.00424858
    2322      0.00442734
    2323      0.00460665
    2324      0.00478438
    2325      0.00495963
    2326      0.00513241
    2327      0.00530281
    2328      0.00547118
    2329      0.00563705
    2330      0.00580010
    2331      0.00596020
    2332      0.00611637
    2333      0.00626872
    2334      0.00641786
    2335      0.00656224
    2336      0.00670131
    2337      0.00683517
    2338      0.00696332
    2339      0.00708650
    2340      0.00720441
    2341      0.00731558
    2342      0.00742061
    2343      0.00752041
    2344      0.00761472
    2345      0.00770225
    2346      0.00778265
    2347      0.00785631
    2348      0.00792258
    2349      0.00798265
    2350      0.00803794
    2351      0.00808767
    2352      0.00813023
    2353      0.00816528
    2354      0.00819289
    2355      0.00821331
    2356      0.00822639
    2357      0.00823069
    2358      0.00822723
    2359      0.00821703
    2360      0.00819768
    2361      0.00816894
    2362      0.00813375
    2363      0.00809274
    2364      0.00804613
    2365      0.00799408
    2366      0.00793639
    2367      0.00787368
    2368      0.00780559
    2369      0.00773174
    2370      0.00765149
    2371      0.00756514
    2372      0.00747385
    2373      0.00737742
    2374      0.00727497
    2375      0.00716678
    2376      0.00705290
    2377      0.00693396
    2378      0.00681074
    2379      0.00668437
    2380      0.00655475
    2381      0.00642072
    2382      0.00628294
    2383      0.00614175
    2384      0.00599694
    2385      0.00584802
    2386      0.00569501
    2387      0.00553968
    2388      0.00538385
    2389      0.00522733
    2390      0.00507030
    2391      0.00491224
    2392      0.00475222
    2393      0.00459087
    2394      0.00442822
    2395      0.00426450
    2396      0.00410012
    2397      0.00393512
    2398      0.00377003
    2399      0.00360520
    2400      0.00344145
    2401      0.00327869
    2402      0.00311671
    2403      0.00295553
    2404      0.00279479
    2405      0.00263464
    2406      0.00247596
    2407      0.00231845
    2408      0.00216315
    2409      0.00201134
    2410      0.00186230
    2411      0.00171547
    2412      0.00157159
    2413      0.00143148
    2414      0.00129466
    2415      0.00116113
    2416      0.00103130
    2417      0.00090632
    2418      0.00078597
    2419      0.00066987
    2420      0.00055920
    2421      0.00045412
    2422      0.00035322
    2423      0.00025645
    2424      0.00016582
    2425      0.00008088
    2426      0.00000032
    2427     -0.00007483
    2428     -0.00014397
    2429     -0.00020717
    2430     -0.00026258
    2431     -0.00031026
    2432     -0.00035160
    2433     -0.00038640
    2434     -0.00041416
    2435     -0.00043435
    2436     -0.00044809
    2437     -0.00045492
    2438     -0.00045512
    2439     -0.00045043
    2440     -0.00044044
    2441     -0.00042529
    2442     -0.00040475
    2443     -0.00037762
    2444     -0.00034396
    2445     -0.00030484
    2446     -0.00026074
    2447     -0.00021212
    2448     -0.00015833
    2449     -0.00009921
    2450     -0.00003505
    2451      0.00003494
    2452      0.00011078
    2453      0.00019190
    2454      0.00027683
    2455      0.00036606
    2456      0.00045936
    2457      0.00055650
    2458      0.00065680
    2459      0.00075960
    2460      0.00086589
    2461      0.00097516
    2462      0.00108718
    2463      0.00120161
    2464      0.00131819
    2465      0.00143668
    2466      0.00155635
    2467      0.00167704
    2468      0.00179951
    2469      0.00192441
    2470      0.00205201
    2471      0.00218196
    2472      0.00231276
    2473      0.00244426
    2474      0.00257610
    2475      0.00270743
    2476      0.00283881
    2477      0.00296982
    2478      0.00310035
    2479      0.00323089
    2480      0.00336083
    2481      0.00348965
    2482      0.00361760
    2483      0.00374486
    2484      0.00386991
    2485      0.00399153
    2486      0.00410964
    2487      0.00422419
    2488      0.00433565
    2489      0.00444471
    2490      0.00455139
    2491      0.00465555
    2492      0.00475558
    2493      0.00485030
    2494      0.00494165
    2495      0.00502965
    2496      0.00511307
    2497      0.00519135
    2498      0.00526518
    2499      0.00533408
    2500      0.00539666
    2501      0.00545312
    2502      0.00550415
    2503      0.00555013
    2504      0.00559080
    2505      0.00562560
    2506      0.00565502
    2507      0.00567895
    2508      0.00569588
    2509      0.00570732
    2510      0.00571440
    2511      0.00571690
    2512      0.00571465
    2513      0.00570713
    2514      0.00569419
    2515      0.00567654
    2516      0.00565327
    2517      0.00562448
    2518      0.00559127
    2519      0.00555313
    2520      0.00550900
    2521      0.00545823
    2522      0.00540241
    2523      0.00534243
    2524      0.00527734
    2525      0.00520771
    2526      0.00513512
    2527      0.00505755
    2528      0.00497374
    2529      0.00488512
    2530      0.00479247
    2531      0.00469622
    2532      0.00459780
    2533      0.00449640
    2534      0.00439093
    2535      0.00428241
    2536      0.00417031
    2537      0.00405484
    2538      0.00393717
    2539      0.00381664
    2540      0.00369184
    2541      0.00356291
    2542      0.00343212
    2543      0.00329979
    2544      0.00316600
    2545      0.00303169
    2546      0.00289639
    2547      0.00276082
    2548      0.00262495
    2549      0.00248739
    2550      0.00234872
    2551      0.00220978
    2552      0.00207118
    2553      0.00193352
    2554      0.00179604
    2555      0.00165808
    2556      0.00152214
    2557      0.00138925
    2558      0.00125857
    2559      0.00113016
    2560      0.00100318
    2561      0.00087798
    2562      0.00075375
    2563      0.00063121
    2564      0.00051252
    2565      0.00039710
    2566      0.00028392
    2567      0.00017465
    2568      0.00007065
    2569     -0.00002862
    2570     -0.00012506
    2571     -0.00021879
    2572     -0.00030891
    2573     -0.00039530
    2574     -0.00047615
    2575     -0.00055244
    2576     -0.00062401
    2577     -0.00069092
    2578     -0.00075379
    2579     -0.00081206
    2580     -0.00086595
    2581     -0.00091523
    2582     -0.00096073
    2583     -0.00100152
    2584     -0.00103834
    2585     -0.00107175
    2586     -0.00110033
    2587     -0.00112470
    2588     -0.00114554
    2589     -0.00116318
    2590     -0.00117634
    2591     -0.00118398
    2592     -0.00118598
    2593     -0.00118181
    2594     -0.00117119
    2595     -0.00115549
    2596     -0.00113555
    2597     -0.00111017
    2598     -0.00107898
    2599     -0.00104267
    2600     -0.00100218
    2601     -0.00095742
    2602     -0.00090922
    2603     -0.00085781
    2604     -0.00080219
    2605     -0.00074338
    2606     -0.00068207
    2607     -0.00061702
    2608     -0.00054705
    2609     -0.00047245
    2610     -0.00039462
    2611     -0.00031426
    2612     -0.00023120
    2613     -0.00014500
    2614     -0.00005603
    2615      0.00003446
    2616      0.00012476
    2617      0.00021634
    2618      0.00031109
    2619      0.00040740
    2620      0.00050435
    2621      0.00060197
    2622      0.00070070
    2623      0.00079992
    2624      0.00089903
    2625      0.00099790
    2626      0.00109645
    2627      0.00119541
    2628      0.00129493
    2629      0.00139403
    2630      0.00149220
    2631      0.00158957
    2632      0.00168631
    2633      0.00178261
    2634      0.00187786
    2635      0.00197100
    2636      0.00206279
    2637      0.00215270
    2638      0.00224061
    2639      0.00232646
    2640      0.00240960
    2641      0.00249105
    2642      0.00256984
    2643      0.00264583
    2644      0.00272006
    2645      0.00279231
    2646      0.00286234
    2647      0.00292988
    2648      0.00299543
    2649      0.00305922
    2650      0.00312010
    2651      0.00317759
    2652      0.00323237
    2653      0.00328544
    2654      0.00333675
    2655      0.00338517
    2656      0.00343002
    2657      0.00347188
    2658      0.00351118
    2659      0.00354859
    2660      0.00358402
    2661      0.00361567
    2662      0.00364415
    2663      0.00366936
    2664      0.00368950
    2665      0.00370458
    2666      0.00371520
    2667      0.00372212
    2668      0.00372503
    2669      0.00372397
    2670      0.00371966
    2671      0.00371213
    2672      0.00370130
    2673      0.00368721
    2674      0.00367047
    2675      0.00365114
    2676      0.00362846
    2677      0.00360302
    2678      0.00357482
    2679      0.00354440
    2680      0.00351268
    2681      0.00347866
    2682      0.00344156
    2683      0.00340077
    2684      0.00335585
    2685      0.00330814
    2686      0.00325798
    2687      0.00320565
    2688      0.00315044
    2689      0.00309054
    2690      0.00302720
    2691      0.00296192
    2692      0.00289576
    2693      0.00282912
    2694      0.00276192
    2695      0.00269435
    2696      0.00262622
    2697      0.00255610
    2698      0.00248381
    2699      0.00241071
    2700      0.00233764
    2701      0.00226357
    2702      0.00218801
    2703      0.00211284
    2704      0.00203788
    2705      0.00196227
    2706      0.00188632
    2707      0.00181068
    2708      0.00173490
    2709      0.00165960
    2710      0.00158546
    2711      0.00151208
    2712      0.00143890
    2713      0.00136601
    2714      0.00129371
    2715      0.00122132
    2716      0.00114970
    2717      0.00108012
    2718      0.00101266
    2719      0.00094637
    2720      0.00087979
    2721      0.00081308
    2722      0.00074740
    2723      0.00068303
    2724      0.00061959
    2725      0.00055779
    2726      0.00049873
    2727      0.00044166
    2728      0.00038440
    2729      0.00032708
    2730      0.00027193
    2731      0.00021905
    2732      0.00016904
    2733      0.00012192
    2734      0.00007551
    2735      0.00002894
    2736     -0.00001700
    2737     -0.00006131
    2738     -0.00010420
    2739     -0.00014511
    2740     -0.00018357
    2741     -0.00022075
    2742     -0.00025599
    2743     -0.00028829
    2744     -0.00031869
    2745     -0.00034778
    2746     -0.00037520
    2747     -0.00040003
    2748     -0.00042213
    2749     -0.00044122
    2750     -0.00045717
    2751     -0.00047125
    2752     -0.00048431
    2753     -0.00049664
    2754     -0.00050720
    2755     -0.00051589
    2756     -0.00052350
    2757     -0.00053019
    2758     -0.00053558
    2759     -0.00053787
    2760     -0.00053682
    2761     -0.00053357
    2762     -0.00052761
    2763     -0.00051949
    2764     -0.00050998
    2765     -0.00049818
    2766     -0.00048361
    2767     -0.00046700
    2768     -0.00044877
    2769     -0.00042801
    2770     -0.00040382
    2771     -0.00037765
    2772     -0.00034900
    2773     -0.00031802
    2774     -0.00028635
    2775     -0.00025283
    2776     -0.00021709
    2777     -0.00017969
    2778     -0.00014002
    2779     -0.00009754
    2780     -0.00005219
    2781     -0.00000386
    2782      0.00004640
    2783      0.00009927
    2784      0.00015396
    2785      0.00020981
    2786      0.00026735
    2787      0.00032562
    2788      0.00038376
    2789      0.00044221
    2790      0.00050264
    2791      0.00056453
    2792      0.00062660
    2793      0.00068820
    2794      0.00074970
    2795      0.00081085
    2796      0.00087037
    2797      0.00092914
    2798      0.00098782
    2799      0.00104542
    2800      0.00110105
    2801      0.00115531
    2802      0.00120923
    2803      0.00126287
    2804      0.00131663
    2805      0.00136977
    2806      0.00142139
    2807      0.00147159
    2808      0.00151917
    2809      0.00156456
    2810      0.00160983
    2811      0.00165422
    2812      0.00169636
    2813      0.00173762
    2814      0.00177914
    2815      0.00182023
    2816      0.00186002
    2817      0.00189827
    2818      0.00193598
    2819      0.00197250
    2820      0.00200573
    2821      0.00203693
    2822      0.00206744
    2823      0.00209722
    2824      0.00212590
    2825      0.00215181
    2826      0.00217551
    2827      0.00219773
    2828      0.00221888
    2829      0.00223852
    2830      0.00225532
    2831      0.00227027
    2832      0.00228431
    2833      0.00229720
    2834      0.00230748
    2835      0.00231424
    2836      0.00231991
    2837      0.00232527
    2838      0.00232775
    2839      0.00232735
    2840      0.00232463
    2841      0.00231840
    2842      0.00230915
    2843      0.00229741
    2844      0.00228413
    2845      0.00226876
    2846      0.00225081
    2847      0.00223133
    2848      0.00221037
    2849      0.00218731
    2850      0.00216173
    2851      0.00213503
    2852      0.00210892
    2853      0.00208233
    2854      0.00205384
    2855      0.00202396
    2856      0.00199349
    2857      0.00196218
    2858      0.00192977
    2859      0.00189720
    2860      0.00186340
    2861      0.00182705
    2862      0.00178923
    2863      0.00174995
    2864      0.00170930
    2865      0.00166917
    2866      0.00162914
    2867      0.00158839
    2868      0.00154756
    2869      0.00150742
    2870      0.00146658
    2871      0.00142327
    2872      0.00137860
    2873      0.00133399
    2874      0.00128940
    2875      0.00124493
    2876      0.00120002
    2877      0.00115598
    2878      0.00111285
    2879      0.00106956
    2880      0.00102620
    2881      0.00098241
    2882      0.00093906
    2883      0.00089510
    2884      0.00084996
    2885      0.00080445
    2886      0.00075764
    2887      0.00070920
    2888      0.00066118
    2889      0.00061407
    2890      0.00056781
    2891      0.00052274
    2892      0.00047875
    2893      0.00043632
    2894      0.00039551
    2895      0.00035596
    2896      0.00031734
    2897      0.00027889
    2898      0.00024138
    2899      0.00020536
    2900      0.00016978
    2901      0.00013484
    2902      0.00010018
    2903      0.00006598
    2904      0.00003340
    2905      0.00000307
    2906     -0.00002402
    2907     -0.00004878
    2908     -0.00007261
    2909     -0.00009581
    2910     -0.00011884
    2911     -0.00014024
    2912     -0.00015911
    2913     -0.00017573
    2914     -0.00019070
    2915     -0.00020368
    2916     -0.00021569
    2917     -0.00022753
    2918     -0.00023720
    2919     -0.00024406
    2920     -0.00024834
    2921     -0.00025063
    2922     -0.00025131
    2923     -0.00025032
    2924     -0.00024713
    2925     -0.00024159
    2926     -0.00023505
    2927     -0.00022748
    2928     -0.00021793
    2929     -0.00020605
    2930     -0.00019327
    2931     -0.00017957
    2932     -0.00016236
    2933     -0.00014225
    2934     -0.00012135
    2935     -0.00009982
    2936     -0.00007666
    2937     -0.00005174
    2938     -0.00002621
    2939      0.00000069
    2940      0.00003010
    2941      0.00006135
    2942      0.00009420
    2943      0.00012885
    2944      0.00016521
    2945      0.00020229
    2946      0.00024098
    2947      0.00028149
    2948      0.00032214
    2949      0.00036191
    2950      0.00040131
    2951      0.00044080
    2952      0.00048013
    2953      0.00051991
    2954      0.00055945
    2955      0.00059763
    2956      0.00063509
    2957      0.00067219
    2958      0.00070814
    2959      0.00074406
    2960      0.00078171
    2961      0.00081999
    2962      0.00085745
    2963      0.00089418
    2964      0.00093036
    2965      0.00096573
    2966      0.00099940
    2967      0.00103245
    2968      0.00106453
    2969      0.00109591
    2970      0.00112693
    2971      0.00115692
    2972      0.00118657
    2973      0.00121467
    2974      0.00124127
    2975      0.00126729
    2976      0.00129195
    2977      0.00131520
    2978      0.00133781
    2979      0.00135958
    2980      0.00137966
    2981      0.00139730
    2982      0.00141319
    2983      0.00142752
    2984      0.00144006
    2985      0.00145127
    2986      0.00146085
    2987      0.00146876
    2988      0.00147523
    2989      0.00147954
    2990      0.00148173
    2991      0.00148248
    2992      0.00148160
    2993      0.00147911
    2994      0.00147626
    2995      0.00147296
    2996      0.00146838
    2997      0.00146130
    2998      0.00145174
    2999      0.00144220
