       0      0.99875860
       1      0.99835763
       2      0.99716648
       3      0.99519608
       4      0.99245955
       5      0.98897469
       6      0.98475192
       7      0.97980457
       8      0.97415209
       9      0.96780970
      10      0.96079518
      11      0.95312876
      12      0.94482895
      13      0.93591634
      14      0.92641319
      15      0.91633879
      16      0.90571300
      17      0.89455697
      18      0.88289422
      19      0.87074794
      20      0.85814168
      21      0.84510101
      22      0.83164889
      23      0.81780610
      24      0.80359526
      25      0.78904153
      26      0.77416769
      27      0.75899914
      28      0.74356261
      29      0.72788143
      30      0.71197868
      31      0.69587762
      32      0.67960196
      33      0.66317578
      34      0.64662179
      35      0.62996257
      36      0.61322242
      37      0.59642474
      38      0.57958884
      39      0.56273541
      40      0.54588821
      41      0.52906822
      42      0.51229346
      43      0.49558233
      44      0.47895482
      45      0.46242940
      46      0.44602380
      47      0.42975786
      48      0.41365055
      49      0.39771597
      50      0.38196754
      51      0.36642204
      52      0.35109274
      53      0.33599156
      54      0.32113110
      55      0.30652583
      56      0.29218926
      57      0.27813221
      58      0.26436582
      59      0.25090126
      60      0.23774883
      61      0.22491617
      62      0.21241104
      63      0.20024136
      64      0.18841266
      65      0.17693108
      66      0.16580414
      67      0.15503679
      68      0.14463251
      69      0.13459534
      70      0.12492746
      71      0.11563073
      72      0.10670654
      73      0.09815611
      74      0.08998130
      75      0.08218291
      76      0.07476100
      77      0.06771424
      78      0.06104010
      79      0.05473671
      80      0.04880234
      81      0.04323408
      82      0.03802814
      83      0.03318047
      84      0.02868707
      85      0.02454332
      86      0.02074407
      87      0.01728359
      88      0.01415571
      89      0.01135322
      90      0.00886916
      91      0.00669845
      92      0.00483516
      93      0.00327188
      94      0.00199912
      95      0.00100923
      96      0.00029413
      97     -0.00015635
      98     -0.00034942
      99     -0.00029302
     100      0.00000402
     101      0.00053256
     102      0.00128169
     103      0.00224266
     104      0.00340641
     105      0.00476422
     106      0.00630781
     107      0.00802624
     108      0.00990975
     109      0.01194940
     110      0.01413583
     111      0.01645900
     112      0.01891038
     113      0.02148094
     114      0.02416057
     115      0.02694056
     116      0.02981099
     117      0.03276207
     118      0.03578627
     119      0.03887543
     120      0.04201977
     121      0.04520921
     122      0.04843517
     123      0.05169020
     124      0.05496653
     125      0.05825753
     126      0.06155575
     127      0.06485306
     128      0.06814305
     129      0.07141841
     130      0.07467204
     131      0.07789669
     132      0.08108520
     133      0.08423129
     134      0.08732975
     135      0.09037640
     136      0.09336455
     137      0.09628828
     138      0.09914317
     139      0.10192521
     140      0.10463051
     141      0.10725397
     142      0.10979135
     143      0.11223905
     144      0.11459353
     145      0.11685140
     146      0.11901027
     147      0.12106756
     148      0.12302071
     149      0.12486779
     150      0.12660566
     151      0.12823242
     152      0.12974687
     153      0.13114842
     154      0.13243708
     155      0.13361110
     156      0.13466959
     157      0.13561168
     158      0.13643660
     159      0.13714539
     160      0.13773773
     161      0.13821312
     162      0.13857273
     163      0.13881714
     164      0.13894762
     165      0.13896484
     166      0.13886853
     167      0.13866148
     168      0.13834723
     169      0.13792727
     170      0.13740296
     171      0.13677736
     172      0.13605260
     173      0.13523108
     174      0.13431415
     175      0.13330278
     176      0.13220108
     177      0.13101090
     178      0.12973530
     179      0.12837791
     180      0.12694027
     181      0.12542612
     182      0.12383874
     183      0.12218214
     184      0.12046123
     185      0.11867912
     186      0.11683724
     187      0.11493759
     188      0.11298464
     189      0.11098158
     190      0.10893237
     191      0.10684018
     192      0.10470807
     193      0.10254099
     194      0.10034155
     195      0.09811260
     196      0.09585899
     197      0.09358332
     198      0.09128657
     199      0.08897258
     200      0.08664574
     201      0.08430908
     202      0.08196405
     203      0.07961370
     204      0.07726276
     205      0.07491311
     206      0.07256662
     207      0.07022691
     208      0.06789858
     209      0.06558348
     210      0.06328256
     211      0.06099888
     212      0.05873618
     213      0.05649666
     214      0.05428114
     215      0.05209137
     216      0.04993120
     217      0.04780329
     218      0.04570881
     219      0.04365013
     220      0.04162878
     221      0.03964484
     222      0.03769957
     223      0.03579609
     224      0.03393568
     225      0.03211884
     226      0.03034801
     227      0.02862360
     228      0.02694434
     229      0.02531211
     230      0.02372959
     231      0.02219804
     232      0.02071780
     233      0.01928735
     234      0.01790710
     235      0.01657892
     236      0.01530227
     237      0.01407652
     238      0.01290188
     239      0.01177913
     240      0.01070852
     241      0.00969015
     242      0.00872311
     243      0.00780613
     244      0.00693948
     245      0.00612268
     246      0.00535615
     247      0.00464105
     248      0.00397576
     249      0.00335987
     250      0.00279386
     251      0.00227611
     252      0.00180463
     253      0.00137814
     254      0.00099545
     255      0.00065634
     256      0.00035949
     257      0.00010374
     258     -0.00011066
     259     -0.00028438
     260     -0.00041836
     261     -0.00051378
     262     -0.00057207
     263     -0.00059468
     264     -0.00058355
     265     -0.00053969
     266     -0.00046266
     267     -0.00035388
     268     -0.00021543
     269     -0.00004901
     270      0.00014354
     271      0.00036146
     272      0.00060465
     273      0.00087161
     274      0.00116071
     275      0.00146999
     276      0.00179815
     277      0.00214379
     278      0.00250501
     279      0.00288100
     280      0.00327084
     281      0.00367289
     282      0.00408562
     283      0.00450825
     284      0.00493822
     285      0.00537504
     286      0.00581852
     287      0.00626686
     288      0.00671858
     289      0.00717269
     290      0.00762803
     291      0.00808308
     292      0.00853755
     293      0.00899049
     294      0.00944144
     295      0.00989060
     296      0.01033607
     297      0.01077609
     298      0.01121007
     299      0.01163766
     300      0.01205819
     301      0.01247072
     302      0.01287483
     303      0.01326983
     304      0.01365542
     305      0.01403000
     306      0.01439230
     307      0.01474314
     308      0.01508270
     309      0.01540919
     310      0.01572160
     311      0.01602053
     312      0.01630633
     313      0.01657923
     314      0.01683780
     315      0.01708167
     316      0.01731111
     317      0.01752541
     318      0.01772443
     319      0.01790744
     320      0.01807579
     321      0.01822897
     322      0.01836650
     323      0.01848859
     324      0.01859420
     325      0.01868379
     326      0.01875758
     327      0.01881621
     328      0.01885882
     329      0.01888494
     330      0.01889532
     331      0.01889016
     332      0.01886901
     333      0.01883154
     334      0.01877858
     335      0.01871094
     336      0.01862875
     337      0.01853267
     338      0.01842214
     339      0.01829789
     340      0.01816151
     341      0.01801297
     342      0.01785284
     343      0.01768147
     344      0.01749982
     345      0.01730806
     346      0.01710622
     347      0.01689488
     348      0.01667593
     349      0.01644942
     350      0.01621411
     351      0.01596969
     352      0.01571560
     353      0.01545345
     354      0.01518477
     355      0.01490925
     356      0.01462687
     357      0.01433818
     358      0.01404427
     359      0.01374492
     360      0.01343913
     361      0.01312763
     362      0.01281130
     363      0.01249148
     364      0.01216976
     365      0.01184651
     366      0.01152070
     367      0.01119323
     368      0.01086525
     369      0.01053655
     370      0.01020727
     371      0.00987804
     372      0.00954932
     373      0.00922135
     374      0.00889578
     375      0.00857390
     376      0.00825465
     377      0.00793812
     378      0.00762531
     379      0.00731757
     380      0.00701502
     381      0.00671678
     382      0.00642283
     383      0.00613287
     384      0.00584689
     385      0.00556573
     386      0.00529025
     387      0.00501959
     388      0.00475424
     389      0.00449523
     390      0.00424275
     391      0.00399668
     392      0.00375668
     393      0.00352309
     394      0.00329562
     395      0.00307412
     396      0.00285941
     397      0.00265234
     398      0.00245306
     399      0.00226146
     400      0.00207866
     401      0.00190415
     402      0.00173665
     403      0.00157649
     404      0.00142379
     405      0.00127838
     406      0.00114029
     407      0.00101068
     408      0.00088981
     409      0.00077598
     410      0.00066975
     411      0.00057208
     412      0.00048166
     413      0.00039740
     414      0.00031950
     415      0.00024820
     416      0.00018276
     417      0.00012162
     418      0.00006522
     419      0.00001522
     420     -0.00002865
     421     -0.00006694
     422     -0.00009984
     423     -0.00012749
     424     -0.00014961
     425     -0.00016545
     426     -0.00017581
     427     -0.00018223
     428     -0.00018462
     429     -0.00018118
     430     -0.00017302
     431     -0.00016321
     432     -0.00015137
     433     -0.00013644
     434     -0.00011808
     435     -0.00009572
     436     -0.00006983
     437     -0.00004110
     438     -0.00000922
     439      0.00002729
     440      0.00006817
     441      0.00011199
     442      0.00015805
     443      0.00020657
     444      0.00025770
     445      0.00031005
     446      0.00036453
     447      0.00042183
     448      0.00048012
     449      0.00053902
