       0      0.99879094
       1      0.99627049
       2      0.98882193
       3      0.97654494
       4      0.95957682
       5      0.93810037
       6      0.91235035
       7      0.88260773
       8      0.84916987
       9      0.81237377
      10      0.77262130
      11      0.73031973
      12      0.68587795
      13      0.63972975
      14      0.59233103
      15      0.54414481
      16      0.49563932
      17      0.44728324
      18      0.39952298
      19      0.35280585
      20      0.30756950
      21      0.26422016
      22      0.22314783
      23      0.18471600
      24      0.14925922
      25      0.11707900
      26      0.08844281
      27      0.06357785
      28      0.04266563
      29      0.02585553
      30      0.01325747
      31      0.00493079
      32      0.00088868
      33      0.00110842
      34      0.00552914
      35      0.01404551
      36      0.02650758
      37      0.04272795
      38      0.06248742
      39      0.08553755
      40      0.11159229
      41      0.14034105
      42      0.17145404
      43      0.20457461
      44      0.23933368
      45      0.27535251
      46      0.31223790
      47      0.34958975
      48      0.38701190
      49      0.42411994
      50      0.46053209
      51      0.49587301
      52      0.52978070
      53      0.56190687
      54      0.59193056
      55      0.61956553
      56      0.64454516
      57      0.66661918
      58      0.68558036
      59      0.70125723
      60      0.71350405
      61      0.72221315
      62      0.72731226
      63      0.72877004
      64      0.72659299
      65      0.72082329
      66      0.71153618
      67      0.69883098
      68      0.68285206
      69      0.66377068
      70      0.64178604
      71      0.61713234
      72      0.59006713
      73      0.56086579
      74      0.52982173
      75      0.49724524
      76      0.46346299
      77      0.42880663
      78      0.39361162
      79      0.35821665
      80      0.32295365
      81      0.28815523
      82      0.25414437
      83      0.22124273
      84      0.18975719
      85      0.15996541
      86      0.13212976
      87      0.10649014
      88      0.08326005
      89      0.06262695
      90      0.04475780
      91      0.02978951
      92      0.01782119
      93      0.00892689
      94      0.00314620
      95      0.00048711
      96      0.00092753
      97      0.00442296
      98      0.01089297
      99      0.02022307
     100      0.03227683
     101      0.04688907
     102      0.06387628
     103      0.08303243
     104      0.10412992
     105      0.12692795
     106      0.15116722
     107      0.17657634
     108      0.20287993
     109      0.22979240
     110      0.25702914
     111      0.28430044
     112      0.31131371
     113      0.33779402
     114      0.36346636
     115      0.38806604
     116      0.41135470
     117      0.43309849
     118      0.45307412
     119      0.47108932
     120      0.48697446
     121      0.50058126
     122      0.51177471
     123      0.52044973
     124      0.52654030
     125      0.53000243
     126      0.53082129
     127      0.52899988
     128      0.52456410
     129      0.51757070
     130      0.50809680
     131      0.49624993
     132      0.48216525
     133      0.46598731
     134      0.44788814
     135      0.42806169
     136      0.40669921
     137      0.38401167
     138      0.36022398
     139      0.33556125
     140      0.31026829
     141      0.28459658
     142      0.25879194
     143      0.23309584
     144      0.20775758
     145      0.18302546
     146      0.15911821
     147      0.13624860
     148      0.11462860
     149      0.09445239
     150      0.07589009
     151      0.05909340
     152      0.04420566
     153      0.03134537
     154      0.02060453
     155      0.01205804
     156      0.00575742
     157      0.00173562
     158      0.00000319
     159      0.00053902
     160      0.00330864
     161      0.00825633
     162      0.01529479
     163      0.02432000
     164      0.03521139
     165      0.04782685
     166      0.06202426
     167      0.07763574
     168      0.09447169
     169      0.11234353
     170      0.13105305
     171      0.15039686
     172      0.17016380
     173      0.19013991
     174      0.21011278
     175      0.22986728
     176      0.24920279
     177      0.26793472
     178      0.28586761
     179      0.30281591
     180      0.31861489
     181      0.33310386
     182      0.34614237
     183      0.35760972
     184      0.36739992
     185      0.37541676
     186      0.38157887
     187      0.38583465
     188      0.38815382
     189      0.38853279
     190      0.38697465
     191      0.38349521
     192      0.37814178
     193      0.37097651
     194      0.36207533
     195      0.35154059
     196      0.33948876
     197      0.32604273
     198      0.31134130
     199      0.29553476
     200      0.27877967
     201      0.26124182
     202      0.24309275
     203      0.22451053
     204      0.20567431
     205      0.18676573
     206      0.16796567
     207      0.14945005
     208      0.13139411
     209      0.11396100
     210      0.09730995
     211      0.08158949
     212      0.06693421
     213      0.05347494
     214      0.04132317
     215      0.03057685
     216      0.02133031
     217      0.01364977
     218      0.00758657
     219      0.00317710
     220      0.00043124
     221     -0.00064644
     222     -0.00006684
     223      0.00213610
     224      0.00592218
     225      0.01123710
     226      0.01800309
     227      0.02612661
     228      0.03550583
     229      0.04602705
     230      0.05756373
     231      0.06998457
     232      0.08315470
     233      0.09692672
     234      0.11114709
     235      0.12566035
     236      0.14031013
     237      0.15494349
     238      0.16941181
     239      0.18356409
     240      0.19724806
     241      0.21032709
     242      0.22267029
     243      0.23415438
     244      0.24466754
     245      0.25410699
     246      0.26237739
     247      0.26939736
     248      0.27511127
     249      0.27946801
     250      0.28243119
     251      0.28398781
     252      0.28412656
     253      0.28285481
     254      0.28019598
     255      0.27618056
     256      0.27085213
     257      0.26426734
     258      0.25649175
     259      0.24760944
     260      0.23771252
     261      0.22690186
     262      0.21529359
     263      0.20300818
     264      0.19016493
     265      0.17688371
     266      0.16329196
     267      0.14951955
     268      0.13569781
     269      0.12195959
     270      0.10843626
     271      0.09525182
     272      0.08252982
     273      0.07038508
     274      0.05892346
     275      0.04825029
     276      0.03845746
     277      0.02962635
     278      0.02183157
     279      0.01513273
     280      0.00957833
     281      0.00520608
     282      0.00204489
     283      0.00010837
     284     -0.00060681
     285     -0.00011041
     286      0.00157215
     287      0.00440697
     288      0.00835342
     289      0.01335394
     290      0.01934135
     291      0.02623957
     292      0.03396828
     293      0.04243901
     294      0.05155340
     295      0.06120693
     296      0.07129342
     297      0.08170081
     298      0.09231676
     299      0.10303200
     300      0.11373285
     301      0.12431224
     302      0.13465244
     303      0.14464527
     304      0.15419205
     305      0.16319107
     306      0.17155250
     307      0.17919691
     308      0.18605724
     309      0.19206113
     310      0.19715344
     311      0.20129291
     312      0.20443853
     313      0.20656739
     314      0.20766599
     315      0.20772087
     316      0.20673157
     317      0.20471286
     318      0.20168999
     319      0.19770241
     320      0.19280028
     321      0.18703504
     322      0.18046184
     323      0.17315459
     324      0.16518980
     325      0.15665300
     326      0.14763341
     327      0.13820561
     328      0.12846554
     329      0.11851608
     330      0.10844713
     331      0.09835376
     332      0.08833467
     333      0.07848773
     334      0.06890211
     335      0.05966909
     336      0.05087640
     337      0.04259270
     338      0.03488624
     339      0.02782646
     340      0.02148025
     341      0.01590407
     342      0.01113954
     343      0.00721832
     344      0.00416453
     345      0.00199354
     346      0.00071321
     347      0.00032396
     348      0.00081380
     349      0.00216030
     350      0.00433870
     351      0.00731393
     352      0.01104337
     353      0.01548282
     354      0.02058278
     355      0.02628482
     356      0.03251626
     357      0.03920417
     358      0.04627420
     359      0.05365345
     360      0.06126268
     361      0.06901452
     362      0.07683065
     363      0.08462570
     364      0.09231191
     365      0.09980602
     366      0.10703456
     367      0.11392729
     368      0.12040965
     369      0.12641690
     370      0.13189222
     371      0.13678222
     372      0.14104221
     373      0.14463576
     374      0.14752755
     375      0.14969302
     376      0.15111900
     377      0.15179052
     378      0.15170534
     379      0.15087711
     380      0.14931775
     381      0.14703839
     382      0.14405946
     383      0.14041969
     384      0.13615357
     385      0.13130254
     386      0.12592698
     387      0.12008016
     388      0.11382116
     389      0.10721083
     390      0.10031306
     391      0.09319854
     392      0.08593723
     393      0.07860248
     394      0.07126407
     395      0.06399060
     396      0.05685020
     397      0.04990685
     398      0.04322983
     399      0.03688122
     400      0.03091325
     401      0.02537341
     402      0.02030663
     403      0.01576232
     404      0.01178105
     405      0.00839180
     406      0.00561435
     407      0.00347181
     408      0.00197543
     409      0.00112238
     410      0.00091406
     411      0.00134745
     412      0.00240080
     413      0.00404992
     414      0.00627199
     415      0.00903628
     416      0.01231337
     417      0.01606597
     418      0.02024637
     419      0.02479719
     420      0.02966832
     421      0.03481478
     422      0.04017514
     423      0.04568694
     424      0.05129190
     425      0.05693202
     426      0.06254328
     427      0.06806277
     428      0.07344146
     429      0.07862232
     430      0.08354376
     431      0.08816389
     432      0.09244023
     433      0.09632427
     434      0.09978084
     435      0.10277902
     436      0.10528882
     437      0.10729356
     438      0.10878256
     439      0.10973417
     440      0.11014223
     441      0.11000959
     442      0.10933334
     443      0.10812200
     444      0.10639574
     445      0.10417408
     446      0.10147709
     447      0.09833761
     448      0.09479022
     449      0.09086897
     450      0.08660841
     451      0.08204713
     452      0.07723470
     453      0.07222833
     454      0.06707534
     455      0.06182055
     456      0.05651786
     457      0.05121692
     458      0.04596795
     459      0.04081932
     460      0.03581227
     461      0.03099382
     462      0.02641195
     463      0.02211124
     464      0.01812946
     465      0.01449960
     466      0.01125226
     467      0.00841293
     468      0.00600116
     469      0.00403311
     470      0.00252347
     471      0.00148641
     472      0.00092511
     473      0.00083195
     474      0.00119818
     475      0.00201340
     476      0.00326454
     477      0.00493235
     478      0.00699354
     479      0.00942060
     480      0.01217945
     481      0.01524069
     482      0.01857360
     483      0.02213314
     484      0.02587483
     485      0.02976306
     486      0.03375756
     487      0.03781134
     488      0.04188476
     489      0.04593902
     490      0.04992787
     491      0.05381025
     492      0.05754368
     493      0.06109068
     494      0.06442134
     495      0.06750086
     496      0.07030440
     497      0.07280220
     498      0.07496129
     499      0.07676720
     500      0.07820593
     501      0.07926272
     502      0.07992765
     503      0.08019627
     504      0.08007268
     505      0.07955913
     506      0.07866108
     507      0.07738806
     508      0.07575104
     509      0.07376544
     510      0.07145883
     511      0.06886337
     512      0.06600124
     513      0.06290114
     514      0.05959442
     515      0.05611135
     516      0.05248326
     517      0.04874662
     518      0.04494349
     519      0.04110969
     520      0.03727913
     521      0.03348297
     522      0.02975980
     523      0.02614705
     524      0.02267404
     525      0.01937553
     526      0.01627995
     527      0.01341271
     528      0.01080180
     529      0.00846710
     530      0.00642582
     531      0.00469571
     532      0.00328775
     533      0.00220816
     534      0.00146530
     535      0.00106311
     536      0.00099645
     537      0.00125611
     538      0.00183920
     539      0.00273822
     540      0.00393498
     541      0.00541459
     542      0.00716160
     543      0.00914615
     544      0.01134287
     545      0.01372599
     546      0.01626821
     547      0.01894330
     548      0.02171686
     549      0.02456512
     550      0.02746418
     551      0.03037832
     552      0.03327555
     553      0.03612775
     554      0.03890661
     555      0.04158054
     556      0.04411896
     557      0.04649515
     558      0.04868479
     559      0.05066865
     560      0.05242947
     561      0.05395490
     562      0.05522768
     563      0.05623585
     564      0.05697312
     565      0.05743407
     566      0.05761400
     567      0.05751861
     568      0.05715110
     569      0.05650944
     570      0.05560395
     571      0.05444163
     572      0.05303656
     573      0.05140348
     574      0.04955389
     575      0.04751135
     576      0.04529541
     577      0.04293147
     578      0.04044499
     579      0.03785892
     580      0.03520208
     581      0.03249961
     582      0.02977362
     583      0.02704917
     584      0.02435373
     585      0.02171191
     586      0.01914501
     587      0.01667914
     588      0.01433775
     589      0.01213721
     590      0.01009797
     591      0.00823630
     592      0.00656777
     593      0.00510891
     594      0.00387073
     595      0.00286016
     596      0.00208436
     597      0.00154792
     598      0.00124870
     599      0.00118597
     600      0.00135161
     601      0.00174246
     602      0.00235870
     603      0.00318861
     604      0.00421853
     605      0.00543649
     606      0.00683087
     607      0.00838767
     608      0.01009014
     609      0.01191674
     610      0.01384734
     611      0.01586027
     612      0.01793123
     613      0.02003507
     614      0.02215300
     615      0.02426422
     616      0.02633785
     617      0.02835449
     618      0.03029840
     619      0.03214859
     620      0.03388442
     621      0.03549152
     622      0.03695386
     623      0.03825341
     624      0.03938289
     625      0.04033253
     626      0.04109076
     627      0.04165088
     628      0.04200508
     629      0.04215261
     630      0.04208973
     631      0.04180950
     632      0.04131978
     633      0.04063294
     634      0.03975476
     635      0.03869262
     636      0.03745644
     637      0.03606139
     638      0.03452061
     639      0.03285303
     640      0.03108209
     641      0.02922117
     642      0.02728654
     643      0.02530153
     644      0.02328448
     645      0.02125321
     646      0.01922763
     647      0.01722996
     648      0.01528094
     649      0.01339285
     650      0.01158113
     651      0.00986669
     652      0.00826845
     653      0.00679805
     654      0.00546402
     655      0.00427680
     656      0.00324677
     657      0.00238885
     658      0.00170472
     659      0.00119260
     660      0.00085123
     661      0.00068141
     662      0.00068875
     663      0.00087353
     664      0.00123310
     665      0.00175414
     666      0.00242660
     667      0.00324636
     668      0.00420604
     669      0.00529090
     670      0.00648328
     671      0.00777698
     672      0.00915954
     673      0.01060881
     674      0.01211080
     675      0.01365141
     676      0.01521179
     677      0.01677486
     678      0.01832469
     679      0.01984129
     680      0.02131338
     681      0.02272643
     682      0.02406449
     683      0.02531832
     684      0.02647566
     685      0.02752487
     686      0.02845555
     687      0.02925976
     688      0.02992580
     689      0.03044767
     690      0.03082509
     691      0.03105265
     692      0.03112779
     693      0.03105139
     694      0.03082119
     695      0.03044250
     696      0.02991911
     697      0.02925543
     698      0.02846501
     699      0.02755511
     700      0.02653243
     701      0.02540808
     702      0.02419307
     703      0.02289886
     704      0.02153397
     705      0.02010719
     706      0.01863418
     707      0.01713176
     708      0.01561779
     709      0.01411012
     710      0.01261882
     711      0.01115428
     712      0.00973230
     713      0.00836553
     714      0.00706464
     715      0.00584150
     716      0.00470402
     717      0.00365807
     718      0.00271494
     719      0.00188494
     720      0.00117546
     721      0.00059403
     722      0.00014528
     723     -0.00016722
     724     -0.00034328
     725     -0.00038609
     726     -0.00029540
     727     -0.00007083
     728      0.00028371
     729      0.00076540
     730      0.00136403
     731      0.00206881
     732      0.00287073
     733      0.00375639
     734      0.00471675
     735      0.00574028
     736      0.00681205
     737      0.00792453
     738      0.00906980
     739      0.01023493
     740      0.01140792
     741      0.01257546
     742      0.01372229
     743      0.01483773
     744      0.01591404
     745      0.01693905
     746      0.01790213
     747      0.01879624
     748      0.01960737
     749      0.02032438
     750      0.02094780
     751      0.02147729
     752      0.02190339
     753      0.02221813
     754      0.02242465
     755      0.02252028
     756      0.02250084
     757      0.02237021
     758      0.02212755
     759      0.02178011
     760      0.02133715
     761      0.02079685
     762      0.02016035
     763      0.01943216
     764      0.01861954
     765      0.01773408
     766      0.01678687
     767      0.01578571
     768      0.01473987
     769      0.01366495
     770      0.01257112
     771      0.01146612
     772      0.01036308
     773      0.00926914
     774      0.00818973
     775      0.00713549
     776      0.00611761
     777      0.00514702
     778      0.00423671
     779      0.00339482
     780      0.00262594
     781      0.00194022
     782      0.00133562
     783      0.00081614
     784      0.00039424
     785      0.00007422
     786     -0.00014081
     787     -0.00025611
     788     -0.00027092
     789     -0.00018348
     790     -0.00000156
     791      0.00027072
     792      0.00062941
     793      0.00106844
     794      0.00158526
     795      0.00217445
     796      0.00282651
     797      0.00353666
     798      0.00429072
     799      0.00507522
     800      0.00588199
     801      0.00671633
     802      0.00756185
     803      0.00840816
     804      0.00925108
     805      0.01008135
     806      0.01088698
     807      0.01166200
     808      0.01239859
     809      0.01309161
     810      0.01372804
     811      0.01429708
     812      0.01480097
     813      0.01523242
     814      0.01558420
     815      0.01585582
     816      0.01604792
     817      0.01616319
     818      0.01620197
     819      0.01615938
     820      0.01603592
     821      0.01583534
     822      0.01555449
     823      0.01519744
     824      0.01477847
     825      0.01430178
     826      0.01376656
     827      0.01317839
     828      0.01254791
     829      0.01187361
     830      0.01115549
     831      0.01040388
     832      0.00963250
     833      0.00884668
     834      0.00804870
     835      0.00724909
     836      0.00646123
     837      0.00569225
     838      0.00494363
     839      0.00422848
     840      0.00355201
     841      0.00291725
     842      0.00233366
     843      0.00180856
     844      0.00134740
     845      0.00095094
     846      0.00062153
     847      0.00035819
     848      0.00015820
     849      0.00002585
     850     -0.00003691
     851     -0.00003114
     852      0.00004472
     853      0.00019147
     854      0.00040673
     855      0.00068484
     856      0.00101948
     857      0.00140633
     858      0.00183865
     859      0.00230847
     860      0.00281525
     861      0.00335883
     862      0.00392823
     863      0.00451353
     864      0.00511356
     865      0.00572344
     866      0.00633844
     867      0.00695170
     868      0.00755230
     869      0.00813357
     870      0.00869088
     871      0.00921580
     872      0.00970257
     873      0.01014901
     874      0.01055421
     875      0.01091455
     876      0.01122386
     877      0.01147761
     878      0.01167069
     879      0.01179748
     880      0.01185810
     881      0.01185831
     882      0.01179368
     883      0.01166633
     884      0.01148238
     885      0.01124130
     886      0.01094968
     887      0.01061307
     888      0.01023636
     889      0.00982360
     890      0.00937697
     891      0.00889982
     892      0.00839371
     893      0.00786140
     894      0.00731374
     895      0.00675551
     896      0.00618559
     897      0.00560795
     898      0.00503037
     899      0.00445792
     900      0.00389495
     901      0.00334648
     902      0.00281639
     903      0.00231309
     904      0.00184306
     905      0.00141059
     906      0.00102009
     907      0.00067491
     908      0.00037621
     909      0.00012457
     910     -0.00007332
     911     -0.00021764
     912     -0.00031209
     913     -0.00035991
     914     -0.00035997
     915     -0.00030957
     916     -0.00021108
     917     -0.00006326
     918      0.00013635
     919      0.00037793
     920      0.00065631
     921      0.00096920
     922      0.00130595
     923      0.00166695
     924      0.00205089
     925      0.00245273
     926      0.00286687
     927      0.00329172
     928      0.00372728
     929      0.00416497
     930      0.00459359
     931      0.00500791
     932      0.00541252
     933      0.00580225
     934      0.00616555
     935      0.00650069
     936      0.00680183
     937      0.00706406
     938      0.00728943
     939      0.00747732
     940      0.00762523
     941      0.00772915
     942      0.00778645
     943      0.00779781
     944      0.00776506
     945      0.00768658
     946      0.00755583
     947      0.00738067
     948      0.00716977
     949      0.00692365
     950      0.00664900
     951      0.00634732
     952      0.00601654
     953      0.00566233
     954      0.00528620
     955      0.00489410
     956      0.00449418
     957      0.00408755
     958      0.00367771
     959      0.00327211
     960      0.00287133
     961      0.00247484
     962      0.00208801
     963      0.00171385
     964      0.00135221
     965      0.00100865
     966      0.00069258
     967      0.00040382
     968      0.00014307
     969     -0.00008593
     970     -0.00028282
     971     -0.00044259
     972     -0.00056594
     973     -0.00065818
     974     -0.00071785
     975     -0.00074200
     976     -0.00073035
     977     -0.00068256
     978     -0.00060228
     979     -0.00049292
     980     -0.00034977
     981     -0.00017432
     982      0.00002615
     983      0.00024767
     984      0.00048515
     985      0.00073719
     986      0.00100149
     987      0.00127841
     988      0.00156202
     989      0.00184184
     990      0.00211806
     991      0.00239112
     992      0.00265959
     993      0.00292241
     994      0.00318066
     995      0.00343225
     996      0.00366778
     997      0.00387904
     998      0.00406739
     999      0.00423283
    1000      0.00437151
    1001      0.00448320
    1002      0.00456583
    1003      0.00461996
    1004      0.00464523
    1005      0.00464390
    1006      0.00461643
    1007      0.00456063
    1008      0.00448297
    1009      0.00438399
    1010      0.00425920
    1011      0.00410752
    1012      0.00393208
    1013      0.00373756
    1014      0.00352826
    1015      0.00330815
    1016      0.00307749
    1017      0.00283550
    1018      0.00258804
    1019      0.00234256
    1020      0.00210055
    1021      0.00186193
    1022      0.00163048
    1023      0.00140222
    1024      0.00117573
    1025      0.00095742
    1026      0.00075065
    1027      0.00055665
    1028      0.00037496
    1029      0.00020995
    1030      0.00006774
    1031     -0.00005154
    1032     -0.00014871
    1033     -0.00022404
    1034     -0.00028178
    1035     -0.00032037
    1036     -0.00033524
    1037     -0.00032545
    1038     -0.00029394
    1039     -0.00024224
    1040     -0.00017516
    1041     -0.00009091
    1042      0.00001289
    1043      0.00013392
    1044      0.00027339
    1045      0.00042969
    1046      0.00060183
    1047      0.00078611
    1048      0.00097801
    1049      0.00117933
    1050      0.00138580
    1051      0.00159319
    1052      0.00179848
    1053      0.00200071
    1054      0.00220137
    1055      0.00240051
    1056      0.00259448
    1057      0.00278317
    1058      0.00296835
    1059      0.00313868
    1060      0.00329107
    1061      0.00342381
    1062      0.00353531
    1063      0.00363143
    1064      0.00370912
    1065      0.00376278
    1066      0.00379121
    1067      0.00379348
    1068      0.00377250
    1069      0.00373254
    1070      0.00367402
    1071      0.00359802
    1072      0.00350541
    1073      0.00339353
    1074      0.00326462
    1075      0.00311906
    1076      0.00295531
    1077      0.00277947
    1078      0.00259814
    1079      0.00241204
    1080      0.00221943
    1081      0.00202381
    1082      0.00182776
    1083      0.00162938
    1084      0.00143033
    1085      0.00123182
    1086      0.00103577
    1087      0.00084770
    1088      0.00066689
    1089      0.00049138
    1090      0.00032483
    1091      0.00016865
    1092      0.00002960
    1093     -0.00008770
    1094     -0.00018362
    1095     -0.00026184
    1096     -0.00032636
    1097     -0.00037273
    1098     -0.00040253
    1099     -0.00041505
    1100     -0.00041164
    1101     -0.00039852
    1102     -0.00037030
    1103     -0.00032745
    1104     -0.00027430
    1105     -0.00020942
    1106     -0.00013098
    1107     -0.00004022
    1108      0.00005902
    1109      0.00016200
    1110      0.00027178
    1111      0.00039139
    1112      0.00051456
    1113      0.00063948
    1114      0.00076784
    1115      0.00090036
    1116      0.00103587
    1117      0.00117268
    1118      0.00130549
    1119      0.00143108
    1120      0.00155143
    1121      0.00166291
    1122      0.00176357
    1123      0.00185081
    1124      0.00192764
    1125      0.00199506
    1126      0.00204911
    1127      0.00209286
    1128      0.00212770
    1129      0.00214962
    1130      0.00215958
    1131      0.00216144
    1132      0.00215014
    1133      0.00212143
    1134      0.00207510
    1135      0.00201792
    1136      0.00194943
    1137      0.00186621
    1138      0.00176961
    1139      0.00166038
    1140      0.00154088
    1141      0.00141488
    1142      0.00128209
    1143      0.00114312
    1144      0.00100419
    1145      0.00086667
    1146      0.00073197
    1147      0.00060091
    1148      0.00047356
    1149      0.00035001
    1150      0.00023162
    1151      0.00011583
    1152      0.00000669
    1153     -0.00008752
    1154     -0.00017468
    1155     -0.00025639
    1156     -0.00032686
    1157     -0.00038589
    1158     -0.00043693
    1159     -0.00048113
    1160     -0.00052054
    1161     -0.00054957
    1162     -0.00056631
    1163     -0.00057742
    1164     -0.00058191
    1165     -0.00058136
    1166     -0.00057620
    1167     -0.00056438
    1168     -0.00054685
    1169     -0.00052808
    1170     -0.00050867
    1171     -0.00048756
    1172     -0.00046114
    1173     -0.00042511
    1174     -0.00038324
    1175     -0.00033720
    1176     -0.00028964
    1177     -0.00024121
    1178     -0.00019030
    1179     -0.00014054
    1180     -0.00008684
    1181     -0.00002406
    1182      0.00004053
    1183      0.00010554
    1184      0.00017533
    1185      0.00024685
    1186      0.00031806
    1187      0.00038757
    1188      0.00045711
    1189      0.00052294
    1190      0.00058138
    1191      0.00063599
    1192      0.00068961
    1193      0.00073980
    1194      0.00078572
    1195      0.00082614
    1196      0.00085977
    1197      0.00088802
    1198      0.00090888
    1199      0.00092789
