       0      0.99985909
       1      0.99023894
       2      0.96217674
       3      0.91778180
       4      0.85960031
       5      0.79044401
       6      0.71329075
       7      0.63116131
       8      0.54693809
       9      0.46328986
      10      0.38262386
      11      0.30701082
      12      0.23812302
      13      0.17722982
      14      0.12518001
      15      0.08242639
      16      0.04906936
      17      0.02485687
      18      0.00923480
      19      0.00142838
      20      0.00046771
      21      0.00526519
      22      0.01467592
      23      0.02751823
      24      0.04260554
      25      0.05882435
      26      0.07517879
      27      0.09078343
      28      0.10491541
      29      0.11700666
      30      0.12662642
      31      0.13349828
      32      0.13750685
      33      0.13866393
      34      0.13708649
      35      0.13298095
      36      0.12664227
      37      0.11843538
      38      0.10875586
      39      0.09800283
      40      0.08659065
      41      0.07492180
      42      0.06334681
      43      0.05218622
      44      0.04173896
      45      0.03224748
      46      0.02387503
      47      0.01672991
      48      0.01086875
      49      0.00630870
      50      0.00302416
      51      0.00091902
      52     -0.00013451
      53     -0.00024731
      54      0.00043797
      55      0.00176560
      56      0.00358008
      57      0.00571768
      58      0.00802737
      59      0.01037401
      60      0.01263383
      61      0.01469508
      62      0.01646965
      63      0.01789686
      64      0.01893939
      65      0.01956286
      66      0.01975543
      67      0.01954160
      68      0.01894841
      69      0.01801309
      70      0.01680739
      71      0.01540295
      72      0.01384648
      73      0.01220441
      74      0.01052903
      75      0.00885713
      76      0.00724417
      77      0.00573671
      78      0.00435705
      79      0.00312558
      80      0.00205744
      81      0.00116412
      82      0.00045816
      83     -0.00004374
      84     -0.00034302
      85     -0.00047372
      86     -0.00047264
      87     -0.00036285
      88     -0.00016026
      89      0.00012332
      90      0.00047109
      91      0.00084789
      92      0.00122144
      93      0.00158324
      94      0.00192164
      95      0.00221961
      96      0.00246973
      97      0.00266261
      98      0.00279304
      99      0.00285420
     100      0.00282600
     101      0.00272192
     102      0.00256879
     103      0.00237029
     104      0.00215248
     105      0.00192787
     106      0.00169414
     107      0.00146104
     108      0.00124276
     109      0.00103282
     110      0.00083781
     111      0.00066484
     112      0.00051088
     113      0.00038394
     114      0.00028364
     115      0.00021184
     116      0.00018440
     117      0.00018773
     118      0.00021094
     119      0.00025469
