       0      0.99913197
       1      0.98990752
       2      0.96363444
       3      0.92339575
       4      0.87227728
       5      0.81321349
       6      0.74890718
       7      0.68176616
       8      0.61382962
       9      0.54678110
      10      0.48198304
      11      0.42051658
      12      0.36313755
      13      0.31035314
      14      0.26247591
      15      0.21960063
      16      0.18167364
      17      0.14850649
      18      0.11985083
      19      0.09540834
      20      0.07481387
      21      0.05768070
      22      0.04362886
      23      0.03227108
      24      0.02322442
      25      0.01616862
      26      0.01078705
      27      0.00675616
      28      0.00383338
      29      0.00182074
      30      0.00051789
      31     -0.00025544
      32     -0.00062634
      33     -0.00069412
      34     -0.00055635
      35     -0.00029818
      36      0.00002007
      37      0.00035795
      38      0.00068346
      39      0.00098275
      40      0.00125087
      41      0.00145590
      42      0.00159410
      43      0.00168186
      44      0.00171856
      45      0.00171327
      46      0.00167156
      47      0.00160074
      48      0.00150504
      49      0.00139271
      50      0.00127302
      51      0.00114685
      52      0.00100971
      53      0.00086880
      54      0.00074046
      55      0.00062418
      56      0.00050031
      57      0.00036928
      58      0.00024150
      59      0.00010767
