       0      1.00333829
       1      0.99841995
       2      0.98844764
       3      0.97894390
       4      0.96918134
       5      0.95903590
       6      0.94926669
       7      0.93962935
       8      0.92991053
       9      0.92041883
      10      0.91107734
      11      0.90189912
      12      0.89311103
      13      0.88417962
      14      0.87525682
      15      0.86661529
      16      0.85787483
      17      0.84911247
      18      0.84060789
      19      0.83236903
      20      0.82406637
      21      0.81576532
      22      0.80755871
      23      0.79944900
      24      0.79151302
      25      0.78354160
      26      0.77556220
      27      0.76767601
      28      0.75983038
      29      0.75224284
      30      0.74505728
      31      0.73777101
      32      0.73022250
      33      0.72273824
      34      0.71547636
      35      0.70839262
      36      0.70137665
      37      0.69439712
      38      0.68736322
      39      0.68032485
      40      0.67338508
      41      0.66644023
      42      0.65970693
      43      0.65308100
      44      0.64618634
      45      0.63939412
      46      0.63293546
      47      0.62669561
      48      0.62027650
      49      0.61393630
      50      0.60793405
      51      0.60174762
      52      0.59551386
      53      0.58948848
      54      0.58336267
      55      0.57727557
      56      0.57144300
      57      0.56559769
      58      0.55959252
      59      0.55383105
      60      0.54835249
      61      0.54286087
      62      0.53763243
      63      0.53240461
      64      0.52715684
      65      0.52188961
      66      0.51666559
      67      0.51163866
      68      0.50667790
      69      0.50174620
      70      0.49665462
      71      0.49157684
      72      0.48661644
      73      0.48184085
      74      0.47719051
      75      0.47240980
      76      0.46765243
      77      0.46321982
      78      0.45873336
      79      0.45404319
      80      0.44941129
      81      0.44481633
      82      0.44060277
      83      0.43649253
      84      0.43211527
      85      0.42770100
      86      0.42329046
      87      0.41902953
      88      0.41484684
      89      0.41063717
      90      0.40669294
      91      0.40291190
      92      0.39895262
      93      0.39496410
      94      0.39101533
      95      0.38703767
      96      0.38320185
      97      0.37954985
      98      0.37582512
      99      0.37199726
     100      0.36841275
     101      0.36493398
     102      0.36124993
     103      0.35739549
     104      0.35362440
     105      0.35000384
     106      0.34648038
     107      0.34305805
     108      0.33967631
     109      0.33636750
     110      0.33310920
     111      0.32983158
     112      0.32648907
     113      0.32299654
     114      0.31964663
     115      0.31641338
     116      0.31334193
     117      0.31030207
     118      0.30715564
     119      0.30405501
     120      0.30104228
     121      0.29810822
     122      0.29519590
     123      0.29210884
     124      0.28892213
     125      0.28579711
     126      0.28278843
     127      0.27991991
     128      0.27705380
     129      0.27432445
     130      0.27157618
     131      0.26883634
     132      0.26624512
     133      0.26363768
     134      0.26096214
     135      0.25834080
     136      0.25585312
     137      0.25343062
     138      0.25095914
     139      0.24834677
     140      0.24575930
     141      0.24328500
     142      0.24070110
     143      0.23820291
     144      0.23596253
     145      0.23368558
     146      0.23131201
     147      0.22900162
     148      0.22673915
     149      0.22453526
     150      0.22227480
     151      0.21982594
     152      0.21759865
     153      0.21551523
     154      0.21332758
     155      0.21119616
     156      0.20906422
     157      0.20692967
     158      0.20472803
     159      0.20260287
     160      0.20067398
     161      0.19875674
     162      0.19677953
     163      0.19494067
     164      0.19315076
     165      0.19121451
     166      0.18927432
     167      0.18739593
     168      0.18557817
     169      0.18374788
     170      0.18202206
     171      0.18033607
     172      0.17860655
     173      0.17691911
     174      0.17520655
     175      0.17342907
     176      0.17176594
     177      0.17028245
     178      0.16861318
     179      0.16686164
     180      0.16537323
     181      0.16386059
     182      0.16226271
     183      0.16066967
     184      0.15889516
     185      0.15713451
     186      0.15546595
     187      0.15385796
     188      0.15232483
     189      0.15069839
     190      0.14907613
     191      0.14761076
     192      0.14620512
     193      0.14478491
     194      0.14337430
     195      0.14191999
     196      0.14047724
     197      0.13917803
     198      0.13786300
     199      0.13648509
     200      0.13517513
     201      0.13382623
     202      0.13249622
     203      0.13129567
     204      0.12998574
     205      0.12865664
     206      0.12736741
     207      0.12605883
     208      0.12482268
     209      0.12358137
     210      0.12249888
     211      0.12147992
     212      0.12033800
     213      0.11908952
     214      0.11795733
     215      0.11692506
     216      0.11575564
     217      0.11451695
     218      0.11326867
     219      0.11218335
     220      0.11127958
     221      0.11022725
     222      0.10903355
     223      0.10794141
     224      0.10700751
     225      0.10600128
     226      0.10489342
     227      0.10373623
     228      0.10263155
     229      0.10165918
     230      0.10065549
     231      0.09965808
     232      0.09864113
     233      0.09758477
     234      0.09654969
     235      0.09555038
     236      0.09459145
     237      0.09371660
     238      0.09278196
     239      0.09181120
     240      0.09092465
     241      0.09009962
     242      0.08911524
     243      0.08797066
     244      0.08706098
     245      0.08630436
     246      0.08546077
     247      0.08466625
     248      0.08397716
     249      0.08326501
     250      0.08244054
     251      0.08164899
     252      0.08084781
     253      0.07992707
     254      0.07912934
     255      0.07838082
     256      0.07757714
     257      0.07686187
     258      0.07611287
     259      0.07535210
     260      0.07450201
     261      0.07364819
     262      0.07284127
     263      0.07210729
     264      0.07142856
     265      0.07057025
     266      0.06976124
     267      0.06907831
     268      0.06840691
     269      0.06776093
     270      0.06695723
     271      0.06609618
     272      0.06544769
     273      0.06485237
     274      0.06420223
     275      0.06362076
     276      0.06312964
     277      0.06253208
     278      0.06189581
     279      0.06124570
     280      0.06062774
     281      0.06002425
     282      0.05942501
     283      0.05896218
     284      0.05844659
     285      0.05788148
     286      0.05737452
     287      0.05679275
     288      0.05614601
     289      0.05548821
     290      0.05481358
     291      0.05413302
     292      0.05355985
     293      0.05302775
     294      0.05245411
     295      0.05192366
     296      0.05135698
     297      0.05072023
     298      0.05014437
     299      0.04967944
     300      0.04926582
     301      0.04883966
     302      0.04837770
     303      0.04792982
     304      0.04732485
     305      0.04659397
     306      0.04606679
     307      0.04572139
     308      0.04535855
     309      0.04491028
     310      0.04446410
     311      0.04401955
     312      0.04357777
     313      0.04313841
     314      0.04263139
     315      0.04212474
     316      0.04171471
     317      0.04145147
     318      0.04108280
     319      0.04060622
     320      0.04019766
     321      0.03972989
     322      0.03935693
     323      0.03904726
     324      0.03867454
     325      0.03833051
     326      0.03794253
     327      0.03748061
     328      0.03700526
     329      0.03662575
     330      0.03626322
     331      0.03589724
     332      0.03549960
     333      0.03522199
     334      0.03495874
     335      0.03461946
     336      0.03446307
     337      0.03426529
     338      0.03390744
     339      0.03349611
     340      0.03316092
     341      0.03291230
     342      0.03255334
     343      0.03224313
     344      0.03202678
     345      0.03180866
     346      0.03146248
     347      0.03106572
     348      0.03062532
     349      0.03027239
     350      0.03010333
     351      0.02996867
     352      0.02974863
     353      0.02944053
     354      0.02916791
     355      0.02886828
     356      0.02859223
     357      0.02834449
     358      0.02806169
     359      0.02780417
     360      0.02756162
     361      0.02728474
     362      0.02711313
     363      0.02699372
     364      0.02674428
     365      0.02650912
     366      0.02628680
     367      0.02608392
     368      0.02595672
     369      0.02579357
     370      0.02560690
     371      0.02536437
     372      0.02508879
     373      0.02481326
     374      0.02450161
     375      0.02426280
     376      0.02415389
     377      0.02399058
     378      0.02376662
     379      0.02362810
     380      0.02344673
     381      0.02317180
     382      0.02291788
     383      0.02267488
     384      0.02254733
     385      0.02251993
     386      0.02244171
     387      0.02225251
     388      0.02197725
     389      0.02177419
     390      0.02163639
     391      0.02158872
     392      0.02146711
     393      0.02112594
     394      0.02083060
     395      0.02064298
     396      0.02046408
     397      0.02024600
     398      0.02007867
     399      0.01997339
     400      0.01981666
     401      0.01963368
     402      0.01945073
     403      0.01930544
     404      0.01903556
     405      0.01872034
     406      0.01849627
     407      0.01833932
     408      0.01830019
     409      0.01823124
     410      0.01791570
     411      0.01758304
     412      0.01740701
     413      0.01729858
     414      0.01709868
     415      0.01687862
     416      0.01677504
     417      0.01673361
     418      0.01663148
     419      0.01642277
     420      0.01625175
     421      0.01595513
     422      0.01560918
     423      0.01543821
     424      0.01524604
     425      0.01513963
     426      0.01506885
     427      0.01489962
     428      0.01484212
     429      0.01478754
     430      0.01464517
     431      0.01459904
     432      0.01453443
     433      0.01437747
     434      0.01416163
     435      0.01393485
     436      0.01378948
     437      0.01370017
     438      0.01363831
     439      0.01356380
     440      0.01342786
     441      0.01331227
     442      0.01321776
     443      0.01301812
     444      0.01291686
     445      0.01289660
     446      0.01284863
     447      0.01263905
     448      0.01239277
     449      0.01230132
     450      0.01217336
     451      0.01200809
     452      0.01191357
     453      0.01204431
     454      0.01215166
     455      0.01206527
     456      0.01197136
     457      0.01192339
     458      0.01194617
     459      0.01192818
     460      0.01185868
     461      0.01180397
     462      0.01176709
     463      0.01168033
     464      0.01165384
     465      0.01165047
     466      0.01163615
     467      0.01169943
     468      0.01169064
     469      0.01161135
     470      0.01156200
     471      0.01151587
     472      0.01129758
     473      0.01109057
     474      0.01106229
     475      0.01095945
     476      0.01084143
     477      0.01081044
     478      0.01073963
     479      0.01059029
     480      0.01044833
     481      0.01039187
     482      0.01029257
     483      0.01012905
     484      0.00993840
     485      0.00979158
     486      0.00977136
     487      0.00975551
     488      0.00972596
     489      0.00963791
     490      0.00954789
     491      0.00949325
     492      0.00943441
     493      0.00938493
     494      0.00929281
     495      0.00908971
     496      0.00882444
     497      0.00869216
     498      0.00868318
     499      0.00857491
     500      0.00849256
     501      0.00848005
     502      0.00840742
     503      0.00833171
     504      0.00829069
     505      0.00822346
     506      0.00811656
     507      0.00809843
     508      0.00802629
     509      0.00787694
     510      0.00775764
     511      0.00777958
     512      0.00776529
     513      0.00760634
     514      0.00763389
     515      0.00773168
     516      0.00770416
     517      0.00769059
     518      0.00770140
     519      0.00770992
     520      0.00762064
     521      0.00743859
     522      0.00725610
     523      0.00723736
     524      0.00730342
     525      0.00731096
     526      0.00731324
     527      0.00735598
     528      0.00736833
     529      0.00723242
     530      0.00710200
     531      0.00706691
     532      0.00704177
     533      0.00708455
     534      0.00714193
     535      0.00713052
     536      0.00699171
     537      0.00689286
     538      0.00696649
     539      0.00702178
     540      0.00699894
     541      0.00700875
     542      0.00700819
     543      0.00704024
     544      0.00717876
     545      0.00734842
     546      0.00747645
     547      0.00740636
     548      0.00720982
     549      0.00711538
     550      0.00711779
     551      0.00711647
     552      0.00713420
     553      0.00708413
     554      0.00694525
     555      0.00682669
     556      0.00679297
     557      0.00680263
     558      0.00674227
     559      0.00662328
     560      0.00654539
     561      0.00646670
     562      0.00644671
     563      0.00646743
     564      0.00638049
     565      0.00634899
     566      0.00631988
     567      0.00627581
     568      0.00630655
     569      0.00627756
     570      0.00615435
     571      0.00601353
     572      0.00602398
     573      0.00604381
     574      0.00592786
     575      0.00578159
     576      0.00558047
     577      0.00551347
     578      0.00548441
     579      0.00546507
     580      0.00546427
     581      0.00555220
     582      0.00570230
     583      0.00562829
     584      0.00555423
     585      0.00548827
     586      0.00542302
     587      0.00535747
     588      0.00536387
     589      0.00532828
     590      0.00508610
     591      0.00486999
     592      0.00473906
     593      0.00464643
     594      0.00459881
     595      0.00465713
     596      0.00471263
     597      0.00475161
     598      0.00480744
     599      0.00493576
     600      0.00505205
     601      0.00504092
     602      0.00499194
     603      0.00500583
     604      0.00504556
     605      0.00505115
     606      0.00504995
     607      0.00508837
     608      0.00514179
     609      0.00509119
     610      0.00504169
     611      0.00496949
     612      0.00483454
     613      0.00472609
     614      0.00475321
     615      0.00485707
     616      0.00492483
     617      0.00497133
     618      0.00505541
     619      0.00514123
     620      0.00502873
     621      0.00485396
     622      0.00475196
     623      0.00468552
     624      0.00472966
     625      0.00473060
     626      0.00471776
     627      0.00472109
     628      0.00455896
     629      0.00441186
     630      0.00433872
     631      0.00437801
     632      0.00453055
     633      0.00445163
     634      0.00435239
     635      0.00441154
     636      0.00449726
     637      0.00449542
     638      0.00453904
     639      0.00461239
     640      0.00451801
     641      0.00443430
     642      0.00448746
     643      0.00452750
     644      0.00451760
     645      0.00465262
     646      0.00474611
     647      0.00467616
     648      0.00459932
     649      0.00450123
     650      0.00450560
     651      0.00460523
     652      0.00467653
     653      0.00470903
     654      0.00458438
     655      0.00441422
     656      0.00440892
     657      0.00448881
     658      0.00447070
     659      0.00442518
     660      0.00448939
     661      0.00446286
     662      0.00437201
     663      0.00435246
     664      0.00440972
     665      0.00445847
     666      0.00439404
     667      0.00432594
     668      0.00421819
     669      0.00411356
     670      0.00401407
     671      0.00390543
     672      0.00385948
     673      0.00378244
     674      0.00371034
     675      0.00363196
     676      0.00359659
     677      0.00358662
     678      0.00358368
     679      0.00365206
     680      0.00364693
     681      0.00354570
     682      0.00346692
     683      0.00340129
     684      0.00335958
     685      0.00341976
     686      0.00339918
     687      0.00329923
     688      0.00327432
     689      0.00317280
     690      0.00314471
     691      0.00323654
     692      0.00314985
     693      0.00308222
     694      0.00292903
     695      0.00275787
     696      0.00266559
     697      0.00255413
     698      0.00251687
     699      0.00253745
     700      0.00249651
     701      0.00243312
     702      0.00245144
     703      0.00248302
     704      0.00243706
     705      0.00242842
     706      0.00249917
     707      0.00247942
     708      0.00248106
     709      0.00254869
     710      0.00261656
     711      0.00259436
     712      0.00257985
     713      0.00251757
     714      0.00249532
     715      0.00247349
     716      0.00235825
     717      0.00233733
     718      0.00252289
     719      0.00265723
     720      0.00269828
     721      0.00277061
     722      0.00277987
     723      0.00281536
     724      0.00282333
     725      0.00282857
     726      0.00289959
     727      0.00284770
     728      0.00269610
     729      0.00255543
     730      0.00241819
     731      0.00222404
     732      0.00215117
     733      0.00218649
     734      0.00216153
     735      0.00205037
     736      0.00199732
     737      0.00210011
     738      0.00212772
     739      0.00210929
     740      0.00210911
     741      0.00207916
     742      0.00200702
     743      0.00192384
     744      0.00189657
     745      0.00191222
     746      0.00185851
     747      0.00168343
     748      0.00156769
     749      0.00153732
