       0      1.00419073
       1      1.00209020
       2      0.99675615
       3      0.98962106
       4      0.98146468
       5      0.97266607
       6      0.96350764
       7      0.95421977
       8      0.94486473
       9      0.93540156
      10      0.92589578
      11      0.91642842
      12      0.90706213
      13      0.89780851
      14      0.88867541
      15      0.87963410
      16      0.87068626
      17      0.86180721
      18      0.85296713
      19      0.84419308
      20      0.83549848
      21      0.82685426
      22      0.81829220
      23      0.80982028
      24      0.80141391
      25      0.79311310
      26      0.78495152
      27      0.77695369
      28      0.76909861
      29      0.76126260
      30      0.75342564
      31      0.74566028
      32      0.73797624
      33      0.73036724
      34      0.72283837
      35      0.71535525
      36      0.70799799
      37      0.70081397
      38      0.69374155
      39      0.68677347
      40      0.67982742
      41      0.67290358
      42      0.66604520
      43      0.65924784
      44      0.65252938
      45      0.64586790
      46      0.63926655
      47      0.63274151
      48      0.62623619
      49      0.61978996
      50      0.61343489
      51      0.60716246
      52      0.60096054
      53      0.59475612
      54      0.58859460
      55      0.58250639
      56      0.57644388
      57      0.57045094
      58      0.56454931
      59      0.55871090
      60      0.55293959
      61      0.54728293
      62      0.54173597
      63      0.53625859
      64      0.53082062
      65      0.52541144
      66      0.52007116
      67      0.51477543
      68      0.50951103
      69      0.50426348
      70      0.49899915
      71      0.49382731
      72      0.48875224
      73      0.48371646
      74      0.47873156
      75      0.47375841
      76      0.46877923
      77      0.46383179
      78      0.45898544
      79      0.45426331
      80      0.44962525
      81      0.44503812
      82      0.44049557
      83      0.43598506
      84      0.43152279
      85      0.42712042
      86      0.42273425
      87      0.41838097
      88      0.41407491
      89      0.40983164
      90      0.40564188
      91      0.40150951
      92      0.39738842
      93      0.39326128
      94      0.38920259
      95      0.38516424
      96      0.38113568
      97      0.37717875
      98      0.37335675
      99      0.36956248
     100      0.36574835
     101      0.36194797
     102      0.35818250
     103      0.35447781
     104      0.35078067
     105      0.34710771
     106      0.34348314
     107      0.33993346
     108      0.33649973
     109      0.33315390
     110      0.32982780
     111      0.32651561
     112      0.32319957
     113      0.31987993
     114      0.31657746
     115      0.31331111
     116      0.31010565
     117      0.30691720
     118      0.30373910
     119      0.30060319
     120      0.29750527
     121      0.29444660
     122      0.29140098
     123      0.28838833
     124      0.28537949
     125      0.28239357
     126      0.27943129
     127      0.27648331
     128      0.27360993
     129      0.27079199
     130      0.26805526
     131      0.26536060
     132      0.26266176
     133      0.25995756
     134      0.25723492
     135      0.25452030
     136      0.25184294
     137      0.24924649
     138      0.24674097
     139      0.24426113
     140      0.24176032
     141      0.23928020
     142      0.23685269
     143      0.23444167
     144      0.23206349
     145      0.22970156
     146      0.22732857
     147      0.22496749
     148      0.22259844
     149      0.22023070
     150      0.21788209
     151      0.21557150
     152      0.21330678
     153      0.21107510
     154      0.20888620
     155      0.20674964
     156      0.20465093
     157      0.20255101
     158      0.20043402
     159      0.19836877
     160      0.19638349
     161      0.19440066
     162      0.19239283
     163      0.19039892
     164      0.18840337
     165      0.18640421
     166      0.18444950
     167      0.18253592
     168      0.18065208
     169      0.17876807
     170      0.17688073
     171      0.17501476
     172      0.17318503
     173      0.17139389
     174      0.16962089
     175      0.16787636
     176      0.16612320
     177      0.16431627
     178      0.16252474
     179      0.16075813
     180      0.15902847
     181      0.15736805
     182      0.15571273
     183      0.15404802
     184      0.15242651
     185      0.15085134
     186      0.14929710
     187      0.14780032
     188      0.14634653
     189      0.14486754
     190      0.14337484
     191      0.14190349
     192      0.14045257
     193      0.13905429
     194      0.13772558
     195      0.13641316
     196      0.13507785
     197      0.13369284
     198      0.13230370
     199      0.13093172
     200      0.12957230
     201      0.12823271
     202      0.12692928
     203      0.12563230
     204      0.12431271
     205      0.12299381
     206      0.12171001
     207      0.12049389
     208      0.11927775
     209      0.11805124
     210      0.11685896
     211      0.11571464
     212      0.11460137
     213      0.11348371
     214      0.11235363
     215      0.11123212
     216      0.11007745
     217      0.10890036
     218      0.10772411
     219      0.10655076
     220      0.10540996
     221      0.10430708
     222      0.10322574
     223      0.10216229
     224      0.10119032
     225      0.10024427
     226      0.09924362
     227      0.09825407
     228      0.09731085
     229      0.09641475
     230      0.09557077
     231      0.09472690
     232      0.09383205
     233      0.09292074
     234      0.09201086
     235      0.09109786
     236      0.09021429
     237      0.08933874
     238      0.08843053
     239      0.08754704
     240      0.08669419
     241      0.08585674
     242      0.08506268
     243      0.08427531
     244      0.08348909
     245      0.08269610
     246      0.08186820
     247      0.08100072
     248      0.08012594
     249      0.07928290
     250      0.07848295
     251      0.07774137
     252      0.07704216
     253      0.07635086
     254      0.07565302
     255      0.07495679
     256      0.07426741
     257      0.07355013
     258      0.07280575
     259      0.07207209
     260      0.07132454
     261      0.07057182
     262      0.06986823
     263      0.06918304
     264      0.06848198
     265      0.06778614
     266      0.06711148
     267      0.06645004
     268      0.06578855
     269      0.06513007
     270      0.06449668
     271      0.06385647
     272      0.06322538
     273      0.06261285
     274      0.06196666
     275      0.06133299
     276      0.06074989
     277      0.06018199
     278      0.05956833
     279      0.05893409
     280      0.05834281
     281      0.05779753
     282      0.05726877
     283      0.05669494
     284      0.05607755
     285      0.05549194
     286      0.05495135
     287      0.05444703
     288      0.05395134
     289      0.05342907
     290      0.05289738
     291      0.05237056
     292      0.05185165
     293      0.05133968
     294      0.05081832
     295      0.05028859
     296      0.04974723
     297      0.04921543
     298      0.04874279
     299      0.04829934
     300      0.04781256
     301      0.04730261
     302      0.04682363
     303      0.04634246
     304      0.04585760
     305      0.04540551
     306      0.04498986
     307      0.04456757
     308      0.04413306
     309      0.04371261
     310      0.04331114
     311      0.04290749
     312      0.04245676
     313      0.04196994
     314      0.04148110
     315      0.04104551
     316      0.04064484
     317      0.04023493
     318      0.03984333
     319      0.03944503
     320      0.03904244
     321      0.03866267
     322      0.03830083
     323      0.03794165
     324      0.03759167
     325      0.03725808
     326      0.03692956
     327      0.03657196
     328      0.03620116
     329      0.03585782
     330      0.03552586
     331      0.03520707
     332      0.03487684
     333      0.03450671
     334      0.03415425
     335      0.03384726
     336      0.03351531
     337      0.03315947
     338      0.03281368
     339      0.03246186
     340      0.03213291
     341      0.03182190
     342      0.03152516
     343      0.03122247
     344      0.03090394
     345      0.03057112
     346      0.03022576
     347      0.02990648
     348      0.02959226
     349      0.02926785
     350      0.02896238
     351      0.02870498
     352      0.02849088
     353      0.02826137
     354      0.02800486
     355      0.02773816
     356      0.02744100
     357      0.02712246
     358      0.02682330
     359      0.02652935
     360      0.02621548
     361      0.02591961
     362      0.02562847
     363      0.02534146
     364      0.02505498
     365      0.02475805
     366      0.02447258
     367      0.02421404
     368      0.02395486
     369      0.02367484
     370      0.02342635
     371      0.02321978
     372      0.02301783
     373      0.02279137
     374      0.02252585
     375      0.02225203
     376      0.02196837
     377      0.02167811
     378      0.02138792
     379      0.02107757
     380      0.02078161
     381      0.02051995
     382      0.02028396
     383      0.02008226
     384      0.01988786
     385      0.01966175
     386      0.01942697
     387      0.01922211
     388      0.01906216
     389      0.01891317
     390      0.01872720
     391      0.01852598
     392      0.01833957
     393      0.01817504
     394      0.01803346
     395      0.01788966
     396      0.01775769
     397      0.01765775
     398      0.01753808
     399      0.01736514
     400      0.01717035
     401      0.01698533
     402      0.01681085
     403      0.01665304
     404      0.01653829
     405      0.01642290
     406      0.01628732
     407      0.01613442
     408      0.01596748
     409      0.01579832
     410      0.01562552
     411      0.01546339
     412      0.01530138
     413      0.01514916
     414      0.01501737
     415      0.01487270
     416      0.01472870
     417      0.01458025
     418      0.01443565
     419      0.01430846
     420      0.01412481
     421      0.01389310
     422      0.01366600
     423      0.01347479
     424      0.01331204
     425      0.01314376
     426      0.01298423
     427      0.01285490
     428      0.01276062
     429      0.01266575
     430      0.01255092
     431      0.01245363
     432      0.01235116
     433      0.01219410
     434      0.01201788
     435      0.01185924
     436      0.01171469
     437      0.01158692
     438      0.01149152
     439      0.01139965
     440      0.01130355
     441      0.01121744
     442      0.01113505
     443      0.01105372
     444      0.01096392
     445      0.01086934
     446      0.01077429
     447      0.01066607
     448      0.01053998
     449      0.01039631
     450      0.01023998
     451      0.01010762
     452      0.01002656
     453      0.00996284
     454      0.00989251
     455      0.00981964
     456      0.00975970
     457      0.00968469
     458      0.00957989
     459      0.00946391
     460      0.00934933
     461      0.00926234
     462      0.00921664
     463      0.00914891
     464      0.00903144
     465      0.00894346
     466      0.00889183
     467      0.00884051
     468      0.00877294
     469      0.00870755
     470      0.00864143
     471      0.00858132
     472      0.00853330
     473      0.00847905
     474      0.00842927
     475      0.00837434
     476      0.00832005
     477      0.00827703
     478      0.00821873
     479      0.00816261
     480      0.00814008
     481      0.00812604
     482      0.00809601
     483      0.00806974
     484      0.00801906
     485      0.00793635
     486      0.00787146
     487      0.00785458
     488      0.00784745
     489      0.00782581
     490      0.00778223
     491      0.00770011
     492      0.00757894
     493      0.00747735
     494      0.00740980
     495      0.00733243
     496      0.00723190
     497      0.00710371
     498      0.00696602
     499      0.00684361
     500      0.00674403
     501      0.00665105
     502      0.00657469
     503      0.00651333
     504      0.00644972
     505      0.00640335
     506      0.00636871
     507      0.00630743
     508      0.00626741
     509      0.00624156
     510      0.00620350
     511      0.00617465
     512      0.00612184
     513      0.00604747
     514      0.00598450
     515      0.00593824
     516      0.00588476
     517      0.00579344
     518      0.00569827
     519      0.00562883
     520      0.00554764
     521      0.00546224
     522      0.00536943
     523      0.00529097
     524      0.00524557
     525      0.00520710
     526      0.00517317
     527      0.00512620
     528      0.00506428
     529      0.00499219
     530      0.00487088
     531      0.00473643
     532      0.00465014
     533      0.00458781
     534      0.00452943
     535      0.00446945
     536      0.00441461
     537      0.00439467
     538      0.00439216
     539      0.00438068
     540      0.00434343
     541      0.00430341
     542      0.00427102
     543      0.00424828
     544      0.00423022
     545      0.00420091
     546      0.00417382
     547      0.00412253
     548      0.00407847
     549      0.00406036
     550      0.00404539
     551      0.00403480
     552      0.00401892
     553      0.00398506
     554      0.00391938
     555      0.00382638
     556      0.00375837
     557      0.00373920
     558      0.00372567
     559      0.00371211
     560      0.00368155
     561      0.00363586
     562      0.00360819
     563      0.00358888
     564      0.00356252
     565      0.00354394
     566      0.00355801
     567      0.00352730
     568      0.00344919
     569      0.00341328
     570      0.00342285
     571      0.00344878
     572      0.00345490
     573      0.00341074
     574      0.00335422
     575      0.00334376
     576      0.00333605
     577      0.00331497
     578      0.00328729
     579      0.00325395
     580      0.00323504
     581      0.00320184
     582      0.00315790
     583      0.00313246
     584      0.00312042
     585      0.00310420
     586      0.00309311
     587      0.00309237
     588      0.00309686
     589      0.00310704
     590      0.00314488
     591      0.00318731
     592      0.00319838
     593      0.00320347
     594      0.00316492
     595      0.00311774
     596      0.00311308
     597      0.00313430
     598      0.00317704
     599      0.00321728
     600      0.00322381
     601      0.00320090
     602      0.00316160
     603      0.00311199
     604      0.00307191
     605      0.00304995
     606      0.00305494
     607      0.00304434
     608      0.00301461
     609      0.00298976
     610      0.00295901
     611      0.00291882
     612      0.00288674
     613      0.00288759
     614      0.00293538
     615      0.00296635
     616      0.00291989
     617      0.00285018
     618      0.00282449
     619      0.00284132
     620      0.00287770
     621      0.00288909
     622      0.00285520
     623      0.00279933
     624      0.00275201
     625      0.00272876
     626      0.00269078
     627      0.00263151
     628      0.00258522
     629      0.00258993
     630      0.00261498
     631      0.00262488
     632      0.00265173
     633      0.00267446
     634      0.00267166
     635      0.00266345
     636      0.00266863
     637      0.00270053
     638      0.00271937
     639      0.00270207
     640      0.00268053
     641      0.00267115
     642      0.00263202
     643      0.00256781
     644      0.00251078
     645      0.00248296
     646      0.00247180
     647      0.00246253
     648      0.00248341
     649      0.00250620
     650      0.00250492
     651      0.00247774
     652      0.00242920
     653      0.00235569
     654      0.00227041
     655      0.00223703
     656      0.00225227
     657      0.00226007
     658      0.00226823
     659      0.00226220
     660      0.00224448
     661      0.00222891
     662      0.00222593
     663      0.00220360
     664      0.00216151
     665      0.00212534
     666      0.00207551
     667      0.00204603
     668      0.00206563
     669      0.00213299
     670      0.00221004
     671      0.00223804
     672      0.00223852
     673      0.00224894
     674      0.00224367
     675      0.00220897
     676      0.00217959
     677      0.00217817
     678      0.00220275
     679      0.00221112
     680      0.00217127
     681      0.00209424
     682      0.00200992
     683      0.00196218
     684      0.00195927
     685      0.00195593
     686      0.00194169
     687      0.00192948
     688      0.00192720
     689      0.00193297
     690      0.00192536
     691      0.00189954
     692      0.00186084
     693      0.00179688
     694      0.00167365
     695      0.00154001
     696      0.00144618
     697      0.00134827
     698      0.00126165
     699      0.00120400
     700      0.00115879
     701      0.00112157
     702      0.00107088
     703      0.00106195
     704      0.00109467
     705      0.00109145
     706      0.00106775
     707      0.00105303
     708      0.00106363
     709      0.00107425
     710      0.00107745
     711      0.00107154
     712      0.00104946
     713      0.00103818
     714      0.00104733
     715      0.00107205
     716      0.00110168
     717      0.00114643
     718      0.00122532
     719      0.00128682
     720      0.00130753
     721      0.00129886
     722      0.00127423
     723      0.00125044
     724      0.00122019
     725      0.00117743
     726      0.00112188
     727      0.00109765
     728      0.00111080
     729      0.00109749
     730      0.00106540
     731      0.00106859
     732      0.00107276
     733      0.00104994
     734      0.00103388
     735      0.00102321
     736      0.00099790
     737      0.00097614
     738      0.00095100
     739      0.00094527
     740      0.00095954
     741      0.00097731
     742      0.00100611
     743      0.00107887
     744      0.00117147
     745      0.00125175
     746      0.00130355
     747      0.00131735
     748      0.00131445
     749      0.00129218
     750      0.00127913
     751      0.00126265
     752      0.00122464
     753      0.00119304
     754      0.00118171
     755      0.00116329
     756      0.00115241
     757      0.00114419
     758      0.00112182
     759      0.00110225
     760      0.00110493
     761      0.00112152
     762      0.00112940
     763      0.00112960
     764      0.00111486
     765      0.00108553
     766      0.00104847
     767      0.00102205
     768      0.00099929
     769      0.00098455
     770      0.00101314
     771      0.00107440
     772      0.00110802
     773      0.00110182
     774      0.00108205
     775      0.00105487
     776      0.00102772
     777      0.00099213
     778      0.00098170
     779      0.00097481
     780      0.00095123
     781      0.00091423
     782      0.00086757
     783      0.00083296
     784      0.00081387
     785      0.00082561
     786      0.00085803
     787      0.00090373
     788      0.00094364
     789      0.00096645
     790      0.00097548
     791      0.00096026
     792      0.00091410
     793      0.00083557
     794      0.00074311
     795      0.00067534
     796      0.00061681
     797      0.00058685
     798      0.00058492
     799      0.00057834
