       0      0.99956290
       1      0.99040252
       2      0.96447716
       3      0.92508424
       4      0.87542776
       5      0.81843101
       6      0.75671095
       7      0.69254643
       8      0.62784067
       9      0.56412385
      10      0.50262180
      11      0.44424016
      12      0.38960836
      13      0.33913816
      14      0.29302717
      15      0.25133829
      16      0.21402972
      17      0.18093797
      18      0.15183893
      19      0.12647440
      20      0.10453068
      21      0.08570112
      22      0.06970545
      23      0.05621944
      24      0.04492284
      25      0.03554799
      26      0.02783880
      27      0.02154404
      28      0.01644129
      29      0.01235928
      30      0.00914977
      31      0.00666019
      32      0.00475185
      33      0.00330264
      34      0.00221192
      35      0.00141224
      36      0.00083770
      37      0.00043439
      38      0.00017134
      39      0.00001704
