       0      1.00083927
       1      0.99843316
       2      0.99123444
       3      0.97950137
       4      0.96352379
       5      0.94362253
       6      0.92012405
       7      0.89337305
       8      0.86373021
       9      0.83156774
      10      0.79724972
      11      0.76113187
      12      0.72357840
      13      0.68493580
      14      0.64553443
      15      0.60570358
      16      0.56575507
      17      0.52597805
      18      0.48664333
      19      0.44800086
      20      0.41027609
      21      0.37367037
      22      0.33835825
      23      0.30450036
      24      0.27223685
      25      0.24168631
      26      0.21294200
      27      0.18606322
      28      0.16109189
      29      0.13805650
      30      0.11697400
      31      0.09784219
      32      0.08063629
      33      0.06532066
      34      0.05184757
      35      0.04015013
      36      0.03014756
      37      0.02175819
      38      0.01489825
      39      0.00947685
      40      0.00539304
      41      0.00254570
      42      0.00083130
      43      0.00014014
      44      0.00036531
      45      0.00140350
      46      0.00315109
      47      0.00550057
      48      0.00835191
      49      0.01161129
      50      0.01518582
      51      0.01899107
      52      0.02294424
      53      0.02696984
      54      0.03100468
      55      0.03498290
      56      0.03884486
      57      0.04255185
      58      0.04606233
      59      0.04933106
      60      0.05232528
      61      0.05502133
      62      0.05740209
      63      0.05945268
      64      0.06116179
      65      0.06252947
      66      0.06355040
      67      0.06422297
      68      0.06455722
      69      0.06456620
      70      0.06425739
      71      0.06364218
      72      0.06273652
      73      0.06156063
      74      0.06014579
      75      0.05851373
      76      0.05668699
      77      0.05468596
      78      0.05253564
      79      0.05026568
      80      0.04789605
      81      0.04544308
      82      0.04292519
      83      0.04036894
      84      0.03779715
      85      0.03523465
      86      0.03269801
      87      0.03019280
      88      0.02773674
      89      0.02534609
      90      0.02303183
      91      0.02080818
      92      0.01868827
      93      0.01668322
      94      0.01480173
      95      0.01304121
      96      0.01140114
      97      0.00988466
      98      0.00849010
      99      0.00721966
     100      0.00607601
     101      0.00505878
     102      0.00416344
     103      0.00338729
     104      0.00272423
     105      0.00216516
     106      0.00170376
     107      0.00133691
     108      0.00105814
     109      0.00086387
     110      0.00074813
     111      0.00069941
     112      0.00071130
     113      0.00078072
     114      0.00089470
     115      0.00104144
     116      0.00121518
     117      0.00140714
     118      0.00161625
     119      0.00184155
     120      0.00207477
     121      0.00231371
     122      0.00255235
     123      0.00278611
     124      0.00301585
     125      0.00323745
     126      0.00344564
     127      0.00363890
     128      0.00381344
     129      0.00396561
     130      0.00409692
     131      0.00420440
     132      0.00428978
     133      0.00435811
     134      0.00440655
     135      0.00443381
     136      0.00444370
     137      0.00443607
     138      0.00441071
     139      0.00437352
     140      0.00432326
     141      0.00425246
     142      0.00416508
     143      0.00406911
     144      0.00396628
     145      0.00385550
     146      0.00373488
     147      0.00360319
     148      0.00346442
     149      0.00332186
     150      0.00317540
     151      0.00302482
     152      0.00287160
     153      0.00271721
     154      0.00256112
     155      0.00240387
     156      0.00224524
     157      0.00208720
     158      0.00193740
     159      0.00179454
     160      0.00165691
     161      0.00152391
     162      0.00139582
     163      0.00127130
     164      0.00115122
     165      0.00104116
     166      0.00094103
     167      0.00084880
     168      0.00076277
     169      0.00067822
