       0      0.99491575
       1      0.99365275
       2      0.99101977
       3      0.98839101
       4      0.98571324
       5      0.98312939
       6      0.98065126
       7      0.97800683
       8      0.97558874
       9      0.97324535
      10      0.97071209
      11      0.96825553
      12      0.96594797
      13      0.96344229
      14      0.96084006
      15      0.95839535
      16      0.95586098
      17      0.95337430
      18      0.95110115
      19      0.94880507
      20      0.94631179
      21      0.94390574
      22      0.94163889
      23      0.93935195
      24      0.93684009
      25      0.93448251
      26      0.93235322
      27      0.92993421
      28      0.92753381
      29      0.92531876
      30      0.92291976
      31      0.92043314
      32      0.91817184
      33      0.91596397
      34      0.91371308
      35      0.91126162
      36      0.90878399
      37      0.90652341
      38      0.90430555
      39      0.90208720
      40      0.89973350
      41      0.89732001
      42      0.89505501
      43      0.89282312
      44      0.89055364
      45      0.88835545
      46      0.88623967
      47      0.88410829
      48      0.88192086
      49      0.87987688
      50      0.87784235
      51      0.87552645
      52      0.87324334
      53      0.87107147
      54      0.86879718
      55      0.86647951
      56      0.86426558
      57      0.86209828
      58      0.86002332
      59      0.85798456
      60      0.85591634
      61      0.85377479
      62      0.85165715
      63      0.84961158
      64      0.84750252
      65      0.84538429
      66      0.84325478
      67      0.84109962
      68      0.83890224
      69      0.83685761
      70      0.83491620
      71      0.83302818
      72      0.83117896
      73      0.82915845
      74      0.82697838
      75      0.82480937
      76      0.82278231
      77      0.82072715
      78      0.81876438
      79      0.81678341
      80      0.81478245
      81      0.81286284
      82      0.81079054
      83      0.80872450
      84      0.80672833
      85      0.80484386
      86      0.80287735
      87      0.80088685
      88      0.79892540
      89      0.79677740
      90      0.79475565
      91      0.79269932
      92      0.79055927
      93      0.78850750
      94      0.78651343
      95      0.78456384
      96      0.78261130
      97      0.78061736
      98      0.77859771
      99      0.77669441
     100      0.77489389
     101      0.77309547
     102      0.77126461
     103      0.76931270
     104      0.76726945
     105      0.76530943
     106      0.76341118
     107      0.76137639
     108      0.75924802
     109      0.75730737
     110      0.75544521
     111      0.75353584
     112      0.75173299
     113      0.74986860
     114      0.74800472
     115      0.74619769
     116      0.74419370
     117      0.74212506
     118      0.74024343
     119      0.73842194
     120      0.73648931
     121      0.73443182
     122      0.73242937
     123      0.73060836
     124      0.72881790
     125      0.72688907
     126      0.72489109
     127      0.72292248
     128      0.72107438
     129      0.71931666
     130      0.71728825
     131      0.71519269
     132      0.71326347
     133      0.71140544
     134      0.70966934
     135      0.70801271
     136      0.70630992
     137      0.70445127
     138      0.70278257
     139      0.70106495
     140      0.69905143
     141      0.69714010
     142      0.69529145
     143      0.69355378
     144      0.69187488
     145      0.69016375
     146      0.68843862
     147      0.68673322
     148      0.68502850
     149      0.68329995
     150      0.68157618
     151      0.67989628
     152      0.67816932
     153      0.67648425
     154      0.67475409
     155      0.67299706
     156      0.67131833
     157      0.66964801
     158      0.66804438
     159      0.66631699
     160      0.66441293
     161      0.66254966
     162      0.66071103
     163      0.65888345
     164      0.65718141
     165      0.65542274
     166      0.65365491
     167      0.65196933
     168      0.65028425
     169      0.64878016
     170      0.64736472
     171      0.64579229
     172      0.64404800
     173      0.64226416
     174      0.64055563
     175      0.63895353
     176      0.63746029
     177      0.63590045
     178      0.63425723
     179      0.63276965
     180      0.63133368
     181      0.62975321
     182      0.62827033
     183      0.62683082
     184      0.62512500
     185      0.62327862
     186      0.62152195
     187      0.61987300
     188      0.61824605
     189      0.61662766
     190      0.61509567
     191      0.61345943
     192      0.61183922
     193      0.61025583
     194      0.60865373
     195      0.60720435
     196      0.60577685
     197      0.60422504
     198      0.60261419
     199      0.60102236
     200      0.59953779
     201      0.59816676
     202      0.59656858
     203      0.59496849
     204      0.59339691
     205      0.59177379
     206      0.59029995
     207      0.58883367
     208      0.58753244
     209      0.58610303
     210      0.58447526
     211      0.58295705
     212      0.58152985
     213      0.58015726
     214      0.57868567
     215      0.57715012
     216      0.57570922
     217      0.57421179
     218      0.57263478
     219      0.57126903
     220      0.56983845
     221      0.56817384
     222      0.56672130
     223      0.56533930
     224      0.56391164
     225      0.56265660
     226      0.56129715
     227      0.55972840
     228      0.55824054
     229      0.55689865
     230      0.55555264
     231      0.55419506
     232      0.55291472
     233      0.55162845
     234      0.55024560
     235      0.54885314
     236      0.54742011
     237      0.54587447
     238      0.54423188
     239      0.54267773
     240      0.54115858
     241      0.53961103
     242      0.53813761
     243      0.53676957
     244      0.53556046
     245      0.53421958
     246      0.53284373
     247      0.53161838
     248      0.53034829
     249      0.52895572
     250      0.52767203
     251      0.52645069
     252      0.52506049
     253      0.52364684
     254      0.52227930
     255      0.52092510
     256      0.51965324
     257      0.51835711
     258      0.51695347
     259      0.51559660
     260      0.51427646
     261      0.51298936
     262      0.51175646
     263      0.51055366
     264      0.50922321
     265      0.50781093
     266      0.50641599
     267      0.50505445
     268      0.50383859
     269      0.50256974
     270      0.50109687
     271      0.49974525
     272      0.49854272
     273      0.49723138
     274      0.49603505
     275      0.49479634
     276      0.49337701
     277      0.49205742
     278      0.49074798
     279      0.48953894
     280      0.48846709
     281      0.48720299
     282      0.48576904
     283      0.48444790
     284      0.48324877
     285      0.48208345
     286      0.48087853
     287      0.47955441
     288      0.47828876
     289      0.47709932
     290      0.47586974
     291      0.47462209
     292      0.47337990
     293      0.47218043
     294      0.47101796
     295      0.46984999
     296      0.46867813
     297      0.46750171
     298      0.46638331
     299      0.46529093
     300      0.46416283
     301      0.46295877
     302      0.46175170
     303      0.46061846
     304      0.45955229
     305      0.45841738
     306      0.45718472
     307      0.45600766
     308      0.45479577
     309      0.45362977
     310      0.45251350
     311      0.45140410
     312      0.45020578
     313      0.44898081
     314      0.44787790
     315      0.44683119
     316      0.44564416
     317      0.44431404
     318      0.44319842
     319      0.44215736
     320      0.44099729
     321      0.43993666
     322      0.43893330
     323      0.43785738
     324      0.43676466
     325      0.43562234
     326      0.43461271
     327      0.43353688
     328      0.43235555
     329      0.43125848
     330      0.43015212
     331      0.42914170
     332      0.42816406
     333      0.42710730
     334      0.42591502
     335      0.42472629
     336      0.42365494
     337      0.42262874
     338      0.42153574
     339      0.42037379
     340      0.41928907
     341      0.41835412
     342      0.41741360
     343      0.41633824
     344      0.41529525
     345      0.41429029
     346      0.41330356
     347      0.41228291
     348      0.41118583
     349      0.41011405
     350      0.40911457
     351      0.40809954
     352      0.40706130
     353      0.40603520
     354      0.40500770
     355      0.40395448
     356      0.40290705
     357      0.40173648
     358      0.40046395
     359      0.39935659
     360      0.39837869
     361      0.39741636
     362      0.39634524
     363      0.39519682
     364      0.39403864
     365      0.39306721
     366      0.39227239
     367      0.39137198
     368      0.39039117
     369      0.38944024
     370      0.38844429
     371      0.38740746
     372      0.38644547
     373      0.38556621
     374      0.38454456
     375      0.38350655
     376      0.38258832
     377      0.38158929
     378      0.38052574
     379      0.37953415
     380      0.37865837
     381      0.37777959
     382      0.37682300
     383      0.37585158
     384      0.37491317
     385      0.37400580
     386      0.37317587
     387      0.37224830
     388      0.37130686
     389      0.37037640
     390      0.36945530
     391      0.36855136
     392      0.36765006
     393      0.36689799
     394      0.36611591
     395      0.36525184
     396      0.36440521
     397      0.36351565
     398      0.36249386
     399      0.36144893
     400      0.36049609
     401      0.35960186
     402      0.35867498
     403      0.35772858
     404      0.35679513
     405      0.35584178
     406      0.35490223
     407      0.35398414
     408      0.35312701
     409      0.35230096
     410      0.35140471
     411      0.35058030
     412      0.34978779
     413      0.34895172
     414      0.34812216
     415      0.34729805
     416      0.34646806
     417      0.34560155
     418      0.34469409
     419      0.34381973
     420      0.34300500
     421      0.34215519
     422      0.34122397
     423      0.34034202
     424      0.33957391
     425      0.33879528
     426      0.33801887
     427      0.33713477
     428      0.33621785
     429      0.33542346
     430      0.33464051
     431      0.33373434
     432      0.33283916
     433      0.33200893
     434      0.33116290
     435      0.33036314
     436      0.32951357
     437      0.32859453
     438      0.32785270
     439      0.32724730
     440      0.32637149
     441      0.32548765
     442      0.32482108
     443      0.32405310
     444      0.32332994
     445      0.32262441
     446      0.32179208
     447      0.32090796
     448      0.32016630
     449      0.31955925
     450      0.31883187
     451      0.31802701
     452      0.31733854
     453      0.31671221
     454      0.31602715
     455      0.31525179
     456      0.31448976
     457      0.31379898
     458      0.31303070
     459      0.31226688
     460      0.31157875
     461      0.31093676
     462      0.31022536
     463      0.30940988
     464      0.30861406
     465      0.30779124
     466      0.30690165
     467      0.30605939
     468      0.30530166
     469      0.30448654
     470      0.30368051
     471      0.30299610
     472      0.30226462
     473      0.30150391
     474      0.30068742
     475      0.29983374
     476      0.29902890
     477      0.29816488
     478      0.29724443
     479      0.29641123
     480      0.29567809
     481      0.29495319
     482      0.29423287
     483      0.29348362
     484      0.29275955
     485      0.29205828
     486      0.29123503
     487      0.29038657
     488      0.28958815
     489      0.28875698
     490      0.28802925
     491      0.28742390
     492      0.28683173
     493      0.28615711
     494      0.28543132
     495      0.28475726
     496      0.28404700
     497      0.28336453
     498      0.28271428
     499      0.28197029
     500      0.28133122
     501      0.28074508
     502      0.28000624
     503      0.27930916
     504      0.27864579
     505      0.27792616
     506      0.27729733
     507      0.27659745
     508      0.27574372
     509      0.27498436
     510      0.27431182
     511      0.27363301
     512      0.27302831
     513      0.27239000
     514      0.27177869
     515      0.27111527
     516      0.27042539
     517      0.26973520
     518      0.26901995
     519      0.26831068
     520      0.26759673
     521      0.26686346
     522      0.26602797
     523      0.26527484
     524      0.26467661
     525      0.26404000
     526      0.26329933
     527      0.26269297
     528      0.26213837
     529      0.26147338
     530      0.26081208
     531      0.26022404
     532      0.25952416
     533      0.25878628
     534      0.25811435
     535      0.25752570
     536      0.25702600
     537      0.25647045
     538      0.25584739
     539      0.25528242
     540      0.25471645
     541      0.25410506
     542      0.25353128
     543      0.25292880
     544      0.25226507
     545      0.25163628
     546      0.25110884
     547      0.25058111
     548      0.24988031
     549      0.24912545
     550      0.24848822
     551      0.24782322
     552      0.24711405
     553      0.24648375
     554      0.24587906
     555      0.24530247
     556      0.24464735
     557      0.24384246
     558      0.24313294
     559      0.24251223
     560      0.24190814
     561      0.24135516
     562      0.24079203
     563      0.24015388
     564      0.23954986
     565      0.23908509
     566      0.23859054
     567      0.23808031
     568      0.23746542
     569      0.23686951
     570      0.23639030
     571      0.23582766
     572      0.23519933
     573      0.23458337
     574      0.23405539
     575      0.23349245
     576      0.23291105
     577      0.23230199
     578      0.23168937
     579      0.23122137
     580      0.23067649
     581      0.23002120
     582      0.22947566
     583      0.22899366
     584      0.22843964
     585      0.22782520
     586      0.22723322
     587      0.22662817
     588      0.22597377
     589      0.22541057
     590      0.22496709
     591      0.22453331
     592      0.22403402
     593      0.22345721
     594      0.22284798
     595      0.22227375
     596      0.22169049
     597      0.22108253
     598      0.22047084
     599      0.21981422
     600      0.21922746
     601      0.21865715
     602      0.21804713
     603      0.21762631
     604      0.21715798
     605      0.21657661
     606      0.21612817
     607      0.21570143
     608      0.21516828
     609      0.21463760
     610      0.21406481
     611      0.21344758
     612      0.21291786
     613      0.21236640
     614      0.21179776
     615      0.21121577
     616      0.21063811
     617      0.21002414
     618      0.20942257
     619      0.20885552
     620      0.20820044
     621      0.20750407
     622      0.20691598
     623      0.20636824
     624      0.20580614
     625      0.20526721
     626      0.20478593
     627      0.20434443
     628      0.20383511
     629      0.20338190
     630      0.20299553
     631      0.20250681
     632      0.20191479
     633      0.20133645
     634      0.20091085
     635      0.20059247
     636      0.20017153
     637      0.19966266
     638      0.19914742
     639      0.19857994
     640      0.19800293
     641      0.19750128
     642      0.19716469
     643      0.19680831
     644      0.19630764
     645      0.19577800
     646      0.19517583
     647      0.19463341
     648      0.19419834
     649      0.19370005
     650      0.19326693
     651      0.19284620
     652      0.19234140
     653      0.19177569
     654      0.19123236
     655      0.19077586
     656      0.19030628
     657      0.18988089
     658      0.18946425
     659      0.18905204
     660      0.18856173
     661      0.18803077
     662      0.18745548
     663      0.18686892
     664      0.18639018
     665      0.18590613
     666      0.18544895
     667      0.18495520
     668      0.18446790
     669      0.18401715
     670      0.18351782
     671      0.18301301
     672      0.18256172
     673      0.18213144
     674      0.18167583
     675      0.18126574
     676      0.18090542
     677      0.18057030
     678      0.18007685
     679      0.17953037
     680      0.17907705
     681      0.17862144
     682      0.17802200
     683      0.17739837
     684      0.17692491
     685      0.17647094
     686      0.17594096
     687      0.17542196
     688      0.17492697
     689      0.17445619
     690      0.17401559
     691      0.17346766
     692      0.17294442
     693      0.17244727
     694      0.17195868
     695      0.17151889
     696      0.17109430
     697      0.17073065
     698      0.17040969
     699      0.16993610
     700      0.16945224
     701      0.16908703
     702      0.16872893
     703      0.16836414
     704      0.16798289
     705      0.16755265
     706      0.16713994
     707      0.16682135
     708      0.16636463
     709      0.16585945
     710      0.16548046
     711      0.16515841
     712      0.16469829
     713      0.16408536
     714      0.16355162
     715      0.16319891
     716      0.16286017
     717      0.16240347
     718      0.16187942
     719      0.16142584
     720      0.16109481
     721      0.16069723
     722      0.16027279
     723      0.15992156
     724      0.15956930
     725      0.15925026
     726      0.15892310
     727      0.15856683
     728      0.15820332
     729      0.15787556
     730      0.15749524
     731      0.15705438
     732      0.15677073
     733      0.15645880
     734      0.15605629
     735      0.15560886
     736      0.15513028
     737      0.15468925
     738      0.15430028
     739      0.15390512
     740      0.15346298
     741      0.15308543
     742      0.15273659
     743      0.15229859
     744      0.15191103
     745      0.15161519
     746      0.15132099
     747      0.15097532
     748      0.15056794
     749      0.15017498
     750      0.14977948
     751      0.14933514
     752      0.14893516
     753      0.14860204
     754      0.14827609
     755      0.14785559
     756      0.14743508
     757      0.14706052
     758      0.14667770
     759      0.14629492
     760      0.14591188
     761      0.14559176
     762      0.14532459
     763      0.14501397
     764      0.14456501
     765      0.14416987
     766      0.14389563
     767      0.14362687
     768      0.14326493
     769      0.14286339
     770      0.14250513
     771      0.14207302
     772      0.14166236
     773      0.14133881
     774      0.14102470
     775      0.14071950
     776      0.14035885
     777      0.13999639
     778      0.13971452
     779      0.13946843
     780      0.13917605
     781      0.13883549
     782      0.13854537
     783      0.13826584
     784      0.13801541
     785      0.13769961
     786      0.13728050
     787      0.13689022
     788      0.13661162
     789      0.13635899
     790      0.13602770
     791      0.13570333
     792      0.13538016
     793      0.13513092
     794      0.13482641
     795      0.13436529
     796      0.13389063
     797      0.13358318
     798      0.13327957
     799      0.13283107
     800      0.13238124
     801      0.13199861
     802      0.13164979
     803      0.13128548
     804      0.13092681
     805      0.13065498
     806      0.13037502
     807      0.13004132
     808      0.12978005
     809      0.12950110
     810      0.12917177
     811      0.12882715
     812      0.12842589
     813      0.12806184
     814      0.12781195
     815      0.12751770
     816      0.12720194
     817      0.12692730
     818      0.12659205
     819      0.12619508
     820      0.12583229
     821      0.12548138
     822      0.12515602
     823      0.12487704
     824      0.12454212
     825      0.12420699
     826      0.12389308
     827      0.12348965
     828      0.12309371
     829      0.12283459
     830      0.12254482
     831      0.12219519
     832      0.12193063
     833      0.12160036
     834      0.12120072
     835      0.12092569
     836      0.12068796
     837      0.12039122
     838      0.11998268
     839      0.11965794
     840      0.11939176
     841      0.11903974
     842      0.11879246
     843      0.11858532
     844      0.11825018
     845      0.11797226
     846      0.11776548
     847      0.11744646
     848      0.11711303
     849      0.11685572
     850      0.11656134
     851      0.11619447
     852      0.11583493
     853      0.11554142
     854      0.11531442
     855      0.11501586
     856      0.11460987
     857      0.11421860
     858      0.11388904
     859      0.11355477
     860      0.11321808
     861      0.11298495
     862      0.11280857
     863      0.11256055
     864      0.11232950
     865      0.11206644
     866      0.11175309
     867      0.11139128
     868      0.11103545
     869      0.11079404
     870      0.11060941
     871      0.11038133
     872      0.11011455
     873      0.10985354
     874      0.10956806
     875      0.10929627
     876      0.10902278
     877      0.10875254
     878      0.10841103
     879      0.10802162
     880      0.10762503
     881      0.10730648
     882      0.10709328
     883      0.10687591
     884      0.10660315
     885      0.10625812
     886      0.10595016
     887      0.10573852
     888      0.10553697
     889      0.10534069
     890      0.10511001
     891      0.10486879
     892      0.10462967
     893      0.10433950
     894      0.10410034
     895      0.10384554
     896      0.10354215
     897      0.10314861
     898      0.10277201
     899      0.10240839
     900      0.10205418
     901      0.10182194
     902      0.10160152
     903      0.10133981
     904      0.10109635
     905      0.10087475
     906      0.10069673
     907      0.10057404
     908      0.10035991
     909      0.10004606
     910      0.09965143
     911      0.09923682
     912      0.09886646
     913      0.09849633
     914      0.09818693
     915      0.09793060
     916      0.09763783
     917      0.09730864
     918      0.09700158
     919      0.09671849
     920      0.09639785
     921      0.09610233
     922      0.09581124
     923      0.09551365
     924      0.09528908
     925      0.09521657
     926      0.09510770
     927      0.09493017
     928      0.09477884
     929      0.09456408
     930      0.09426693
     931      0.09403574
     932      0.09382568
     933      0.09352172
     934      0.09332212
     935      0.09316035
     936      0.09294550
     937      0.09268820
     938      0.09244067
     939      0.09223831
     940      0.09193747
     941      0.09165402
     942      0.09138303
     943      0.09111132
     944      0.09088555
     945      0.09067004
     946      0.09048725
     947      0.09030651
     948      0.09013766
     949      0.08994326
     950      0.08966979
     951      0.08927882
     952      0.08893802
     953      0.08875537
     954      0.08860676
     955      0.08842340
     956      0.08818805
     957      0.08795345
     958      0.08778988
     959      0.08760481
     960      0.08739621
     961      0.08722540
     962      0.08706515
     963      0.08692472
     964      0.08674688
     965      0.08647873
     966      0.08614537
     967      0.08581413
     968      0.08559636
     969      0.08540886
     970      0.08519169
     971      0.08501997
     972      0.08481263
     973      0.08453882
     974      0.08429093
     975      0.08411198
     976      0.08397693
     977      0.08382683
     978      0.08366558
     979      0.08353579
     980      0.08337970
     981      0.08319640
     982      0.08295800
     983      0.08269857
     984      0.08252542
     985      0.08234065
     986      0.08211846
     987      0.08193725
     988      0.08176833
     989      0.08155226
     990      0.08131540
     991      0.08112054
     992      0.08091079
     993      0.08070574
     994      0.08051905
     995      0.08035044
     996      0.08016905
     997      0.07997231
     998      0.07983965
     999      0.07971216
    1000      0.07950912
    1001      0.07928405
    1002      0.07914467
    1003      0.07891829
    1004      0.07859483
    1005      0.07841015
    1006      0.07829193
    1007      0.07812724
    1008      0.07798373
    1009      0.07781944
    1010      0.07766666
    1011      0.07744863
    1012      0.07721501
    1013      0.07707454
    1014      0.07690421
    1015      0.07675579
    1016      0.07660923
    1017      0.07646989
    1018      0.07634099
    1019      0.07618401
    1020      0.07603191
    1021      0.07586615
    1022      0.07568314
    1023      0.07548665
    1024      0.07530514
    1025      0.07504197
    1026      0.07472417
    1027      0.07455561
    1028      0.07441823
    1029      0.07424183
    1030      0.07410980
    1031      0.07390227
    1032      0.07360443
    1033      0.07344550
    1034      0.07338419
    1035      0.07324009
    1036      0.07300643
    1037      0.07281869
    1038      0.07261322
    1039      0.07250802
    1040      0.07244451
    1041      0.07227537
    1042      0.07210596
    1043      0.07191056
    1044      0.07169378
    1045      0.07146060
    1046      0.07121950
    1047      0.07100946
    1048      0.07084093
    1049      0.07071439
    1050      0.07062273
    1051      0.07047873
    1052      0.07030259
    1053      0.07009972
    1054      0.06987131
    1055      0.06963526
    1056      0.06945141
    1057      0.06932639
    1058      0.06913901
    1059      0.06897680
    1060      0.06889283
    1061      0.06873724
    1062      0.06847972
    1063      0.06815806
    1064      0.06784993
    1065      0.06771873
    1066      0.06762051
    1067      0.06743098
    1068      0.06727158
    1069      0.06713504
    1070      0.06698847
    1071      0.06692636
    1072      0.06684267
    1073      0.06662905
    1074      0.06641424
    1075      0.06615951
    1076      0.06592650
    1077      0.06577205
    1078      0.06557587
    1079      0.06538109
    1080      0.06524512
    1081      0.06505606
    1082      0.06483898
    1083      0.06466346
    1084      0.06444713
    1085      0.06413948
    1086      0.06380851
    1087      0.06354026
    1088      0.06335386
    1089      0.06318612
    1090      0.06291186
    1091      0.06264878
    1092      0.06239361
    1093      0.06219747
    1094      0.06200252
    1095      0.06172382
    1096      0.06152485
    1097      0.06133537
    1098      0.06113909
    1099      0.06099825
    1100      0.06084924
    1101      0.06065448
    1102      0.06040428
    1103      0.06018404
    1104      0.06001523
    1105      0.05977709
    1106      0.05956575
    1107      0.05937978
    1108      0.05914407
    1109      0.05892757
    1110      0.05874358
    1111      0.05853245
    1112      0.05836682
    1113      0.05826207
    1114      0.05807487
    1115      0.05788630
    1116      0.05775009
    1117      0.05763781
    1118      0.05752401
    1119      0.05739504
    1120      0.05729442
    1121      0.05713614
    1122      0.05696684
    1123      0.05685587
    1124      0.05670244
    1125      0.05648707
    1126      0.05629456
    1127      0.05614826
    1128      0.05600103
    1129      0.05587398
    1130      0.05572483
    1131      0.05548688
    1132      0.05527691
    1133      0.05514977
    1134      0.05503628
    1135      0.05484072
    1136      0.05472794
    1137      0.05474945
    1138      0.05475576
    1139      0.05474905
    1140      0.05472641
    1141      0.05461106
    1142      0.05437467
    1143      0.05422143
    1144      0.05423403
    1145      0.05417742
    1146      0.05405419
    1147      0.05398831
    1148      0.05388700
    1149      0.05382947
    1150      0.05376392
    1151      0.05365314
    1152      0.05359968
    1153      0.05355460
    1154      0.05342712
    1155      0.05321459
    1156      0.05299563
    1157      0.05292805
    1158      0.05285480
    1159      0.05271835
    1160      0.05257622
    1161      0.05241706
    1162      0.05232916
    1163      0.05222883
    1164      0.05214070
    1165      0.05212013
    1166      0.05205915
    1167      0.05194924
    1168      0.05177664
    1169      0.05156253
    1170      0.05144563
    1171      0.05130422
    1172      0.05112517
    1173      0.05097638
    1174      0.05081264
    1175      0.05059767
    1176      0.05042971
    1177      0.05028253
    1178      0.05019431
    1179      0.05012028
    1180      0.04996499
    1181      0.04979252
    1182      0.04968297
    1183      0.04961275
    1184      0.04953407
    1185      0.04954409
    1186      0.04952428
    1187      0.04944597
    1188      0.04934276
    1189      0.04922931
    1190      0.04917064
    1191      0.04906281
    1192      0.04886959
    1193      0.04876832
    1194      0.04868542
    1195      0.04851669
    1196      0.04835285
    1197      0.04823707
    1198      0.04805337
    1199      0.04786799
    1200      0.04769229
    1201      0.04759366
    1202      0.04758542
    1203      0.04743324
    1204      0.04723172
    1205      0.04712295
    1206      0.04695132
    1207      0.04675220
    1208      0.04662743
    1209      0.04648887
    1210      0.04631477
    1211      0.04619348
    1212      0.04611417
    1213      0.04592790
    1214      0.04577310
    1215      0.04566797
    1216      0.04547563
    1217      0.04529473
    1218      0.04519932
    1219      0.04518133
    1220      0.04509181
    1221      0.04501319
    1222      0.04508981
    1223      0.04511009
    1224      0.04503441
    1225      0.04493138
    1226      0.04484316
    1227      0.04470698
    1228      0.04462153
    1229      0.04460960
    1230      0.04453181
    1231      0.04441552
    1232      0.04435455
    1233      0.04432351
    1234      0.04429332
    1235      0.04424920
    1236      0.04417907
    1237      0.04404699
    1238      0.04389288
    1239      0.04381780
    1240      0.04377966
    1241      0.04379052
    1242      0.04383155
    1243      0.04384450
    1244      0.04377180
    1245      0.04364499
    1246      0.04348170
    1247      0.04335462
    1248      0.04330859
    1249      0.04319748
    1250      0.04307575
    1251      0.04297903
    1252      0.04289506
    1253      0.04282591
    1254      0.04272123
    1255      0.04255704
    1256      0.04237612
    1257      0.04226837
    1258      0.04216795
    1259      0.04208967
    1260      0.04203183
    1261      0.04198406
    1262      0.04196483
    1263      0.04190619
    1264      0.04184296
    1265      0.04178735
    1266      0.04174065
    1267      0.04171651
    1268      0.04160065
    1269      0.04146201
    1270      0.04143489
    1271      0.04133195
    1272      0.04119127
    1273      0.04116949
    1274      0.04104746
    1275      0.04079323
    1276      0.04068610
    1277      0.04062988
    1278      0.04049165
    1279      0.04038100
    1280      0.04022721
    1281      0.04007658
    1282      0.04001387
    1283      0.03992511
    1284      0.03975735
    1285      0.03960862
    1286      0.03954303
    1287      0.03940229
    1288      0.03921807
    1289      0.03909993
    1290      0.03900661
    1291      0.03893180
    1292      0.03885662
    1293      0.03879941
    1294      0.03869011
    1295      0.03851273
    1296      0.03834182
    1297      0.03827411
    1298      0.03824114
    1299      0.03807215
    1300      0.03782436
    1301      0.03762946
    1302      0.03754719
    1303      0.03743574
    1304      0.03728633
    1305      0.03713054
    1306      0.03703817
    1307      0.03701994
    1308      0.03692607
    1309      0.03680912
    1310      0.03670647
    1311      0.03666499
    1312      0.03664750
    1313      0.03655314
    1314      0.03636943
    1315      0.03612682
    1316      0.03600713
    1317      0.03595178
    1318      0.03579370
    1319      0.03561399
    1320      0.03547930
    1321      0.03530006
    1322      0.03513557
    1323      0.03501236
    1324      0.03496765
    1325      0.03497452
    1326      0.03495053
    1327      0.03492077
    1328      0.03491359
    1329      0.03486025
    1330      0.03473957
    1331      0.03460309
    1332      0.03447548
    1333      0.03440423
    1334      0.03435883
    1335      0.03430623
    1336      0.03428343
    1337      0.03424335
    1338      0.03415562
    1339      0.03405221
    1340      0.03391007
    1341      0.03378554
    1342      0.03368864
    1343      0.03364810
    1344      0.03360400
    1345      0.03346078
    1346      0.03333293
    1347      0.03328573
    1348      0.03326360
    1349      0.03329062
    1350      0.03333901
    1351      0.03322998
    1352      0.03307189
    1353      0.03307787
    1354      0.03303259
    1355      0.03293953
    1356      0.03285748
    1357      0.03273480
    1358      0.03261100
    1359      0.03253196
    1360      0.03248189
    1361      0.03240053
    1362      0.03230221
    1363      0.03213201
    1364      0.03201064
    1365      0.03196581
    1366      0.03192959
    1367      0.03188224
    1368      0.03181994
    1369      0.03179885
    1370      0.03177715
    1371      0.03170152
    1372      0.03159136
    1373      0.03144919
    1374      0.03132686
    1375      0.03122566
    1376      0.03112766
    1377      0.03107561
    1378      0.03106147
    1379      0.03101688
    1380      0.03094055
    1381      0.03081873
    1382      0.03073078
    1383      0.03072517
    1384      0.03067009
    1385      0.03060334
    1386      0.03050797
    1387      0.03032842
    1388      0.03016739
    1389      0.03005606
    1390      0.02990523
    1391      0.02977050
    1392      0.02966831
    1393      0.02965716
    1394      0.02960595
    1395      0.02951721
    1396      0.02941495
    1397      0.02924533
    1398      0.02912671
    1399      0.02905423
    1400      0.02896254
    1401      0.02883012
    1402      0.02875220
    1403      0.02865499
    1404      0.02851494
    1405      0.02844077
    1406      0.02837874
    1407      0.02829904
    1408      0.02820127
    1409      0.02811060
    1410      0.02805931
    1411      0.02802832
    1412      0.02800265
    1413      0.02790101
    1414      0.02778646
    1415      0.02771722
    1416      0.02761920
    1417      0.02751590
    1418      0.02747592
    1419      0.02746272
    1420      0.02738601
    1421      0.02728106
    1422      0.02714388
    1423      0.02699700
    1424      0.02690426
    1425      0.02679835
    1426      0.02668190
    1427      0.02665836
    1428      0.02664221
    1429      0.02649193
    1430      0.02636010
    1431      0.02631098
    1432      0.02624717
    1433      0.02625321
    1434      0.02624253
    1435      0.02615849
    1436      0.02601979
    1437      0.02589527
    1438      0.02580418
    1439      0.02567848
    1440      0.02554644
    1441      0.02541296
    1442      0.02532209
    1443      0.02523437
    1444      0.02514704
    1445      0.02513631
    1446      0.02521195
    1447      0.02522458
    1448      0.02514792
    1449      0.02503985
    1450      0.02502985
    1451      0.02502007
    1452      0.02493690
    1453      0.02487560
    1454      0.02471923
    1455      0.02454089
    1456      0.02449939
    1457      0.02451482
    1458      0.02447907
    1459      0.02435271
    1460      0.02426014
    1461      0.02421633
    1462      0.02414100
    1463      0.02406243
    1464      0.02397755
    1465      0.02388616
    1466      0.02378457
    1467      0.02369692
    1468      0.02366235
    1469      0.02363592
    1470      0.02363771
    1471      0.02369286
    1472      0.02366722
    1473      0.02354731
    1474      0.02342804
    1475      0.02326046
    1476      0.02309210
    1477      0.02300511
    1478      0.02292357
    1479      0.02286525
    1480      0.02284857
    1481      0.02285142
    1482      0.02286331
    1483      0.02278865
    1484      0.02271463
    1485      0.02267610
    1486      0.02262431
    1487      0.02254642
    1488      0.02239177
    1489      0.02226343
    1490      0.02220246
    1491      0.02210094
    1492      0.02195500
    1493      0.02188939
    1494      0.02190850
    1495      0.02179576
    1496      0.02172030
    1497      0.02173063
    1498      0.02170531
    1499      0.02169979
    1500      0.02163470
    1501      0.02151943
    1502      0.02146459
    1503      0.02144180
    1504      0.02136742
    1505      0.02126907
    1506      0.02127131
    1507      0.02129375
    1508      0.02121580
    1509      0.02113299
    1510      0.02104439
    1511      0.02096493
    1512      0.02087583
    1513      0.02079946
    1514      0.02077834
    1515      0.02080659
    1516      0.02084421
    1517      0.02081385
    1518      0.02074137
    1519      0.02064305
    1520      0.02052978
    1521      0.02044437
    1522      0.02036890
    1523      0.02031863
    1524      0.02029270
    1525      0.02030532
    1526      0.02034945
    1527      0.02040492
    1528      0.02043215
    1529      0.02034751
    1530      0.02029149
    1531      0.02025891
    1532      0.02020756
    1533      0.02018765
    1534      0.02009966
    1535      0.01997870
    1536      0.01991625
    1537      0.01983662
    1538      0.01973382
    1539      0.01968714
    1540      0.01965717
    1541      0.01958833
    1542      0.01950425
    1543      0.01949228
    1544      0.01952904
    1545      0.01955019
    1546      0.01951700
    1547      0.01948155
    1548      0.01944810
    1549      0.01936551
    1550      0.01929028
    1551      0.01920942
    1552      0.01917170
    1553      0.01916782
    1554      0.01914526
    1555      0.01911828
    1556      0.01906878
    1557      0.01906433
    1558      0.01905961
    1559      0.01897776
    1560      0.01885333
    1561      0.01875406
    1562      0.01874567
    1563      0.01875177
    1564      0.01877088
    1565      0.01873765
    1566      0.01867136
    1567      0.01866990
    1568      0.01867317
    1569      0.01859762
    1570      0.01856177
    1571      0.01845500
    1572      0.01830408
    1573      0.01827266
    1574      0.01826989
    1575      0.01834242
    1576      0.01833988
    1577      0.01823247
    1578      0.01818875
    1579      0.01816044
    1580      0.01811520
    1581      0.01799070
    1582      0.01780256
    1583      0.01766208
    1584      0.01748195
    1585      0.01729763
    1586      0.01716418
    1587      0.01706260
    1588      0.01696395
    1589      0.01691183
    1590      0.01684868
    1591      0.01683067
    1592      0.01687871
    1593      0.01679270
    1594      0.01670591
    1595      0.01668239
    1596      0.01665604
    1597      0.01656042
    1598      0.01645179
    1599      0.01644752
    1600      0.01645986
    1601      0.01647980
    1602      0.01652099
    1603      0.01649102
    1604      0.01641898
    1605      0.01643907
    1606      0.01648620
    1607      0.01652623
    1608      0.01651510
    1609      0.01638059
    1610      0.01624501
    1611      0.01613841
    1612      0.01610611
    1613      0.01603051
    1614      0.01595020
    1615      0.01589916
    1616      0.01576606
    1617      0.01573077
    1618      0.01574622
    1619      0.01568378
    1620      0.01560107
    1621      0.01556725
    1622      0.01551059
    1623      0.01540376
    1624      0.01530521
    1625      0.01525259
    1626      0.01522644
    1627      0.01508810
    1628      0.01498527
    1629      0.01498750
    1630      0.01496007
    1631      0.01495809
    1632      0.01496693
    1633      0.01495876
    1634      0.01501836
    1635      0.01503010
    1636      0.01500467
    1637      0.01497400
    1638      0.01489559
    1639      0.01483379
    1640      0.01478898
    1641      0.01477076
    1642      0.01477149
    1643      0.01475757
    1644      0.01476027
    1645      0.01478986
    1646      0.01479186
    1647      0.01476319
    1648      0.01472903
    1649      0.01468394
    1650      0.01461349
    1651      0.01455212
    1652      0.01446781
    1653      0.01442064
    1654      0.01437132
    1655      0.01426850
    1656      0.01420323
    1657      0.01417497
    1658      0.01410127
    1659      0.01408414
    1660      0.01407649
    1661      0.01401265
    1662      0.01400463
    1663      0.01400805
    1664      0.01406585
    1665      0.01412593
    1666      0.01412490
    1667      0.01413014
    1668      0.01417199
    1669      0.01418676
    1670      0.01414914
    1671      0.01414962
    1672      0.01411881
    1673      0.01406997
    1674      0.01408089
    1675      0.01407061
    1676      0.01407842
    1677      0.01406395
    1678      0.01400822
    1679      0.01397523
    1680      0.01393172
    1681      0.01393174
    1682      0.01396942
    1683      0.01393400
    1684      0.01388645
    1685      0.01386920
    1686      0.01384613
    1687      0.01381527
    1688      0.01382242
    1689      0.01381740
    1690      0.01376763
    1691      0.01364792
    1692      0.01355942
    1693      0.01358150
    1694      0.01358788
    1695      0.01358761
    1696      0.01358587
    1697      0.01352624
    1698      0.01344713
    1699      0.01334443
    1700      0.01325268
    1701      0.01319039
    1702      0.01309166
    1703      0.01305593
    1704      0.01302043
    1705      0.01300894
    1706      0.01300031
    1707      0.01291738
    1708      0.01289293
    1709      0.01282264
    1710      0.01271263
    1711      0.01268823
    1712      0.01269530
    1713      0.01267498
    1714      0.01257949
    1715      0.01249849
    1716      0.01246432
    1717      0.01239320
    1718      0.01231978
    1719      0.01227355
    1720      0.01224343
    1721      0.01220659
    1722      0.01223429
    1723      0.01226344
    1724      0.01223402
    1725      0.01222733
    1726      0.01216900
    1727      0.01211245
    1728      0.01204374
    1729      0.01197154
    1730      0.01193359
    1731      0.01193987
    1732      0.01194275
    1733      0.01185698
    1734      0.01176475
    1735      0.01167031
    1736      0.01159247
    1737      0.01158795
    1738      0.01164922
    1739      0.01175568
    1740      0.01185520
    1741      0.01189160
    1742      0.01183720
    1743      0.01177725
    1744      0.01169604
    1745      0.01151629
    1746      0.01142694
    1747      0.01136123
    1748      0.01126931
    1749      0.01122468
    1750      0.01121145
    1751      0.01120103
    1752      0.01111158
    1753      0.01110699
    1754      0.01114634
    1755      0.01114728
    1756      0.01112951
    1757      0.01102183
    1758      0.01093192
    1759      0.01088993
    1760      0.01089762
    1761      0.01093918
    1762      0.01091649
    1763      0.01082939
    1764      0.01076964
    1765      0.01076856
    1766      0.01081440
    1767      0.01086755
    1768      0.01083141
    1769      0.01068358
    1770      0.01056899
    1771      0.01057832
    1772      0.01058319
    1773      0.01050626
    1774      0.01044762
    1775      0.01045129
    1776      0.01044215
    1777      0.01035256
    1778      0.01029581
    1779      0.01029360
    1780      0.01018736
    1781      0.01006251
    1782      0.01002260
    1783      0.01002167
    1784      0.00999672
    1785      0.00996999
    1786      0.00997563
    1787      0.00999259
    1788      0.01002194
    1789      0.01001837
    1790      0.00998075
    1791      0.00998387
    1792      0.01001724
    1793      0.01003120
    1794      0.00998315
    1795      0.00995072
    1796      0.00994612
    1797      0.00983968
    1798      0.00979829
    1799      0.00986092
    1800      0.00985256
    1801      0.00980344
    1802      0.00970706
    1803      0.00959552
    1804      0.00955031
    1805      0.00947201
    1806      0.00933943
    1807      0.00922734
    1808      0.00913451
    1809      0.00909269
    1810      0.00913502
    1811      0.00918706
    1812      0.00915852
    1813      0.00914384
    1814      0.00911678
    1815      0.00898122
    1816      0.00891145
    1817      0.00888764
    1818      0.00888488
    1819      0.00895758
    1820      0.00895948
    1821      0.00890149
    1822      0.00884813
    1823      0.00885748
    1824      0.00889273
    1825      0.00885962
    1826      0.00881011
    1827      0.00879270
    1828      0.00873302
    1829      0.00855720
    1830      0.00847293
    1831      0.00848873
    1832      0.00857914
    1833      0.00872870
    1834      0.00880039
    1835      0.00880505
    1836      0.00877962
    1837      0.00879944
    1838      0.00871673
    1839      0.00854472
    1840      0.00840366
    1841      0.00833521
    1842      0.00834717
    1843      0.00832951
    1844      0.00829236
    1845      0.00825336
    1846      0.00829308
    1847      0.00836971
    1848      0.00833985
    1849      0.00820083
    1850      0.00806217
    1851      0.00796694
    1852      0.00785134
    1853      0.00781484
    1854      0.00785933
    1855      0.00792457
    1856      0.00793134
    1857      0.00790609
    1858      0.00793712
    1859      0.00795851
    1860      0.00792793
    1861      0.00783258
    1862      0.00775285
    1863      0.00771290
    1864      0.00773498
    1865      0.00774262
    1866      0.00775520
    1867      0.00771756
    1868      0.00762132
    1869      0.00752338
    1870      0.00743814
    1871      0.00739906
    1872      0.00740724
    1873      0.00749197
    1874      0.00749594
    1875      0.00743278
    1876      0.00742330
    1877      0.00745291
    1878      0.00743054
    1879      0.00735884
    1880      0.00729738
    1881      0.00725987
    1882      0.00719772
    1883      0.00715010
    1884      0.00710508
    1885      0.00701027
    1886      0.00694670
    1887      0.00688545
    1888      0.00686654
    1889      0.00682844
    1890      0.00669142
    1891      0.00657081
    1892      0.00658770
    1893      0.00667236
    1894      0.00675089
    1895      0.00677441
    1896      0.00674049
    1897      0.00669411
    1898      0.00661201
    1899      0.00649986
    1900      0.00640537
    1901      0.00636242
    1902      0.00630716
    1903      0.00629380
    1904      0.00625359
    1905      0.00618886
    1906      0.00614649
    1907      0.00605424
    1908      0.00605306
    1909      0.00605129
    1910      0.00600375
    1911      0.00596899
    1912      0.00596356
    1913      0.00597017
    1914      0.00596670
    1915      0.00590106
    1916      0.00572122
    1917      0.00567680
    1918      0.00570662
    1919      0.00573277
    1920      0.00577740
    1921      0.00579792
    1922      0.00582424
    1923      0.00578885
    1924      0.00565775
    1925      0.00553222
    1926      0.00553531
    1927      0.00554431
    1928      0.00555259
    1929      0.00558559
    1930      0.00560362
    1931      0.00566811
    1932      0.00566136
    1933      0.00561891
    1934      0.00563642
    1935      0.00561844
    1936      0.00555441
    1937      0.00550865
    1938      0.00551505
    1939      0.00559618
    1940      0.00564158
    1941      0.00557958
    1942      0.00547252
    1943      0.00541476
    1944      0.00535770
    1945      0.00531868
    1946      0.00532120
    1947      0.00526248
    1948      0.00520595
    1949      0.00521663
    1950      0.00524984
    1951      0.00520863
    1952      0.00515391
    1953      0.00514300
    1954      0.00511349
    1955      0.00513610
    1956      0.00513106
    1957      0.00508546
    1958      0.00505206
    1959      0.00503074
    1960      0.00497225
    1961      0.00487187
    1962      0.00483765
    1963      0.00479387
    1964      0.00470257
    1965      0.00462066
    1966      0.00453533
    1967      0.00452684
    1968      0.00458386
    1969      0.00458033
    1970      0.00455062
    1971      0.00453316
    1972      0.00455094
    1973      0.00459312
    1974      0.00460036
    1975      0.00456641
    1976      0.00460289
    1977      0.00471064
    1978      0.00477513
    1979      0.00479133
    1980      0.00477197
    1981      0.00474293
    1982      0.00468849
    1983      0.00464850
    1984      0.00464724
    1985      0.00463452
    1986      0.00461845
    1987      0.00461392
    1988      0.00466907
    1989      0.00470567
    1990      0.00472784
    1991      0.00467097
    1992      0.00450104
    1993      0.00444009
    1994      0.00444092
    1995      0.00442960
    1996      0.00441427
    1997      0.00435032
    1998      0.00431469
    1999      0.00432688
    2000      0.00425062
    2001      0.00415816
    2002      0.00413599
    2003      0.00414436
    2004      0.00424300
    2005      0.00431989
    2006      0.00432962
    2007      0.00428953
    2008      0.00423064
    2009      0.00425151
    2010      0.00428581
    2011      0.00432742
    2012      0.00439617
    2013      0.00441110
    2014      0.00439150
    2015      0.00433703
    2016      0.00434460
    2017      0.00439466
    2018      0.00430598
    2019      0.00428575
    2020      0.00430157
    2021      0.00421672
    2022      0.00419156
    2023      0.00423170
    2024      0.00426541
    2025      0.00427160
    2026      0.00422622
    2027      0.00420510
    2028      0.00423742
    2029      0.00425162
    2030      0.00412115
    2031      0.00393105
    2032      0.00383653
    2033      0.00380238
    2034      0.00375677
    2035      0.00369734
    2036      0.00369581
    2037      0.00371907
    2038      0.00373941
    2039      0.00375209
    2040      0.00374730
    2041      0.00376601
    2042      0.00377888
    2043      0.00379881
    2044      0.00381850
    2045      0.00384083
    2046      0.00385501
    2047      0.00383848
    2048      0.00384717
    2049      0.00385460
    2050      0.00390467
    2051      0.00396802
    2052      0.00403598
    2053      0.00406879
    2054      0.00403417
    2055      0.00401753
    2056      0.00398510
    2057      0.00396684
    2058      0.00400388
    2059      0.00403283
    2060      0.00404046
    2061      0.00396842
    2062      0.00389979
    2063      0.00384671
    2064      0.00382092
    2065      0.00383166
    2066      0.00386737
    2067      0.00384333
    2068      0.00379412
    2069      0.00375472
    2070      0.00365156
    2071      0.00361608
    2072      0.00363014
    2073      0.00359698
    2074      0.00354217
    2075      0.00350083
    2076      0.00343315
    2077      0.00342873
    2078      0.00349282
    2079      0.00353918
    2080      0.00354072
    2081      0.00349130
    2082      0.00347101
    2083      0.00342980
    2084      0.00334404
    2085      0.00330473
    2086      0.00323438
    2087      0.00314614
    2088      0.00308980
    2089      0.00307846
    2090      0.00313307
    2091      0.00309678
    2092      0.00305438
    2093      0.00312682
    2094      0.00315222
    2095      0.00312936
    2096      0.00309070
    2097      0.00302262
    2098      0.00297522
    2099      0.00299394
    2100      0.00299796
    2101      0.00289825
    2102      0.00279262
    2103      0.00271777
    2104      0.00267780
    2105      0.00260173
    2106      0.00252963
    2107      0.00250433
    2108      0.00246221
    2109      0.00248844
    2110      0.00258409
    2111      0.00260212
    2112      0.00253833
    2113      0.00247462
    2114      0.00244261
    2115      0.00250552
    2116      0.00257978
    2117      0.00256090
    2118      0.00251687
    2119      0.00248596
    2120      0.00246100
    2121      0.00246607
    2122      0.00245234
    2123      0.00242343
    2124      0.00239330
    2125      0.00235350
    2126      0.00237294
    2127      0.00240902
    2128      0.00245207
    2129      0.00245954
    2130      0.00252838
    2131      0.00266877
    2132      0.00274287
    2133      0.00270949
    2134      0.00271092
    2135      0.00274131
    2136      0.00271113
    2137      0.00272939
    2138      0.00267722
    2139      0.00260881
    2140      0.00257537
    2141      0.00246254
    2142      0.00234795
    2143      0.00235491
    2144      0.00233468
    2145      0.00221412
    2146      0.00215423
    2147      0.00216686
    2148      0.00221125
    2149      0.00223728
    2150      0.00217982
    2151      0.00212724
    2152      0.00212468
    2153      0.00213279
    2154      0.00211008
    2155      0.00209437
    2156      0.00207543
    2157      0.00206520
    2158      0.00205442
    2159      0.00202274
    2160      0.00198803
    2161      0.00193543
    2162      0.00194314
    2163      0.00198485
    2164      0.00198732
    2165      0.00192541
    2166      0.00193943
    2167      0.00198633
    2168      0.00196674
    2169      0.00192272
    2170      0.00183350
    2171      0.00169874
    2172      0.00164735
    2173      0.00167792
    2174      0.00173223
    2175      0.00177719
    2176      0.00180037
    2177      0.00179922
    2178      0.00174629
    2179      0.00172439
    2180      0.00173670
    2181      0.00176538
    2182      0.00174339
    2183      0.00170327
    2184      0.00174570
    2185      0.00180115
    2186      0.00181867
    2187      0.00188010
    2188      0.00193911
    2189      0.00195775
    2190      0.00199086
    2191      0.00206382
    2192      0.00212497
    2193      0.00211302
    2194      0.00208896
    2195      0.00206889
    2196      0.00201568
    2197      0.00199510
    2198      0.00194972
    2199      0.00190834
    2200      0.00191745
    2201      0.00190481
    2202      0.00181259
    2203      0.00171727
    2204      0.00166335
    2205      0.00157759
    2206      0.00154157
    2207      0.00155465
    2208      0.00157078
    2209      0.00155255
    2210      0.00149526
    2211      0.00146592
    2212      0.00146327
    2213      0.00141780
    2214      0.00143797
    2215      0.00142452
    2216      0.00135937
    2217      0.00133425
    2218      0.00130830
    2219      0.00132522
    2220      0.00132200
    2221      0.00130951
    2222      0.00128019
    2223      0.00125619
    2224      0.00127657
    2225      0.00130393
    2226      0.00129269
    2227      0.00126337
    2228      0.00126569
    2229      0.00134841
    2230      0.00144197
    2231      0.00142279
    2232      0.00136298
    2233      0.00136695
    2234      0.00144108
    2235      0.00148287
    2236      0.00152725
    2237      0.00159674
    2238      0.00156391
    2239      0.00153543
    2240      0.00161186
    2241      0.00167393
    2242      0.00159445
    2243      0.00142179
    2244      0.00134072
    2245      0.00127018
    2246      0.00121664
    2247      0.00125670
    2248      0.00124592
    2249      0.00118290
    2250      0.00112681
    2251      0.00105415
    2252      0.00097649
    2253      0.00094034
    2254      0.00088689
    2255      0.00082486
    2256      0.00082117
    2257      0.00082820
    2258      0.00078002
    2259      0.00079077
    2260      0.00081189
    2261      0.00071901
    2262      0.00067768
    2263      0.00071768
    2264      0.00068701
    2265      0.00059746
    2266      0.00059514
    2267      0.00063912
    2268      0.00063077
    2269      0.00055336
    2270      0.00046402
    2271      0.00041188
    2272      0.00037443
    2273      0.00033263
    2274      0.00029774
    2275      0.00028127
    2276      0.00019678
    2277      0.00012758
    2278      0.00007692
    2279      0.00005579
    2280      0.00012547
    2281      0.00026942
    2282      0.00036186
    2283      0.00032139
    2284      0.00027572
    2285      0.00029414
    2286      0.00030924
    2287      0.00026583
    2288      0.00016959
    2289      0.00006608
    2290      0.00003187
    2291      0.00003555
    2292      0.00005626
    2293      0.00008196
    2294      0.00005415
    2295      0.00008452
    2296      0.00014283
    2297      0.00011301
    2298      0.00005702
    2299     -0.00001226
    2300      0.00000626
    2301      0.00003050
    2302     -0.00005301
    2303     -0.00012601
    2304     -0.00011867
    2305     -0.00010514
    2306     -0.00006447
    2307     -0.00000260
    2308      0.00000746
    2309      0.00006037
    2310      0.00010241
    2311      0.00012129
    2312      0.00012616
    2313      0.00010517
    2314      0.00015077
    2315      0.00025032
    2316      0.00029823
    2317      0.00033031
    2318      0.00037274
    2319      0.00034406
    2320      0.00026072
    2321      0.00023213
    2322      0.00022817
    2323      0.00022448
    2324      0.00022518
    2325      0.00018674
    2326      0.00009811
    2327      0.00002548
    2328      0.00001451
    2329      0.00006187
    2330      0.00014081
    2331      0.00016653
    2332      0.00017541
    2333      0.00021797
    2334      0.00019915
    2335      0.00018471
    2336      0.00015582
    2337      0.00003799
    2338     -0.00013203
    2339     -0.00023458
    2340     -0.00024524
    2341     -0.00039450
    2342     -0.00054157
    2343     -0.00053361
    2344     -0.00051996
    2345     -0.00051527
    2346     -0.00050713
    2347     -0.00050562
    2348     -0.00052376
    2349     -0.00054743
    2350     -0.00056277
    2351     -0.00056217
    2352     -0.00056196
    2353     -0.00049682
    2354     -0.00042805
    2355     -0.00042327
    2356     -0.00042507
    2357     -0.00038209
    2358     -0.00033347
    2359     -0.00031984
    2360     -0.00028378
    2361     -0.00025916
    2362     -0.00023623
    2363     -0.00019878
    2364     -0.00019614
    2365     -0.00028185
    2366     -0.00035079
    2367     -0.00040413
    2368     -0.00041796
    2369     -0.00040336
    2370     -0.00045044
    2371     -0.00045098
    2372     -0.00036859
    2373     -0.00033949
    2374     -0.00035407
    2375     -0.00032171
    2376     -0.00022107
    2377     -0.00015919
    2378     -0.00022185
    2379     -0.00026919
    2380     -0.00020157
    2381     -0.00007326
    2382     -0.00000586
    2383      0.00000591
    2384     -0.00001288
    2385     -0.00002013
    2386     -0.00005527
    2387     -0.00012877
    2388     -0.00017997
    2389     -0.00012151
    2390     -0.00002540
    2391     -0.00004879
    2392     -0.00013380
    2393     -0.00017982
    2394     -0.00018497
    2395     -0.00024254
    2396     -0.00025553
    2397     -0.00016044
    2398     -0.00012329
    2399     -0.00009604
    2400     -0.00004062
    2401     -0.00004203
    2402     -0.00001837
    2403     -0.00000348
    2404      0.00002546
    2405      0.00005675
    2406     -0.00000562
    2407     -0.00007177
    2408     -0.00005360
    2409      0.00005255
    2410      0.00017536
    2411      0.00029214
    2412      0.00034301
    2413      0.00034015
    2414      0.00038219
    2415      0.00038721
    2416      0.00028683
    2417      0.00015693
    2418      0.00010066
    2419      0.00011402
    2420      0.00015016
    2421      0.00023527
    2422      0.00028658
    2423      0.00034982
    2424      0.00043585
    2425      0.00043962
    2426      0.00044841
    2427      0.00044380
    2428      0.00045612
    2429      0.00047883
    2430      0.00039322
    2431      0.00033998
    2432      0.00036518
    2433      0.00044577
    2434      0.00050422
    2435      0.00043903
    2436      0.00031744
    2437      0.00023894
    2438      0.00020744
    2439      0.00021275
    2440      0.00031398
    2441      0.00033313
    2442      0.00028411
    2443      0.00032386
    2444      0.00035311
    2445      0.00030401
    2446      0.00026593
    2447      0.00030188
    2448      0.00032329
    2449      0.00033415
    2450      0.00034539
    2451      0.00028907
    2452      0.00023990
    2453      0.00025196
    2454      0.00029891
    2455      0.00034736
    2456      0.00039948
    2457      0.00046407
    2458      0.00050046
    2459      0.00045883
    2460      0.00036005
    2461      0.00026612
    2462      0.00020668
    2463      0.00029840
    2464      0.00045710
    2465      0.00053820
    2466      0.00047936
    2467      0.00033895
    2468      0.00031991
    2469      0.00036961
    2470      0.00039570
    2471      0.00042270
    2472      0.00043837
    2473      0.00051823
    2474      0.00056716
    2475      0.00049659
    2476      0.00041225
    2477      0.00035849
    2478      0.00034626
    2479      0.00034196
    2480      0.00042383
    2481      0.00053066
    2482      0.00053069
    2483      0.00056766
    2484      0.00063184
    2485      0.00068406
    2486      0.00077802
    2487      0.00087269
    2488      0.00086982
    2489      0.00083350
    2490      0.00090232
    2491      0.00099045
    2492      0.00102101
    2493      0.00102082
    2494      0.00106336
    2495      0.00117351
    2496      0.00118469
    2497      0.00109414
    2498      0.00102857
    2499      0.00102867
    2500      0.00103880
    2501      0.00101394
    2502      0.00098808
    2503      0.00092778
    2504      0.00086731
    2505      0.00090858
    2506      0.00100092
    2507      0.00103766
    2508      0.00104539
    2509      0.00105783
    2510      0.00098770
    2511      0.00089170
    2512      0.00085548
    2513      0.00076974
    2514      0.00073574
    2515      0.00077111
    2516      0.00078022
    2517      0.00083209
    2518      0.00085836
    2519      0.00083855
    2520      0.00082123
    2521      0.00079242
    2522      0.00077726
    2523      0.00073480
    2524      0.00066523
    2525      0.00061037
    2526      0.00051765
    2527      0.00043931
    2528      0.00036599
    2529      0.00034628
    2530      0.00037331
    2531      0.00031852
    2532      0.00028114
    2533      0.00025645
    2534      0.00023991
    2535      0.00028874
    2536      0.00035405
    2537      0.00034783
    2538      0.00030210
    2539      0.00031844
    2540      0.00035227
    2541      0.00040591
    2542      0.00042584
    2543      0.00041016
    2544      0.00037702
    2545      0.00033015
    2546      0.00034639
    2547      0.00036881
    2548      0.00033966
    2549      0.00033711
    2550      0.00036645
    2551      0.00043630
    2552      0.00053695
    2553      0.00060147
    2554      0.00064418
    2555      0.00066563
    2556      0.00066386
    2557      0.00063013
    2558      0.00058567
    2559      0.00062745
    2560      0.00064545
    2561      0.00059909
    2562      0.00061250
    2563      0.00061303
    2564      0.00057909
    2565      0.00058353
    2566      0.00057484
    2567      0.00060726
    2568      0.00069769
    2569      0.00077874
    2570      0.00078452
    2571      0.00075234
    2572      0.00076406
    2573      0.00082431
    2574      0.00093036
    2575      0.00094976
    2576      0.00090008
    2577      0.00086839
    2578      0.00081504
    2579      0.00074251
    2580      0.00071274
    2581      0.00070802
    2582      0.00062917
    2583      0.00059185
    2584      0.00064191
    2585      0.00068645
    2586      0.00065893
    2587      0.00062635
    2588      0.00066516
    2589      0.00063524
    2590      0.00056338
    2591      0.00050448
    2592      0.00048863
    2593      0.00053589
    2594      0.00056480
    2595      0.00056878
    2596      0.00056567
    2597      0.00059616
    2598      0.00060599
    2599      0.00055117
    2600      0.00045140
    2601      0.00041943
    2602      0.00041616
    2603      0.00036653
    2604      0.00031918
    2605      0.00029667
    2606      0.00035370
    2607      0.00033379
    2608      0.00026382
    2609      0.00025719
    2610      0.00022868
    2611      0.00023775
    2612      0.00022970
    2613      0.00017916
    2614      0.00015653
    2615      0.00010950
    2616      0.00010197
    2617      0.00011680
    2618      0.00014283
    2619      0.00016143
    2620      0.00017621
    2621      0.00023304
    2622      0.00028013
    2623      0.00025452
    2624      0.00014352
    2625      0.00006085
    2626     -0.00000773
    2627     -0.00008055
    2628     -0.00007468
    2629     -0.00003332
    2630      0.00002694
    2631      0.00009701
    2632      0.00020806
    2633      0.00027249
    2634      0.00032381
    2635      0.00039466
    2636      0.00044416
    2637      0.00046580
    2638      0.00040601
    2639      0.00035572
    2640      0.00036737
    2641      0.00039312
    2642      0.00047262
    2643      0.00055740
    2644      0.00065030
    2645      0.00072968
    2646      0.00073766
    2647      0.00080527
    2648      0.00086048
    2649      0.00090769
    2650      0.00092601
    2651      0.00084083
    2652      0.00075210
    2653      0.00075006
    2654      0.00077628
    2655      0.00079840
    2656      0.00083699
    2657      0.00088393
    2658      0.00095616
    2659      0.00093756
    2660      0.00085526
    2661      0.00087814
    2662      0.00089616
    2663      0.00081799
    2664      0.00084109
    2665      0.00092173
    2666      0.00097752
    2667      0.00106708
    2668      0.00108930
    2669      0.00110291
    2670      0.00111076
    2671      0.00108361
    2672      0.00113885
    2673      0.00119365
    2674      0.00120745
    2675      0.00120753
    2676      0.00116795
    2677      0.00117588
    2678      0.00118995
    2679      0.00119398
    2680      0.00116656
    2681      0.00105054
    2682      0.00097676
    2683      0.00100091
    2684      0.00104918
    2685      0.00109354
    2686      0.00109871
    2687      0.00104807
    2688      0.00098086
    2689      0.00096459
    2690      0.00091782
    2691      0.00088359
    2692      0.00089146
    2693      0.00094617
    2694      0.00099582
    2695      0.00094054
    2696      0.00090467
    2697      0.00097117
    2698      0.00104609
    2699      0.00108317
    2700      0.00113562
    2701      0.00109857
    2702      0.00106225
    2703      0.00103212
    2704      0.00098825
    2705      0.00098097
    2706      0.00097324
    2707      0.00094603
    2708      0.00093620
    2709      0.00086707
    2710      0.00080615
    2711      0.00078714
    2712      0.00071828
    2713      0.00067057
    2714      0.00072358
    2715      0.00074516
    2716      0.00063760
    2717      0.00056514
    2718      0.00055221
    2719      0.00058216
    2720      0.00062555
    2721      0.00068381
    2722      0.00075956
    2723      0.00085159
    2724      0.00095804
    2725      0.00098858
    2726      0.00091563
    2727      0.00089331
    2728      0.00095388
    2729      0.00087884
    2730      0.00072353
    2731      0.00069951
    2732      0.00068893
    2733      0.00061181
    2734      0.00063062
    2735      0.00070570
    2736      0.00074274
    2737      0.00075010
    2738      0.00074974
    2739      0.00072536
    2740      0.00070227
    2741      0.00072671
    2742      0.00076029
    2743      0.00072415
    2744      0.00065863
    2745      0.00062405
    2746      0.00062848
    2747      0.00065528
    2748      0.00069844
    2749      0.00077079
    2750      0.00080852
    2751      0.00081456
    2752      0.00080189
    2753      0.00073032
    2754      0.00062567
    2755      0.00055636
    2756      0.00049281
    2757      0.00045293
    2758      0.00044904
    2759      0.00043337
    2760      0.00046452
    2761      0.00056891
    2762      0.00059342
    2763      0.00051128
    2764      0.00044373
    2765      0.00043192
    2766      0.00036776
    2767      0.00026186
    2768      0.00015632
    2769      0.00006785
    2770     -0.00000665
    2771     -0.00005546
    2772     -0.00006147
    2773     -0.00012417
    2774     -0.00018020
    2775     -0.00021448
    2776     -0.00023950
    2777     -0.00026994
    2778     -0.00028781
    2779     -0.00027865
    2780     -0.00024995
    2781     -0.00017628
    2782     -0.00015514
    2783     -0.00017969
    2784     -0.00014597
    2785     -0.00009272
    2786     -0.00005291
    2787     -0.00006214
    2788     -0.00005955
    2789     -0.00003444
    2790     -0.00005903
    2791     -0.00005005
    2792     -0.00002969
    2793     -0.00004729
    2794     -0.00002288
    2795     -0.00000594
    2796     -0.00002416
    2797     -0.00000907
    2798     -0.00000261
    2799     -0.00001790
    2800     -0.00001597
    2801      0.00005565
    2802      0.00010191
    2803      0.00008129
    2804      0.00010049
    2805      0.00018599
    2806      0.00023290
    2807      0.00019325
    2808      0.00011806
    2809      0.00003416
    2810     -0.00002735
    2811     -0.00006138
    2812     -0.00005127
    2813     -0.00009950
    2814     -0.00018045
    2815     -0.00028420
    2816     -0.00033095
    2817     -0.00028478
    2818     -0.00026718
    2819     -0.00028476
    2820     -0.00041572
    2821     -0.00051249
    2822     -0.00051142
    2823     -0.00047801
    2824     -0.00051190
    2825     -0.00051190
    2826     -0.00057371
    2827     -0.00062575
    2828     -0.00059294
    2829     -0.00064884
    2830     -0.00064048
    2831     -0.00061865
    2832     -0.00066207
    2833     -0.00074633
    2834     -0.00078671
    2835     -0.00078684
    2836     -0.00074654
    2837     -0.00066339
    2838     -0.00060206
    2839     -0.00061375
    2840     -0.00074052
    2841     -0.00082384
    2842     -0.00083330
    2843     -0.00082015
    2844     -0.00075038
    2845     -0.00070965
    2846     -0.00069304
    2847     -0.00066834
    2848     -0.00064615
    2849     -0.00062497
    2850     -0.00062985
    2851     -0.00062383
    2852     -0.00062108
    2853     -0.00064443
    2854     -0.00056984
    2855     -0.00048036
    2856     -0.00046974
    2857     -0.00042234
    2858     -0.00039300
    2859     -0.00047806
    2860     -0.00055665
    2861     -0.00051767
    2862     -0.00046694
    2863     -0.00041493
    2864     -0.00040477
    2865     -0.00042150
    2866     -0.00045813
    2867     -0.00053112
    2868     -0.00053812
    2869     -0.00051276
    2870     -0.00050247
    2871     -0.00049982
    2872     -0.00047231
    2873     -0.00049882
    2874     -0.00054390
    2875     -0.00057473
    2876     -0.00054424
    2877     -0.00051183
    2878     -0.00051484
    2879     -0.00050905
    2880     -0.00045829
    2881     -0.00040038
    2882     -0.00043509
    2883     -0.00043362
    2884     -0.00042093
    2885     -0.00038936
    2886     -0.00033926
    2887     -0.00035181
    2888     -0.00034302
    2889     -0.00021948
    2890     -0.00011127
    2891     -0.00008445
    2892     -0.00007358
    2893     -0.00000791
    2894      0.00006414
    2895      0.00009402
    2896      0.00012149
    2897      0.00018997
    2898      0.00021395
    2899      0.00013941
    2900      0.00011550
    2901      0.00004281
    2902     -0.00001081
    2903     -0.00002403
    2904     -0.00012022
    2905     -0.00015612
    2906     -0.00008471
    2907     -0.00004290
    2908     -0.00003886
    2909      0.00004094
    2910      0.00008304
    2911     -0.00000346
    2912     -0.00004182
    2913     -0.00007040
    2914     -0.00012087
    2915     -0.00019104
    2916     -0.00024392
    2917     -0.00019388
    2918     -0.00014154
    2919     -0.00008437
    2920     -0.00003886
    2921     -0.00003560
    2922     -0.00003301
    2923     -0.00001593
    2924     -0.00007111
    2925     -0.00014201
    2926     -0.00013541
    2927     -0.00013516
    2928     -0.00018419
    2929     -0.00020212
    2930     -0.00018343
    2931     -0.00020875
    2932     -0.00025443
    2933     -0.00032820
    2934     -0.00034407
    2935     -0.00031475
    2936     -0.00038419
    2937     -0.00046890
    2938     -0.00051122
    2939     -0.00056513
    2940     -0.00064921
    2941     -0.00072262
    2942     -0.00074870
    2943     -0.00074534
    2944     -0.00069696
    2945     -0.00066037
    2946     -0.00075244
    2947     -0.00078912
    2948     -0.00074153
    2949     -0.00080194
    2950     -0.00086352
    2951     -0.00085732
    2952     -0.00081995
    2953     -0.00073177
    2954     -0.00068091
    2955     -0.00069581
    2956     -0.00071832
    2957     -0.00070950
    2958     -0.00076184
    2959     -0.00081655
    2960     -0.00079304
    2961     -0.00077416
    2962     -0.00078524
    2963     -0.00087023
    2964     -0.00094866
    2965     -0.00093684
    2966     -0.00088120
    2967     -0.00089743
    2968     -0.00096661
    2969     -0.00094586
    2970     -0.00095674
    2971     -0.00103083
    2972     -0.00110490
    2973     -0.00119784
    2974     -0.00115815
    2975     -0.00111522
    2976     -0.00114288
    2977     -0.00112348
    2978     -0.00111954
    2979     -0.00111471
    2980     -0.00109950
    2981     -0.00111402
    2982     -0.00111979
    2983     -0.00110175
    2984     -0.00115241
    2985     -0.00118539
    2986     -0.00115570
    2987     -0.00103521
    2988     -0.00092213
    2989     -0.00093058
    2990     -0.00094739
    2991     -0.00094440
    2992     -0.00089606
    2993     -0.00081929
    2994     -0.00077925
    2995     -0.00072669
    2996     -0.00069383
    2997     -0.00061270
    2998     -0.00049506
    2999     -0.00044925
