       0      0.99968862
       1      0.99031019
       2      0.96351036
       3      0.92216163
       4      0.86924807
       5      0.80771461
       6      0.74037890
       7      0.66976200
       8      0.59807086
       9      0.52720270
      10      0.45870758
      11      0.39385121
      12      0.33358593
      13      0.27853265
      14      0.22905673
      15      0.18530982
      16      0.14724967
      17      0.11469127
      18      0.08731088
      19      0.06468920
      20      0.04638325
      21      0.03193226
      22      0.02086494
      23      0.01270782
      24      0.00697944
      25      0.00323381
      26      0.00106203
      27      0.00011348
      28      0.00007477
      29      0.00065648
      30      0.00162985
      31      0.00283218
      32      0.00411107
      33      0.00533728
      34      0.00643734
      35      0.00735848
      36      0.00808597
      37      0.00861259
      38      0.00893340
      39      0.00903962
      40      0.00896491
      41      0.00874680
      42      0.00837865
      43      0.00789614
      44      0.00733923
      45      0.00672462
      46      0.00608171
      47      0.00541857
      48      0.00473611
      49      0.00406026
      50      0.00342429
      51      0.00284364
      52      0.00230446
      53      0.00180515
      54      0.00136946
      55      0.00099203
      56      0.00066906
      57      0.00040282
      58      0.00019162
      59      0.00002966
