       0      1.00122570
       1      0.99156791
       2      0.96378275
       3      0.92028037
       4      0.86379238
       5      0.79719592
       6      0.72341077
       7      0.64528708
       8      0.56547918
       9      0.48631878
      10      0.40987688
      11      0.33789848
      12      0.27174427
      13      0.21242859
      14      0.16057809
      15      0.11648040
      16      0.08017613
      17      0.05143733
      18      0.02979598
      19      0.01463537
      20      0.00521833
      21      0.00073668
      22      0.00033293
      23      0.00315155
      24      0.00838031
      25      0.01522967
      26      0.02299694
      27      0.03108280
      28      0.03895277
      29      0.04615839
      30      0.05237456
      31      0.05738873
      32      0.06108585
      33      0.06341675
      34      0.06438310
      35      0.06404139
      36      0.06249330
      37      0.05988288
      38      0.05637906
      39      0.05217480
      40      0.04746903
      41      0.04246106
      42      0.03731732
      43      0.03218494
      44      0.02720842
      45      0.02251643
      46      0.01819990
      47      0.01431924
      48      0.01092268
      49      0.00802551
      50      0.00563306
      51      0.00373133
      52      0.00229867
      53      0.00129617
      54      0.00067255
      55      0.00036990
      56      0.00032613
      57      0.00048251
      58      0.00079358
      59      0.00122281
      60      0.00172650
      61      0.00226077
      62      0.00278295
      63      0.00326169
      64      0.00368609
      65      0.00403873
      66      0.00429101
      67      0.00443945
      68      0.00449189
      69      0.00447345
      70      0.00438837
      71      0.00421619
      72      0.00397371
      73      0.00368514
      74      0.00336594
      75      0.00303376
      76      0.00271138
      77      0.00239901
      78      0.00209386
      79      0.00179283
