       0      0.99940222
       1      0.99901416
       2      0.99797364
       3      0.99639914
       4      0.99439104
       5      0.99204001
       6      0.98939574
       7      0.98650335
       8      0.98342383
       9      0.98018493
      10      0.97681444
      11      0.97335020
      12      0.96980044
      13      0.96621103
      14      0.96260354
      15      0.95895113
      16      0.95525551
      17      0.95152808
      18      0.94778922
      19      0.94403791
      20      0.94028029
      21      0.93653331
      22      0.93277628
      23      0.92900738
      24      0.92525620
      25      0.92152049
      26      0.91778586
      27      0.91406571
      28      0.91035846
      29      0.90666090
      30      0.90297486
      31      0.89930476
      32      0.89565865
      33      0.89205438
      34      0.88847304
      35      0.88489414
      36      0.88134315
      37      0.87781975
      38      0.87430204
      39      0.87077433
      40      0.86724345
      41      0.86372075
      42      0.86022602
      43      0.85675895
      44      0.85330570
      45      0.84987219
      46      0.84645317
      47      0.84304476
      48      0.83965099
      49      0.83626483
      50      0.83289126
      51      0.82955010
      52      0.82624233
      53      0.82295537
      54      0.81968765
      55      0.81643292
      56      0.81316917
      57      0.80988232
      58      0.80658058
      59      0.80328674
      60      0.80001262
      61      0.79675523
      62      0.79350825
      63      0.79027713
      64      0.78705260
      65      0.78384272
      66      0.78065809
      67      0.77747635
      68      0.77430604
      69      0.77115152
      70      0.76800969
      71      0.76488718
      72      0.76179248
      73      0.75870425
      74      0.75561513
      75      0.75254398
      76      0.74948422
      77      0.74644174
      78      0.74342385
      79      0.74043092
      80      0.73744853
      81      0.73445989
      82      0.73146832
      83      0.72848639
      84      0.72552696
      85      0.72258777
      86      0.71966952
      87      0.71678154
      88      0.71390717
      89      0.71103994
      90      0.70817777
      91      0.70531395
      92      0.70246228
      93      0.69962621
      94      0.69680682
      95      0.69398059
      96      0.69114341
      97      0.68831108
      98      0.68548412
      99      0.68266874
     100      0.67987026
     101      0.67710388
     102      0.67435986
     103      0.67161612
     104      0.66887363
     105      0.66614876
     106      0.66343794
     107      0.66072867
     108      0.65802531
     109      0.65533548
     110      0.65266039
     111      0.64998567
     112      0.64732226
     113      0.64467734
     114      0.64203366
     115      0.63940068
     116      0.63678194
     117      0.63417887
     118      0.63158273
     119      0.62899689
     120      0.62644314
     121      0.62392225
     122      0.62141236
     123      0.61890856
     124      0.61642190
     125      0.61394114
     126      0.61147357
     127      0.60902152
     128      0.60657777
     129      0.60413937
     130      0.60169125
     131      0.59923831
     132      0.59678196
     133      0.59433240
     134      0.59190486
     135      0.58950394
     136      0.58713116
     137      0.58476946
     138      0.58241824
     139      0.58007255
     140      0.57772800
     141      0.57539249
     142      0.57306962
     143      0.57075721
     144      0.56846604
     145      0.56619649
     146      0.56393439
     147      0.56166960
     148      0.55939633
     149      0.55712645
     150      0.55485123
     151      0.55257564
     152      0.55032164
     153      0.54807402
     154      0.54581886
     155      0.54357508
     156      0.54135746
     157      0.53916257
     158      0.53697349
     159      0.53477862
     160      0.53256946
     161      0.53035423
     162      0.52816692
     163      0.52599427
     164      0.52382186
     165      0.52166488
     166      0.51953999
     167      0.51743734
     168      0.51534551
     169      0.51325235
     170      0.51114751
     171      0.50905296
     172      0.50698106
     173      0.50492961
     174      0.50289735
     175      0.50087730
     176      0.49886288
     177      0.49685936
     178      0.49486354
     179      0.49286591
     180      0.49085935
     181      0.48886481
     182      0.48688329
     183      0.48489311
     184      0.48291303
     185      0.48096045
     186      0.47901963
     187      0.47707173
     188      0.47510761
     189      0.47313540
     190      0.47117975
     191      0.46925753
     192      0.46735884
     193      0.46545376
     194      0.46354674
     195      0.46166033
     196      0.45979432
     197      0.45794133
     198      0.45610684
     199      0.45428134
     200      0.45244678
     201      0.45061373
     202      0.44879039
     203      0.44698016
     204      0.44516578
     205      0.44334821
     206      0.44153945
     207      0.43974381
     208      0.43797341
     209      0.43621677
     210      0.43447015
     211      0.43274430
     212      0.43102726
     213      0.42930832
     214      0.42758671
     215      0.42585437
     216      0.42410680
     217      0.42236485
     218      0.42064080
     219      0.41891657
     220      0.41719988
     221      0.41549792
     222      0.41380482
     223      0.41211533
     224      0.41043221
     225      0.40875799
     226      0.40707544
     227      0.40538682
     228      0.40370592
     229      0.40203751
     230      0.40038086
     231      0.39872844
     232      0.39708151
     233      0.39544717
     234      0.39382320
     235      0.39220991
     236      0.39060686
     237      0.38900640
     238      0.38740249
     239      0.38579122
     240      0.38418810
     241      0.38260754
     242      0.38105758
     243      0.37953012
     244      0.37801144
     245      0.37649526
     246      0.37497987
     247      0.37347948
     248      0.37198956
     249      0.37049342
     250      0.36897835
     251      0.36745932
     252      0.36595289
     253      0.36445313
     254      0.36295863
     255      0.36147007
     256      0.35999037
     257      0.35852872
     258      0.35707441
     259      0.35561480
     260      0.35415540
     261      0.35269775
     262      0.35125188
     263      0.34981872
     264      0.34838357
     265      0.34695316
     266      0.34554944
     267      0.34416923
     268      0.34279876
     269      0.34143076
     270      0.34006397
     271      0.33870214
     272      0.33734787
     273      0.33600083
     274      0.33466189
     275      0.33332746
     276      0.33199371
     277      0.33066887
     278      0.32935371
     279      0.32804230
     280      0.32674142
     281      0.32545051
     282      0.32415799
     283      0.32285408
     284      0.32154752
     285      0.32026131
     286      0.31899431
     287      0.31774002
     288      0.31649388
     289      0.31524690
     290      0.31398774
     291      0.31272072
     292      0.31146177
     293      0.31020025
     294      0.30892504
     295      0.30765487
     296      0.30639688
     297      0.30514278
     298      0.30389463
     299      0.30265845
     300      0.30142584
     301      0.30018712
     302      0.29894941
     303      0.29771374
     304      0.29648372
     305      0.29526741
     306      0.29406413
     307      0.29286440
     308      0.29166352
     309      0.29046270
     310      0.28927074
     311      0.28809500
     312      0.28693351
     313      0.28578538
     314      0.28463706
     315      0.28348648
     316      0.28233589
     317      0.28118483
     318      0.28004052
     319      0.27890232
     320      0.27777770
     321      0.27665977
     322      0.27554235
     323      0.27443699
     324      0.27334412
     325      0.27226086
     326      0.27117408
     327      0.27008694
     328      0.26899870
     329      0.26791459
     330      0.26684613
     331      0.26578594
     332      0.26473533
     333      0.26369248
     334      0.26266355
     335      0.26164306
     336      0.26062351
     337      0.25958672
     338      0.25854550
     339      0.25751821
     340      0.25649183
     341      0.25547417
     342      0.25445914
     343      0.25344059
     344      0.25242390
     345      0.25140767
     346      0.25038591
     347      0.24936046
     348      0.24834333
     349      0.24733321
     350      0.24632712
     351      0.24533777
     352      0.24437137
     353      0.24340393
     354      0.24241761
     355      0.24141547
     356      0.24040882
     357      0.23940163
     358      0.23839148
     359      0.23739253
     360      0.23640828
     361      0.23543788
     362      0.23447857
     363      0.23352039
     364      0.23256528
     365      0.23161933
     366      0.23067673
     367      0.22973036
     368      0.22878026
     369      0.22783264
     370      0.22689283
     371      0.22595980
     372      0.22503114
     373      0.22409841
     374      0.22316026
     375      0.22222749
     376      0.22130582
     377      0.22038721
     378      0.21947559
     379      0.21857847
     380      0.21768813
     381      0.21680871
     382      0.21594009
     383      0.21507365
     384      0.21420894
     385      0.21334665
     386      0.21248738
     387      0.21162441
     388      0.21075691
     389      0.20989334
     390      0.20903934
     391      0.20819578
     392      0.20736261
     393      0.20653715
     394      0.20572200
     395      0.20491054
     396      0.20410278
     397      0.20330328
     398      0.20250360
     399      0.20171061
     400      0.20091798
     401      0.20012135
     402      0.19932227
     403      0.19851451
     404      0.19770444
     405      0.19690167
     406      0.19610404
     407      0.19531323
     408      0.19452347
     409      0.19372485
     410      0.19292886
     411      0.19214093
     412      0.19136405
     413      0.19059011
     414      0.18981083
     415      0.18903455
     416      0.18825905
     417      0.18748192
     418      0.18671123
     419      0.18595378
     420      0.18519996
     421      0.18444719
     422      0.18369689
     423      0.18294902
     424      0.18221367
     425      0.18148169
     426      0.18074491
     427      0.18000407
     428      0.17926258
     429      0.17852555
     430      0.17778962
     431      0.17706486
     432      0.17634748
     433      0.17563642
     434      0.17493570
     435      0.17423673
     436      0.17353685
     437      0.17283772
     438      0.17213875
     439      0.17144392
     440      0.17074832
     441      0.17005210
     442      0.16935788
     443      0.16865563
     444      0.16795785
     445      0.16726329
     446      0.16657923
     447      0.16591618
     448      0.16526242
     449      0.16461273
     450      0.16396918
     451      0.16333218
     452      0.16269027
     453      0.16204103
     454      0.16139331
     455      0.16074156
     456      0.16008719
     457      0.15944132
     458      0.15880902
     459      0.15817882
     460      0.15754010
     461      0.15688615
     462      0.15622532
     463      0.15557838
     464      0.15493473
     465      0.15429428
     466      0.15366552
     467      0.15304401
     468      0.15242852
     469      0.15181564
     470      0.15119985
     471      0.15058299
     472      0.14996860
     473      0.14935390
     474      0.14874111
     475      0.14813884
     476      0.14755040
     477      0.14697638
     478      0.14640980
     479      0.14583949
     480      0.14526456
     481      0.14468879
     482      0.14411453
     483      0.14353994
     484      0.14296232
     485      0.14238809
     486      0.14181529
     487      0.14123544
     488      0.14064974
     489      0.14007373
     490      0.13951678
     491      0.13896490
     492      0.13841011
     493      0.13785708
     494      0.13730524
     495      0.13674697
     496      0.13619240
     497      0.13564704
     498      0.13511307
     499      0.13459764
     500      0.13408862
     501      0.13357027
     502      0.13304454
     503      0.13251368
     504      0.13198490
     505      0.13145642
     506      0.13091964
     507      0.13037571
     508      0.12982619
     509      0.12928255
     510      0.12874974
     511      0.12822044
     512      0.12768692
     513      0.12714464
     514      0.12661028
     515      0.12608381
     516      0.12555910
     517      0.12504889
     518      0.12453893
     519      0.12402490
     520      0.12351045
     521      0.12299541
     522      0.12248576
     523      0.12197875
     524      0.12146913
     525      0.12096116
     526      0.12046282
     527      0.11997116
     528      0.11948116
     529      0.11899515
     530      0.11851154
     531      0.11802802
     532      0.11755257
     533      0.11708341
     534      0.11660481
     535      0.11612856
     536      0.11566638
     537      0.11521703
     538      0.11477513
     539      0.11432757
     540      0.11387756
     541      0.11343321
     542      0.11299786
     543      0.11256380
     544      0.11211185
     545      0.11164745
     546      0.11118893
     547      0.11073956
     548      0.11029411
     549      0.10985276
     550      0.10941853
     551      0.10898584
     552      0.10855768
     553      0.10813044
     554      0.10769625
     555      0.10726528
     556      0.10685056
     557      0.10644720
     558      0.10603862
     559      0.10562179
     560      0.10520707
     561      0.10480112
     562      0.10439792
     563      0.10399071
     564      0.10357728
     565      0.10315741
     566      0.10274636
     567      0.10233233
     568      0.10190401
     569      0.10148676
     570      0.10108033
     571      0.10067928
     572      0.10028160
     573      0.09987183
     574      0.09945686
     575      0.09904228
     576      0.09862480
     577      0.09820635
     578      0.09778972
     579      0.09737897
     580      0.09696775
     581      0.09655505
     582      0.09613803
     583      0.09572021
     584      0.09530899
     585      0.09490042
     586      0.09448981
     587      0.09407171
     588      0.09364930
     589      0.09323447
     590      0.09282924
     591      0.09242645
     592      0.09203096
     593      0.09165440
     594      0.09129520
     595      0.09094685
     596      0.09059895
     597      0.09024340
     598      0.08987931
     599      0.08951720
     600      0.08916312
     601      0.08880997
     602      0.08845479
     603      0.08810183
     604      0.08775256
     605      0.08739709
     606      0.08703702
     607      0.08668502
     608      0.08634009
     609      0.08600495
     610      0.08565942
     611      0.08529825
     612      0.08494350
     613      0.08459718
     614      0.08424916
     615      0.08390158
     616      0.08356313
     617      0.08323021
     618      0.08289726
     619      0.08257020
     620      0.08224969
     621      0.08193063
     622      0.08161012
     623      0.08128734
     624      0.08097296
     625      0.08066049
     626      0.08034697
     627      0.08003470
     628      0.07972763
     629      0.07942229
     630      0.07910958
     631      0.07879451
     632      0.07848159
     633      0.07816873
     634      0.07786064
     635      0.07755332
     636      0.07723342
     637      0.07690355
     638      0.07656577
     639      0.07622564
     640      0.07589775
     641      0.07558573
     642      0.07528655
     643      0.07499056
     644      0.07470037
     645      0.07440973
     646      0.07410908
     647      0.07380623
     648      0.07350558
     649      0.07321505
     650      0.07293137
     651      0.07264594
     652      0.07235500
     653      0.07206564
     654      0.07177675
     655      0.07147789
     656      0.07117732
     657      0.07088105
     658      0.07058379
     659      0.07028822
     660      0.06999995
     661      0.06971823
     662      0.06944682
     663      0.06918552
     664      0.06892619
     665      0.06866247
     666      0.06839020
     667      0.06811859
     668      0.06785096
     669      0.06758160
     670      0.06730762
     671      0.06703432
     672      0.06676154
     673      0.06648098
     674      0.06619553
     675      0.06590369
     676      0.06561322
     677      0.06533724
     678      0.06506877
     679      0.06479350
     680      0.06451859
     681      0.06424645
     682      0.06396419
     683      0.06367405
     684      0.06339132
     685      0.06312071
     686      0.06286341
     687      0.06262972
     688      0.06240434
     689      0.06217306
     690      0.06195171
     691      0.06174364
     692      0.06154088
     693      0.06133550
     694      0.06112411
     695      0.06089932
     696      0.06066356
     697      0.06043179
     698      0.06020716
     699      0.05998610
     700      0.05975763
     701      0.05952692
     702      0.05930076
     703      0.05907230
     704      0.05883934
     705      0.05861016
     706      0.05838209
     707      0.05815002
     708      0.05791598
     709      0.05768028
     710      0.05743563
     711      0.05719680
     712      0.05697430
     713      0.05675480
     714      0.05654187
     715      0.05633686
     716      0.05613279
     717      0.05592701
     718      0.05571108
     719      0.05549586
     720      0.05528689
     721      0.05506973
     722      0.05485424
     723      0.05465085
     724      0.05445667
     725      0.05426613
     726      0.05407986
     727      0.05389089
     728      0.05369291
     729      0.05349907
     730      0.05330865
     731      0.05311121
     732      0.05290639
     733      0.05270623
     734      0.05251516
     735      0.05232509
     736      0.05213348
     737      0.05193247
     738      0.05172239
     739      0.05151416
     740      0.05129925
     741      0.05107219
     742      0.05084532
     743      0.05062669
     744      0.05042212
     745      0.05022606
     746      0.05002554
     747      0.04982395
     748      0.04961964
     749      0.04941116
     750      0.04921110
     751      0.04901410
     752      0.04882524
     753      0.04865335
     754      0.04848497
     755      0.04830960
     756      0.04813383
     757      0.04795650
     758      0.04778105
     759      0.04761232
     760      0.04743738
     761      0.04725740
     762      0.04708064
     763      0.04690496
     764      0.04673010
     765      0.04656198
     766      0.04639754
     767      0.04622828
     768      0.04606335
     769      0.04590821
     770      0.04575225
     771      0.04559576
     772      0.04543844
     773      0.04528598
     774      0.04513170
     775      0.04497101
     776      0.04480672
     777      0.04463071
     778      0.04445142
     779      0.04426918
     780      0.04408209
     781      0.04390153
     782      0.04373604
     783      0.04356731
     784      0.04338450
     785      0.04320167
     786      0.04302557
     787      0.04285289
     788      0.04268272
     789      0.04251322
     790      0.04234552
     791      0.04218430
     792      0.04201834
     793      0.04184929
     794      0.04168543
     795      0.04151476
     796      0.04133554
     797      0.04115982
     798      0.04098307
     799      0.04080259
     800      0.04063589
     801      0.04047878
     802      0.04032030
     803      0.04016191
     804      0.04000784
     805      0.03986372
     806      0.03972406
     807      0.03957851
     808      0.03942241
     809      0.03925975
     810      0.03909467
     811      0.03892653
     812      0.03876157
     813      0.03860709
     814      0.03845315
     815      0.03829505
     816      0.03813613
     817      0.03797274
     818      0.03780752
     819      0.03764204
     820      0.03747989
     821      0.03732827
     822      0.03717449
     823      0.03700492
     824      0.03683324
     825      0.03666687
     826      0.03650563
     827      0.03635500
     828      0.03620350
     829      0.03604607
     830      0.03589085
     831      0.03574635
     832      0.03561303
     833      0.03548703
     834      0.03535931
     835      0.03521964
     836      0.03507034
     837      0.03492040
     838      0.03477518
     839      0.03463690
     840      0.03450628
     841      0.03437101
     842      0.03423307
     843      0.03410085
     844      0.03397124
     845      0.03384029
     846      0.03370212
     847      0.03356415
     848      0.03343330
     849      0.03330186
     850      0.03316930
     851      0.03303761
     852      0.03289298
     853      0.03274309
     854      0.03260063
     855      0.03246618
     856      0.03233674
     857      0.03220812
     858      0.03209333
     859      0.03198227
     860      0.03185866
     861      0.03173272
     862      0.03160718
     863      0.03147327
     864      0.03134058
     865      0.03121410
     866      0.03109481
     867      0.03098679
     868      0.03088056
     869      0.03077500
     870      0.03067261
     871      0.03056784
     872      0.03046576
     873      0.03036136
     874      0.03025064
     875      0.03014439
     876      0.03004698
     877      0.02995919
     878      0.02987033
     879      0.02977104
     880      0.02966328
     881      0.02954976
     882      0.02943325
     883      0.02931393
     884      0.02918811
     885      0.02906733
     886      0.02895118
     887      0.02882245
     888      0.02868622
     889      0.02855195
     890      0.02841616
     891      0.02828292
     892      0.02815593
     893      0.02802956
     894      0.02790185
     895      0.02777571
     896      0.02765620
     897      0.02753683
     898      0.02741734
     899      0.02730946
     900      0.02721223
     901      0.02710997
     902      0.02699594
     903      0.02687844
     904      0.02675413
     905      0.02661890
     906      0.02649044
     907      0.02636810
     908      0.02624856
     909      0.02614182
     910      0.02604308
     911      0.02594529
     912      0.02585124
     913      0.02575760
     914      0.02565900
     915      0.02555924
     916      0.02546365
     917      0.02537480
     918      0.02529401
     919      0.02522083
     920      0.02514402
     921      0.02505750
     922      0.02496534
     923      0.02487672
     924      0.02478451
     925      0.02468733
     926      0.02460776
     927      0.02453908
     928      0.02445877
     929      0.02436334
     930      0.02427005
     931      0.02418284
     932      0.02409648
     933      0.02401788
     934      0.02394917
     935      0.02388423
     936      0.02381854
     937      0.02375026
     938      0.02368152
     939      0.02361379
     940      0.02354173
     941      0.02347489
     942      0.02341397
     943      0.02335162
     944      0.02328381
     945      0.02320571
     946      0.02312091
     947      0.02303329
     948      0.02294227
     949      0.02284430
     950      0.02273969
     951      0.02263133
     952      0.02251655
     953      0.02239104
     954      0.02226255
     955      0.02213008
     956      0.02199908
     957      0.02188272
     958      0.02177849
     959      0.02167886
     960      0.02158036
     961      0.02148329
     962      0.02138766
     963      0.02129121
     964      0.02118988
     965      0.02109438
     966      0.02100826
     967      0.02092786
     968      0.02084733
     969      0.02075979
     970      0.02067912
     971      0.02060785
     972      0.02052730
     973      0.02044158
     974      0.02035560
     975      0.02026742
     976      0.02018635
     977      0.02011477
     978      0.02004220
     979      0.01996282
     980      0.01988607
     981      0.01981043
     982      0.01973408
     983      0.01965985
     984      0.01958543
     985      0.01950959
     986      0.01943604
     987      0.01936756
     988      0.01929934
     989      0.01923080
     990      0.01915752
     991      0.01908191
     992      0.01900445
     993      0.01892849
     994      0.01885278
     995      0.01877312
     996      0.01869872
     997      0.01862307
     998      0.01853584
     999      0.01844463
    1000      0.01835760
    1001      0.01826668
    1002      0.01817354
    1003      0.01808211
    1004      0.01798915
    1005      0.01789991
    1006      0.01781445
    1007      0.01773121
    1008      0.01765460
    1009      0.01758252
    1010      0.01751260
    1011      0.01744709
    1012      0.01739117
    1013      0.01734052
    1014      0.01728791
    1015      0.01722615
    1016      0.01715515
    1017      0.01708281
    1018      0.01701215
    1019      0.01695183
    1020      0.01689474
    1021      0.01684014
    1022      0.01679421
    1023      0.01674992
    1024      0.01670487
    1025      0.01665960
    1026      0.01661297
    1027      0.01656775
    1028      0.01652915
    1029      0.01649302
    1030      0.01645408
    1031      0.01640468
    1032      0.01634837
    1033      0.01628919
    1034      0.01622411
    1035      0.01615751
    1036      0.01609499
    1037      0.01603159
    1038      0.01596742
    1039      0.01591159
    1040      0.01586427
    1041      0.01581923
    1042      0.01577467
    1043      0.01572542
    1044      0.01566713
    1045      0.01560982
    1046      0.01555004
    1047      0.01547959
    1048      0.01540685
    1049      0.01533462
    1050      0.01526661
    1051      0.01521553
    1052      0.01517865
    1053      0.01514591
    1054      0.01510881
    1055      0.01506634
    1056      0.01502194
    1057      0.01497855
    1058      0.01493436
    1059      0.01488888
    1060      0.01484855
    1061      0.01480824
    1062      0.01475995
    1063      0.01470824
    1064      0.01465542
    1065      0.01460675
    1066      0.01455626
    1067      0.01450074
    1068      0.01445014
    1069      0.01439329
    1070      0.01432271
    1071      0.01424440
    1072      0.01416402
    1073      0.01408738
    1074      0.01401205
    1075      0.01393430
    1076      0.01386063
    1077      0.01378709
    1078      0.01371024
    1079      0.01363849
    1080      0.01357690
    1081      0.01352169
    1082      0.01347052
    1083      0.01342421
    1084      0.01338619
    1085      0.01335242
    1086      0.01331449
    1087      0.01326933
    1088      0.01322146
    1089      0.01316946
    1090      0.01311589
    1091      0.01306198
    1092      0.01300327
    1093      0.01294489
    1094      0.01288619
    1095      0.01282397
    1096      0.01275810
    1097      0.01269835
    1098      0.01264126
    1099      0.01258621
    1100      0.01253918
    1101      0.01248679
    1102      0.01243367
    1103      0.01238581
    1104      0.01233226
    1105      0.01227280
    1106      0.01221564
    1107      0.01216046
    1108      0.01210069
    1109      0.01203650
    1110      0.01197622
    1111      0.01191311
    1112      0.01183629
    1113      0.01175360
    1114      0.01168311
    1115      0.01162431
    1116      0.01156327
    1117      0.01149724
    1118      0.01142959
    1119      0.01137096
    1120      0.01131841
    1121      0.01126495
    1122      0.01120664
    1123      0.01114131
    1124      0.01108079
    1125      0.01103127
    1126      0.01098355
    1127      0.01092720
    1128      0.01086388
    1129      0.01080964
    1130      0.01076489
    1131      0.01072269
    1132      0.01068092
    1133      0.01062535
    1134      0.01056249
    1135      0.01050530
    1136      0.01045602
    1137      0.01040978
    1138      0.01036687
    1139      0.01033087
    1140      0.01029911
    1141      0.01026468
    1142      0.01022758
    1143      0.01019718
    1144      0.01016403
    1145      0.01012181
    1146      0.01007032
    1147      0.01001461
    1148      0.00995931
    1149      0.00990627
    1150      0.00985805
    1151      0.00981304
    1152      0.00976545
    1153      0.00971664
    1154      0.00967326
    1155      0.00963344
    1156      0.00959257
    1157      0.00955189
    1158      0.00950749
    1159      0.00944910
    1160      0.00938036
    1161      0.00931426
    1162      0.00925291
    1163      0.00919189
    1164      0.00913233
    1165      0.00908045
    1166      0.00903282
    1167      0.00898965
    1168      0.00895298
    1169      0.00890977
    1170      0.00885263
    1171      0.00879344
    1172      0.00874097
    1173      0.00869233
    1174      0.00864783
    1175      0.00860851
    1176      0.00857162
    1177      0.00853417
    1178      0.00848806
    1179      0.00843329
    1180      0.00837755
    1181      0.00832071
    1182      0.00827109
    1183      0.00823100
    1184      0.00818688
    1185      0.00814069
    1186      0.00810172
    1187      0.00807218
    1188      0.00805051
    1189      0.00802186
    1190      0.00798426
    1191      0.00794871
    1192      0.00791162
    1193      0.00787184
    1194      0.00783270
    1195      0.00779131
    1196      0.00774394
    1197      0.00768869
    1198      0.00763171
    1199      0.00758016
    1200      0.00754046
    1201      0.00750973
    1202      0.00747958
    1203      0.00744472
    1204      0.00740800
    1205      0.00736848
    1206      0.00732256
    1207      0.00728210
    1208      0.00724024
    1209      0.00719500
    1210      0.00715181
    1211      0.00711447
    1212      0.00708434
    1213      0.00705495
    1214      0.00702796
    1215      0.00699930
    1216      0.00696757
    1217      0.00692984
    1218      0.00688438
    1219      0.00684227
    1220      0.00680331
    1221      0.00676189
    1222      0.00672176
    1223      0.00668073
    1224      0.00663736
    1225      0.00659414
    1226      0.00654987
    1227      0.00650014
    1228      0.00645548
    1229      0.00642316
    1230      0.00639433
    1231      0.00635987
    1232      0.00632265
    1233      0.00628222
    1234      0.00623728
    1235      0.00619975
    1236      0.00616894
    1237      0.00613559
    1238      0.00609906
    1239      0.00606785
    1240      0.00604101
    1241      0.00601367
    1242      0.00599005
    1243      0.00596196
    1244      0.00592379
    1245      0.00588067
    1246      0.00583552
    1247      0.00579614
    1248      0.00576081
    1249      0.00572634
    1250      0.00568531
    1251      0.00564134
    1252      0.00560855
    1253      0.00558687
    1254      0.00556022
    1255      0.00551829
    1256      0.00547298
    1257      0.00543059
    1258      0.00538371
    1259      0.00533209
    1260      0.00528686
    1261      0.00524918
    1262      0.00521106
    1263      0.00518113
    1264      0.00516404
    1265      0.00514750
    1266      0.00512864
    1267      0.00511215
    1268      0.00509406
    1269      0.00507466
    1270      0.00505793
    1271      0.00503428
    1272      0.00500612
    1273      0.00498252
    1274      0.00495918
    1275      0.00493242
    1276      0.00490583
    1277      0.00487845
    1278      0.00485726
    1279      0.00484335
    1280      0.00482317
    1281      0.00479834
    1282      0.00477049
    1283      0.00474487
    1284      0.00471866
    1285      0.00468676
    1286      0.00464754
    1287      0.00460226
    1288      0.00455621
    1289      0.00451736
    1290      0.00448216
    1291      0.00444624
    1292      0.00441949
    1293      0.00439484
    1294      0.00436779
    1295      0.00433647
    1296      0.00430809
    1297      0.00428894
    1298      0.00427096
    1299      0.00425806
    1300      0.00424797
    1301      0.00423894
    1302      0.00422935
    1303      0.00421255
    1304      0.00419553
    1305      0.00418130
    1306      0.00417015
    1307      0.00416676
    1308      0.00416215
    1309      0.00414947
    1310      0.00412607
    1311      0.00409664
    1312      0.00407052
    1313      0.00404465
    1314      0.00401804
    1315      0.00398777
    1316      0.00395099
    1317      0.00391338
    1318      0.00387783
    1319      0.00384991
    1320      0.00382841
    1321      0.00380091
    1322      0.00377142
    1323      0.00374694
    1324      0.00372882
    1325      0.00371815
    1326      0.00370522
    1327      0.00368734
    1328      0.00366850
    1329      0.00364443
    1330      0.00361933
    1331      0.00359870
    1332      0.00357508
    1333      0.00354153
    1334      0.00350229
    1335      0.00347013
    1336      0.00345063
    1337      0.00343546
    1338      0.00342106
    1339      0.00340848
    1340      0.00339805
    1341      0.00338667
    1342      0.00337218
    1343      0.00335498
    1344      0.00333548
    1345      0.00332163
    1346      0.00330671
    1347      0.00328488
    1348      0.00326488
    1349      0.00324423
    1350      0.00321343
    1351      0.00317050
    1352      0.00312706
    1353      0.00308755
    1354      0.00305127
    1355      0.00301922
    1356      0.00299144
    1357      0.00296510
    1358      0.00294302
    1359      0.00292542
    1360      0.00291271
    1361      0.00291228
    1362      0.00291759
    1363      0.00292036
    1364      0.00291792
    1365      0.00291249
    1366      0.00290789
    1367      0.00291000
    1368      0.00292064
    1369      0.00293281
    1370      0.00293730
    1371      0.00293458
    1372      0.00292686
    1373      0.00291485
    1374      0.00290629
    1375      0.00289323
    1376      0.00287667
    1377      0.00286126
    1378      0.00284385
    1379      0.00282100
    1380      0.00279385
    1381      0.00276650
    1382      0.00273362
    1383      0.00269141
    1384      0.00265281
    1385      0.00262672
    1386      0.00260468
    1387      0.00258417
    1388      0.00256689
    1389      0.00254991
    1390      0.00253318
    1391      0.00252042
    1392      0.00251235
    1393      0.00250545
    1394      0.00249473
    1395      0.00248827
    1396      0.00249173
    1397      0.00249606
    1398      0.00249747
    1399      0.00250418
    1400      0.00251674
    1401      0.00252728
    1402      0.00252466
    1403      0.00251371
    1404      0.00251238
    1405      0.00250895
    1406      0.00250132
    1407      0.00250255
    1408      0.00250879
    1409      0.00251524
    1410      0.00251807
    1411      0.00251326
    1412      0.00250499
    1413      0.00250178
    1414      0.00250189
    1415      0.00250254
    1416      0.00249643
    1417      0.00248521
    1418      0.00247576
    1419      0.00245964
    1420      0.00244062
    1421      0.00242601
    1422      0.00240555
    1423      0.00238617
    1424      0.00237239
    1425      0.00235413
    1426      0.00234325
    1427      0.00233962
    1428      0.00232706
    1429      0.00230752
    1430      0.00228997
    1431      0.00227422
    1432      0.00226113
    1433      0.00225688
    1434      0.00226054
    1435      0.00226007
    1436      0.00225358
    1437      0.00224426
    1438      0.00223725
    1439      0.00224164
    1440      0.00226005
    1441      0.00228795
    1442      0.00231389
    1443      0.00232638
    1444      0.00232944
    1445      0.00232786
    1446      0.00232053
    1447      0.00231139
    1448      0.00230344
    1449      0.00229960
    1450      0.00229308
    1451      0.00228056
    1452      0.00227497
    1453      0.00227830
    1454      0.00228218
    1455      0.00228004
    1456      0.00227088
    1457      0.00226308
    1458      0.00225745
    1459      0.00225465
    1460      0.00225038
    1461      0.00223635
    1462      0.00221620
    1463      0.00219724
    1464      0.00218697
    1465      0.00218577
    1466      0.00219009
    1467      0.00219767
    1468      0.00220183
    1469      0.00220506
    1470      0.00220218
    1471      0.00218547
    1472      0.00217208
    1473      0.00217020
    1474      0.00218031
    1475      0.00219554
    1476      0.00219796
    1477      0.00218736
    1478      0.00217222
    1479      0.00215616
    1480      0.00213719
    1481      0.00211850
    1482      0.00211126
    1483      0.00210809
    1484      0.00211073
    1485      0.00211539
    1486      0.00211827
    1487      0.00212716
    1488      0.00213063
    1489      0.00212261
    1490      0.00211040
    1491      0.00209639
    1492      0.00207881
    1493      0.00205993
    1494      0.00203982
    1495      0.00202175
    1496      0.00200471
    1497      0.00198361
    1498      0.00196043
    1499      0.00194105
    1500      0.00192543
    1501      0.00191302
    1502      0.00190329
    1503      0.00189560
    1504      0.00189391
    1505      0.00190000
    1506      0.00190037
    1507      0.00189496
    1508      0.00189827
    1509      0.00190942
    1510      0.00192195
    1511      0.00192825
    1512      0.00193094
    1513      0.00193427
    1514      0.00193876
    1515      0.00193893
    1516      0.00192617
    1517      0.00191057
    1518      0.00190010
    1519      0.00188302
    1520      0.00185774
    1521      0.00184287
    1522      0.00184027
    1523      0.00183895
    1524      0.00183056
    1525      0.00181877
    1526      0.00181160
    1527      0.00180516
    1528      0.00179990
    1529      0.00179735
    1530      0.00179663
    1531      0.00179899
    1532      0.00180542
    1533      0.00180786
    1534      0.00180128
    1535      0.00179257
    1536      0.00178550
    1537      0.00177572
    1538      0.00176111
    1539      0.00175199
    1540      0.00174699
    1541      0.00174282
    1542      0.00174336
    1543      0.00174244
    1544      0.00173854
    1545      0.00173035
    1546      0.00171547
    1547      0.00170281
    1548      0.00169340
    1549      0.00167841
    1550      0.00165030
    1551      0.00161563
    1552      0.00158232
    1553      0.00155673
    1554      0.00153831
    1555      0.00151769
    1556      0.00149331
    1557      0.00146743
    1558      0.00144434
    1559      0.00141571
    1560      0.00138085
    1561      0.00135170
    1562      0.00133338
    1563      0.00131706
    1564      0.00129246
    1565      0.00127073
    1566      0.00126147
    1567      0.00125692
    1568      0.00126149
    1569      0.00127247
    1570      0.00127872
    1571      0.00128292
    1572      0.00128929
    1573      0.00129706
    1574      0.00130183
    1575      0.00130281
    1576      0.00130395
    1577      0.00130867
    1578      0.00131952
    1579      0.00133443
    1580      0.00134747
    1581      0.00135365
    1582      0.00135545
    1583      0.00135184
    1584      0.00134211
    1585      0.00132500
    1586      0.00129839
    1587      0.00127293
    1588      0.00125434
    1589      0.00123983
    1590      0.00122417
    1591      0.00121125
    1592      0.00120358
    1593      0.00120263
    1594      0.00120596
    1595      0.00119898
    1596      0.00118596
    1597      0.00117850
    1598      0.00117415
    1599      0.00117242
