       0      0.99912621
       1      0.99681031
       2      0.98992807
       3      0.97894159
       4      0.96431386
       5      0.94647315
       6      0.92582995
       7      0.90277897
       8      0.87769978
       9      0.85095521
      10      0.82287242
      11      0.79374388
      12      0.76385423
      13      0.73346145
      14      0.70278893
      15      0.67204280
      16      0.64140403
      17      0.61103004
      18      0.58105807
      19      0.55161865
      20      0.52281330
      21      0.49472347
      22      0.46741790
      23      0.44096452
      24      0.41541653
      25      0.39080057
      26      0.36714824
      27      0.34448461
      28      0.32281479
      29      0.30212537
      30      0.28241304
      31      0.26366992
      32      0.24588250
      33      0.22903481
      34      0.21310298
      35      0.19805819
      36      0.18387164
      37      0.17051575
      38      0.15796285
      39      0.14618091
      40      0.13513141
      41      0.12478542
      42      0.11511851
      43      0.10609782
      44      0.09768649
      45      0.08985669
      46      0.08257246
      47      0.07579768
      48      0.06951332
      49      0.06368973
      50      0.05829764
      51      0.05331055
      52      0.04870228
      53      0.04445452
      54      0.04054202
      55      0.03693408
      56      0.03360379
      57      0.03053155
      58      0.02770823
      59      0.02512696
      60      0.02276764
      61      0.02060796
      62      0.01863437
      63      0.01683058
      64      0.01518304
      65      0.01367889
      66      0.01230889
      67      0.01106308
      68      0.00992880
      69      0.00889753
      70      0.00795531
      71      0.00709953
      72      0.00632719
      73      0.00562462
      74      0.00498481
      75      0.00440627
      76      0.00388647
      77      0.00341971
      78      0.00299937
      79      0.00262708
      80      0.00229656
      81      0.00200195
      82      0.00174458
      83      0.00151707
      84      0.00131032
      85      0.00112763
      86      0.00097570
      87      0.00084622
      88      0.00073113
      89      0.00062816
      90      0.00053180
      91      0.00044554
      92      0.00037320
      93      0.00030896
      94      0.00025407
      95      0.00021056
      96      0.00017299
      97      0.00014053
      98      0.00011528
      99      0.00010028
