       0      0.99985212
       1      0.99944863
       2      0.99827121
       3      0.99634802
       4      0.99370392
       5      0.99036521
       6      0.98636012
       7      0.98171200
       8      0.97644637
       9      0.97059092
      10      0.96417324
      11      0.95722080
      12      0.94976140
      13      0.94182026
      14      0.93342328
      15      0.92459843
      16      0.91536724
      17      0.90575153
      18      0.89577643
      19      0.88546736
      20      0.87484706
      21      0.86393569
      22      0.85275388
      23      0.84132259
      24      0.82966537
      25      0.81780460
      26      0.80575888
      27      0.79354722
      28      0.78118965
      29      0.76870602
      30      0.75611237
      31      0.74342418
      32      0.73065641
      33      0.71782755
      34      0.70495535
      35      0.69204852
      36      0.67912050
      37      0.66618667
      38      0.65325633
      39      0.64034283
      40      0.62745754
      41      0.61461282
      42      0.60182206
      43      0.58909261
      44      0.57643575
      45      0.56386180
      46      0.55137665
      47      0.53898953
      48      0.52670837
      49      0.51454008
      50      0.50249298
      51      0.49057194
      52      0.47878208
      53      0.46712784
      54      0.45561235
      55      0.44424080
      56      0.43302000
      57      0.42195383
      58      0.41104326
      59      0.40029073
      60      0.38970025
      61      0.37927528
      62      0.36902097
      63      0.35894009
      64      0.34903136
      65      0.33929598
      66      0.32973547
      67      0.32034898
      68      0.31113912
      69      0.30210670
      70      0.29325115
      71      0.28457317
      72      0.27607360
      73      0.26775099
      74      0.25960124
      75      0.25162598
      76      0.24382553
      77      0.23619873
      78      0.22874629
      79      0.22146709
      80      0.21436028
      81      0.20742373
      82      0.20065287
      83      0.19404710
      84      0.18760654
      85      0.18132786
      86      0.17520762
      87      0.16924447
      88      0.16343764
      89      0.15778633
      90      0.15228736
      91      0.14693649
      92      0.14173149
      93      0.13666929
      94      0.13174699
      95      0.12696210
      96      0.12231420
      97      0.11780157
      98      0.11342208
      99      0.10917401
     100      0.10505373
     101      0.10105812
     102      0.09718399
     103      0.09342685
     104      0.08978523
     105      0.08625864
     106      0.08284398
     107      0.07953840
     108      0.07633833
     109      0.07324230
     110      0.07024826
     111      0.06735219
     112      0.06455199
     113      0.06184718
     114      0.05923452
     115      0.05671075
     116      0.05427504
     117      0.05192636
     118      0.04966278
     119      0.04748143
     120      0.04537800
     121      0.04334960
     122      0.04139581
     123      0.03951569
     124      0.03770721
     125      0.03596759
     126      0.03429407
     127      0.03268518
     128      0.03113818
     129      0.02965181
     130      0.02822581
     131      0.02685710
     132      0.02554294
     133      0.02428163
     134      0.02307193
     135      0.02191284
     136      0.02080225
     137      0.01973838
     138      0.01872023
     139      0.01774505
     140      0.01680917
     141      0.01591193
     142      0.01505363
     143      0.01423319
     144      0.01345003
     145      0.01270278
     146      0.01199054
     147      0.01131298
     148      0.01066884
     149      0.01005702
     150      0.00947432
     151      0.00891937
     152      0.00839162
     153      0.00788907
     154      0.00741238
     155      0.00696148
     156      0.00653501
     157      0.00613120
     158      0.00574834
     159      0.00538509
     160      0.00504174
     161      0.00471799
     162      0.00441316
     163      0.00412636
     164      0.00385644
     165      0.00360221
     166      0.00336232
     167      0.00313599
     168      0.00292285
     169      0.00272296
     170      0.00253477
     171      0.00235692
     172      0.00218873
     173      0.00203143
     174      0.00188391
     175      0.00174370
     176      0.00161201
     177      0.00149004
     178      0.00137736
     179      0.00127214
     180      0.00117449
     181      0.00108480
     182      0.00100256
     183      0.00092624
     184      0.00085470
     185      0.00078928
     186      0.00072891
     187      0.00067203
     188      0.00061928
     189      0.00057107
     190      0.00052683
     191      0.00048633
     192      0.00044853
     193      0.00041297
     194      0.00037969
     195      0.00034970
     196      0.00032286
     197      0.00029851
     198      0.00027787
     199      0.00025952
     200      0.00024187
     201      0.00022501
     202      0.00021012
     203      0.00019770
     204      0.00018553
     205      0.00017177
     206      0.00015814
     207      0.00014618
     208      0.00013565
     209      0.00012585
     210      0.00011638
     211      0.00010785
     212      0.00010002
     213      0.00009388
     214      0.00009018
     215      0.00008658
     216      0.00008183
     217      0.00007773
     218      0.00007462
     219      0.00007183
     220      0.00006941
     221      0.00006779
     222      0.00006775
     223      0.00006949
     224      0.00007185
     225      0.00007393
     226      0.00007531
     227      0.00007623
     228      0.00007640
     229      0.00007558
     230      0.00007454
     231      0.00007282
     232      0.00007015
     233      0.00006863
     234      0.00006964
     235      0.00007088
     236      0.00007012
     237      0.00006748
     238      0.00006431
     239      0.00006012
     240      0.00005541
     241      0.00005027
     242      0.00004377
     243      0.00003682
     244      0.00002936
     245      0.00002377
     246      0.00001968
     247      0.00001480
     248      0.00001028
     249      0.00000645
