       0      0.99798937
       1      0.99558632
       2      0.98837179
       3      0.97654509
       4      0.96035929
       5      0.94009019
       6      0.91603373
       7      0.88852765
       8      0.85792806
       9      0.82459059
      10      0.78888971
      11      0.75120321
      12      0.71190593
      13      0.67136799
      14      0.62995422
      15      0.58802258
      16      0.54591584
      17      0.50395818
      18      0.46246657
      19      0.42173084
      20      0.38201108
      21      0.34354848
      22      0.30657315
      23      0.27127936
      24      0.23783364
      25      0.20638819
      26      0.17705648
      27      0.14993831
      28      0.12510593
      29      0.10259627
      30      0.08243408
      31      0.06461810
      32      0.04912451
      33      0.03590984
      34      0.02491456
      35      0.01606149
      36      0.00926130
      37      0.00441308
      38      0.00140033
      39      0.00009527
      40      0.00036375
      41      0.00206449
      42      0.00505074
      43      0.00917959
      44      0.01430813
      45      0.02028999
      46      0.02697764
      47      0.03422707
      48      0.04189891
      49      0.04985882
      50      0.05798350
      51      0.06615721
      52      0.07426670
      53      0.08219766
      54      0.08985423
      55      0.09715057
      56      0.10400453
      57      0.11035422
      58      0.11614479
      59      0.12132604
      60      0.12585491
      61      0.12970126
      62      0.13284016
      63      0.13526154
      64      0.13696386
      65      0.13794387
      66      0.13820822
      67      0.13777495
      68      0.13667254
      69      0.13492985
      70      0.13257984
      71      0.12966880
      72      0.12624935
      73      0.12236588
      74      0.11806107
      75      0.11338576
      76      0.10838997
      77      0.10312356
      78      0.09763793
      79      0.09198055
      80      0.08620346
      81      0.08036489
      82      0.07451414
      83      0.06869730
      84      0.06295764
      85      0.05733181
      86      0.05185656
      87      0.04656275
      88      0.04147887
      89      0.03663343
      90      0.03204475
      91      0.02772825
      92      0.02370368
      93      0.01998806
      94      0.01659443
      95      0.01352399
      96      0.01077591
      97      0.00834949
      98      0.00624580
      99      0.00446053
     100      0.00298225
     101      0.00180069
     102      0.00090125
     103      0.00027054
     104     -0.00010734
     105     -0.00024847
     106     -0.00017212
     107      0.00010099
     108      0.00055491
     109      0.00116960
     110      0.00192276
     111      0.00279268
     112      0.00375523
     113      0.00479138
     114      0.00588446
     115      0.00701555
     116      0.00816643
     117      0.00931555
     118      0.01044259
     119      0.01154121
     120      0.01260116
     121      0.01360673
     122      0.01454953
     123      0.01542351
     124      0.01622078
     125      0.01693191
     126      0.01755317
     127      0.01807764
     128      0.01850554
     129      0.01883482
     130      0.01906588
     131      0.01920154
     132      0.01924047
     133      0.01918482
     134      0.01903279
     135      0.01878832
     136      0.01845724
     137      0.01805236
     138      0.01758028
     139      0.01703675
     140      0.01643167
     141      0.01577820
     142      0.01507170
     143      0.01432068
     144      0.01353944
     145      0.01273157
     146      0.01190818
     147      0.01107864
     148      0.01025429
     149      0.00944176
     150      0.00863860
     151      0.00785031
     152      0.00708817
     153      0.00635381
     154      0.00564383
     155      0.00496199
     156      0.00431421
     157      0.00370437
     158      0.00313724
     159      0.00261585
     160      0.00214315
     161      0.00171782
     162      0.00133373
     163      0.00098778
     164      0.00068017
     165      0.00041500
     166      0.00018985
     167      0.00000068
     168     -0.00015022
     169     -0.00026288
     170     -0.00034296
     171     -0.00039254
     172     -0.00040927
     173     -0.00039526
     174     -0.00035626
     175     -0.00029703
     176     -0.00021746
     177     -0.00012358
     178     -0.00002067
     179      0.00009452
     180      0.00021999
     181      0.00035179
     182      0.00048929
     183      0.00062959
     184      0.00077116
     185      0.00091473
     186      0.00105667
     187      0.00119227
     188      0.00132219
     189      0.00144573
     190      0.00156411
     191      0.00167525
     192      0.00176878
     193      0.00184598
     194      0.00191267
     195      0.00196668
     196      0.00200417
     197      0.00202704
     198      0.00204079
     199      0.00204280
     200      0.00202402
     201      0.00198884
     202      0.00194355
     203      0.00188600
     204      0.00181473
     205      0.00172866
     206      0.00163111
     207      0.00152665
     208      0.00141482
     209      0.00129849
     210      0.00117899
     211      0.00105897
     212      0.00093884
     213      0.00081646
     214      0.00069116
     215      0.00056633
     216      0.00044612
     217      0.00033137
     218      0.00022374
     219      0.00012325
