    0        0.000000000000        0.355876759184        0.464070445029
    1        0.300000000000        0.298091244408        0.107500706597
    2        0.600000000000        0.186607527442        0.010420759469
    3        0.900000000000        0.092075061563        0.005951055093
    4        1.200000000000        0.033067873682        0.013602275441
    5        1.500000000000        0.004385342992        0.017814910251
    6        1.800000000000       -0.005507249068        0.013988439260
    7        2.100000000000       -0.006201080141        0.008069176663
    8        2.400000000000       -0.003696016174        0.004638460090
    9        2.700000000000       -0.001428282183        0.000989609175
   10        3.000000000000        0.000181753367        0.001547825734
   11        3.300000000000        0.001248077207        0.001467555273
   12        3.600000000000        0.001286775546       -0.000795482127
   13        3.900000000000        0.000287983894        0.000181100517
   14        4.200000000000       -0.000689092511       -0.002207730917
   15        4.500000000000       -0.000909012001        0.000372044883
   16        4.800000000000        0.000039914578       -0.000952205121
   17        5.100000000000        0.000843428797       -0.000453268299
   18        5.400000000000        0.000619700358       -0.000457340186
   19        5.700000000000        0.000635491156       -0.000825878053
   20        6.000000000000        0.001024393293        0.001152561151
   21        6.300000000000        0.001068391882        0.001283817300
   22        6.600000000000        0.001234830516        0.000389371742
   23        6.900000000000        0.000868872760       -0.000256260863
   24        7.200000000000        0.000423326229       -0.000760350682
   25        7.500000000000       -0.000157716376        0.001701908779
   26        7.800000000000       -0.000749491303       -0.000160274269
   27        8.100000000000       -0.000961248184        0.000070775925
   28        8.400000000000       -0.001457991019       -0.000687204861
   29        8.700000000000       -0.002187030492       -0.001007454521
   30        9.000000000000       -0.001756202899       -0.000947413761
   31        9.300000000000       -0.001314048874        0.000316203795
   32        9.600000000000       -0.000668436268       -0.000907820998
   33        9.900000000000        0.000429011229       -0.002299954148
   34       10.200000000000        0.000959524763        0.000736731746
   35       10.500000000000        0.000674498399       -0.002275806137
   36       10.800000000000        0.000323453199       -0.001145167477
   37       11.100000000000        0.000075892292       -0.001611693094
   38       11.400000000000       -0.000485581162        0.000608582782
   39       11.700000000000       -0.001028283571        0.000931583049
   40       12.000000000000       -0.001384930852        0.000652930388
   41       12.300000000000       -0.001893509130       -0.000208814337
   42       12.600000000000       -0.001895909866       -0.001881417672
   43       12.900000000000       -0.002087837650       -0.001529062664
   44       13.200000000000       -0.002283236866        0.000266951411
   45       13.500000000000       -0.001625819190       -0.001043232809
   46       13.800000000000       -0.000725048165       -0.002378451772
   47       14.100000000000       -0.000010424542       -0.000570826653
   48       14.400000000000       -0.000009644377        0.000067982328
   49       14.700000000000       -0.000929758240       -0.000092402604
   50       15.000000000000       -0.001054419209       -0.000448900019
   51       15.300000000000       -0.000163831560        0.000941188513
   52       15.600000000000        0.000173246301        0.000499260150
   53       15.900000000000        0.000276732344        0.000520107475
   54       16.200000000000        0.000025675889        0.000847516643
   55       16.500000000000        0.000015339908        0.001901296202
   56       16.800000000000       -0.000197609272        0.000946878970
   57       17.100000000000       -0.001116208760       -0.001839764183
   58       17.400000000000       -0.001669448750       -0.002565111313
   59       17.700000000000       -0.001494374252       -0.001537709821
   60       18.000000000000       -0.000344497812       -0.003883134379
   61       18.300000000000        0.000942864732       -0.002239428073
   62       18.600000000000        0.000521599643       -0.000738406081
   63       18.900000000000       -0.000497326976        0.001475066801
   64       19.200000000000       -0.000825173049       -0.001210240736
   65       19.500000000000       -0.000061193865       -0.001499080889
   66       19.800000000000        0.001042363312       -0.001784016881
   67       20.100000000000        0.001823875055       -0.000019783175
   68       20.400000000000        0.001930549017        0.000888373522
   69       20.700000000000        0.001599281550        0.000831113474
   70       21.000000000000        0.000666234771        0.002891983907
   71       21.300000000000       -0.000592677742        0.000386156228
   72       21.600000000000       -0.001344114343        0.000361975874
   73       21.900000000000       -0.001131594998        0.001045312037
   74       22.200000000000       -0.000447718144        0.001192454297
   75       22.500000000000        0.000204569945       -0.000816142878
   76       22.800000000000        0.000471529133        0.000569232844
   77       23.100000000000        0.000147353936        0.000614918186
   78       23.400000000000        0.000018749402        0.001223221602
   79       23.700000000000        0.000077856533       -0.002373915835
   80       24.000000000000       -0.000345199669        0.000705811259
   81       24.300000000000       -0.001371558558        0.000599257372
   82       24.600000000000       -0.001895914720       -0.001270875673
   83       24.900000000000       -0.002269286552       -0.000632202605
   84       25.200000000000       -0.001472742828        0.001640467244
   85       25.500000000000       -0.000947673638        0.001881939077
   86       25.800000000000       -0.001139791588       -0.001115257088
   87       26.100000000000       -0.000981234306        0.001289046820
   88       26.400000000000       -0.001605658024       -0.000245697961
   89       26.700000000000       -0.002284039560        0.000449553877
   90       27.000000000000       -0.002224732991        0.002206487952
   91       27.300000000000       -0.001875614601        0.000277989219
   92       27.600000000000       -0.001320816359       -0.001100952437
   93       27.900000000000       -0.000640341876       -0.000659422855
   94       28.200000000000       -0.000881995522        0.000478089274
   95       28.500000000000       -0.000760682969       -0.001443033817
   96       28.800000000000        0.000114546490        0.000231690458
   97       29.100000000000        0.000285782657       -0.001228484389
   98       29.400000000000        0.000105727369       -0.000857074170
   99       29.700000000000       -0.000136330556       -0.000845560918
  100       30.000000000000       -0.000245760919        0.001577987805
  101       30.300000000000        0.000021938103        0.001888291408
  102       30.600000000000       -0.000042609994        0.000683041943
  103       30.900000000000       -0.001359680794       -0.001228582245
  104       31.200000000000       -0.002999941350       -0.001434110488
  105       31.500000000000       -0.003820635852       -0.001001533527
  106       31.800000000000       -0.003105779504       -0.000533410262
  107       32.100000000000       -0.001541778909       -0.002076119600
  108       32.400000000000       -0.000795295569       -0.001159359281
  109       32.700000000000       -0.000966995079       -0.001340891417
  110       33.000000000000       -0.001054717117       -0.000170762918
  111       33.300000000000       -0.000035852692        0.001757717748
  112       33.600000000000        0.000615274387        0.001179797216
  113       33.900000000000       -0.000353038332        0.001698484388
  114       34.200000000000       -0.001048456048       -0.000345983239
  115       34.500000000000       -0.000909680404       -0.000254959968
  116       34.800000000000       -0.000413028188       -0.000826399363
  117       35.100000000000       -0.000865279217       -0.001652434031
  118       35.400000000000       -0.001382846077        0.000753750641
  119       35.700000000000       -0.000852839402        0.001157161871
  120       36.000000000000       -0.000462376563        0.000996172385
  121       36.300000000000       -0.000264788039        0.000226889058
  122       36.600000000000       -0.000630871800       -0.001529813877
  123       36.900000000000       -0.000829227868       -0.000187687882
  124       37.200000000000       -0.000508291703       -0.000342000517
  125       37.500000000000        0.000009744154       -0.001691052838
  126       37.800000000000        0.000479794236       -0.000049268591
  127       38.100000000000        0.000737006944       -0.000325450181
  128       38.400000000000        0.000437116822       -0.000386316231
  129       38.700000000000        0.000168186898        0.001295415165
  130       39.000000000000       -0.000170518565        0.002243914972
  131       39.300000000000        0.000346655819        0.000441682766
  132       39.600000000000        0.000347759771        0.003354456095
  133       39.900000000000       -0.000239411534       -0.000838411112
  134       40.200000000000       -0.000145804619       -0.000664694714
  135       40.500000000000       -0.000311976188       -0.001336816530
  136       40.800000000000       -0.000667495682       -0.000689923595
  137       41.100000000000       -0.000736739733        0.000457219522
  138       41.400000000000       -0.001168360525        0.001032998934
  139       41.700000000000       -0.001051074390       -0.000860020377
  140       42.000000000000       -0.000275213516        0.000925102926
  141       42.300000000000        0.000760069931       -0.001513139533
  142       42.600000000000        0.001668705594        0.001290163690
  143       42.900000000000        0.001760939203       -0.000523917136
  144       43.200000000000        0.001486985656       -0.000274583273
  145       43.500000000000        0.001445196181       -0.001005323988
  146       43.800000000000        0.000936390199       -0.000654731293
  147       44.100000000000        0.000212158011       -0.000507693111
  148       44.400000000000        0.000748401066        0.000327704923
  149       44.700000000000        0.002149758167        0.001469704487
  150       45.000000000000        0.002125828741       -0.001238589194
  151       45.300000000000        0.001335484579       -0.002001478845
  152       45.600000000000        0.000654269594        0.001053314172
  153       45.900000000000       -0.000173211466       -0.000636375047
  154       46.200000000000       -0.001102510439       -0.000430892991
  155       46.500000000000       -0.001079341013       -0.001533658456
  156       46.800000000000       -0.000771376979        0.000564307466
  157       47.100000000000       -0.001065899012       -0.000270735741
  158       47.400000000000       -0.000746616173        0.000758924639
  159       47.700000000000       -0.000380029392        0.001243195782
  160       48.000000000000        0.000623518910        0.001496535856
  161       48.300000000000        0.001423950689       -0.000605521083
  162       48.600000000000        0.001209832033        0.000354517669
  163       48.900000000000        0.000449230023        0.001255443347
  164       49.200000000000       -0.000500124087       -0.001143063214
  165       49.500000000000       -0.000839238306        0.000701413387
  166       49.800000000000       -0.000386358463        0.001043935292
  167       50.100000000000        0.000013247314        0.001218934791
  168       50.400000000000        0.000405362844        0.001524918915
  169       50.700000000000        0.000020007094       -0.000213293773
  170       51.000000000000        0.000009604450        0.000134399683
  171       51.300000000000        0.000350252329        0.000855191134
  172       51.600000000000       -0.000190611550        0.000055312272
  173       51.900000000000       -0.000672660120        0.000759795383
  174       52.200000000000       -0.000701052607       -0.001891875780
  175       52.500000000000       -0.000643868977       -0.000654463909
  176       52.800000000000       -0.001288537501       -0.001397619940
  177       53.100000000000       -0.001638263805        0.000277046669
  178       53.400000000000       -0.000566577415       -0.000294847637
  179       53.700000000000        0.000144947166        0.001462566744
  180       54.000000000000        0.000387859025       -0.002092364717
  181       54.300000000000        0.000405887495       -0.000746686106
  182       54.600000000000        0.000370973358       -0.002103435911
  183       54.900000000000        0.000001892557       -0.001851526875
  184       55.200000000000       -0.000200168778       -0.001087343693
  185       55.500000000000        0.000050471603       -0.000698766309
  186       55.800000000000        0.000341159584        0.000366476511
  187       56.100000000000        0.000465425732        0.003251558550
  188       56.400000000000        0.000488081383        0.000644934707
  189       56.700000000000        0.000092844772       -0.000541212926
  190       57.000000000000       -0.000625553757       -0.000597460364
  191       57.300000000000       -0.001039191218        0.000269193664
  192       57.600000000000       -0.000586175304        0.000072212658
  193       57.900000000000        0.000444857959        0.001401785334
  194       58.200000000000        0.000503731032        0.001821496397
  195       58.500000000000       -0.000280468631        0.000706787960
  196       58.800000000000       -0.000613906186       -0.001945959594
  197       59.100000000000       -0.000497153270       -0.001349127354
  198       59.400000000000       -0.000726848437       -0.000832501941
  199       59.700000000000       -0.000127419382       -0.003152772712
  200       60.000000000000        0.000767108383       -0.002830196170
  201       60.300000000000        0.000570959009       -0.000194759454
  202       60.600000000000        0.000137191162       -0.000513138188
  203       60.900000000000        0.000421117250       -0.001577448489
  204       61.200000000000        0.000474323029       -0.002772205943
  205       61.500000000000        0.000246069210       -0.001629971768
  206       61.800000000000       -0.000029855253        0.000073122172
  207       62.100000000000       -0.001020211989        0.000474685012
  208       62.400000000000       -0.001741445769        0.000924866990
  209       62.700000000000       -0.001594503121       -0.000420278490
  210       63.000000000000       -0.001263899371        0.002448555786
  211       63.300000000000       -0.001179701307       -0.000481454691
  212       63.600000000000       -0.000407249399       -0.000319437704
  213       63.900000000000        0.000027745625        0.001751047804
  214       64.200000000000        0.000156616959        0.001442659882
  215       64.500000000000        0.000366586931       -0.002549832680
  216       64.800000000000       -0.000023652800       -0.001294805996
  217       65.100000000000       -0.000260873388        0.001476670512
  218       65.400000000000        0.000143717890        0.000816418257
  219       65.700000000000        0.000727409212        0.002264806301
  220       66.000000000000        0.000455406182       -0.001069535363
  221       66.300000000000       -0.000613970488       -0.000725193170
  222       66.600000000000       -0.001518321783        0.000975131433
  223       66.900000000000       -0.001480981615        0.000803023393
  224       67.200000000000       -0.001961283955        0.001820389255
  225       67.500000000000       -0.002501288230        0.001508200329
  226       67.800000000000       -0.001941463515        0.000132116113
  227       68.100000000000       -0.001668969751        0.000534458906
  228       68.400000000000       -0.002313528139        0.000134006141
  229       68.700000000000       -0.002559804490       -0.000304463174
  230       69.000000000000       -0.002778623941       -0.000046704576
  231       69.300000000000       -0.002827495681        0.000076390184
  232       69.600000000000       -0.002678038163        0.000672107181
  233       69.900000000000       -0.001691078707       -0.000390959184
  234       70.200000000000       -0.001233168817        0.001447099502
  235       70.500000000000       -0.001180810451       -0.000240512754
  236       70.800000000000       -0.000667070248       -0.001798423434
  237       71.100000000000       -0.000312745710       -0.001469694102
  238       71.400000000000       -0.000627573859        0.000054068024
  239       71.700000000000       -0.001262494261        0.000773246009
  240       72.000000000000       -0.000387219537       -0.000609445328
  241       72.300000000000       -0.000107427305       -0.000868450082
  242       72.600000000000       -0.001474585646       -0.001122539510
  243       72.900000000000       -0.001719715107        0.001101778692
  244       73.200000000000       -0.000837297033       -0.000245057243
  245       73.500000000000       -0.000067320632       -0.001555901821
  246       73.800000000000       -0.000589243135       -0.001831257411
  247       74.100000000000       -0.000637763626       -0.000222540112
  248       74.400000000000        0.000029242768        0.002367896419
  249       74.700000000000       -0.000038631164       -0.000610295166
  250       75.000000000000       -0.000497562273        0.001301708420
  251       75.300000000000       -0.000587015818       -0.000648628321
  252       75.600000000000       -0.000172518392        0.001568247488
  253       75.900000000000       -0.000357489453        0.000274169285
  254       76.200000000000       -0.001300615699        0.001900104774
  255       76.500000000000       -0.001830205417        0.001330275186
  256       76.800000000000       -0.001077816339        0.000534544215
  257       77.100000000000       -0.000440149010        0.001268721567
  258       77.400000000000        0.000353607436       -0.000737314369
  259       77.700000000000        0.000500893553       -0.002438201470
  260       78.000000000000       -0.000112204507       -0.000108269295
  261       78.300000000000       -0.000425117782       -0.000114688829
  262       78.600000000000       -0.000323786815       -0.000157156372
  263       78.900000000000       -0.000130952376       -0.000647870814
  264       79.200000000000       -0.000008252444       -0.001832649336
  265       79.500000000000        0.000400186178       -0.001867141588
  266       79.800000000000        0.000496487382       -0.001671715363
  267       80.100000000000        0.000462934544       -0.002056327377
  268       80.400000000000        0.000290502286        0.000271748329
  269       80.700000000000       -0.000041531809        0.000802282523
  270       81.000000000000       -0.000340788736        0.000436078821
  271       81.300000000000       -0.000226799349        0.000093362614
  272       81.600000000000        0.000409815444       -0.000764673733
  273       81.900000000000        0.001330507045       -0.001088116856
  274       82.200000000000        0.002378259259       -0.001835379130
  275       82.500000000000        0.002267535191        0.000611112789
  276       82.800000000000        0.000998054885       -0.001925654864
  277       83.100000000000       -0.000346226814       -0.003354908139
  278       83.400000000000       -0.001288663635       -0.000563463849
  279       83.700000000000       -0.002083985150        0.000929685631
  280       84.000000000000       -0.001232180207        0.000339842897
  281       84.300000000000       -0.000242799542       -0.000041789038
  282       84.600000000000        0.000082836320       -0.001277370748
  283       84.900000000000        0.000363780456       -0.001167518440
  284       85.200000000000        0.000333833876        0.001040883632
  285       85.500000000000       -0.000293649240       -0.000151422591
  286       85.800000000000       -0.000900518083        0.000104744263
  287       86.100000000000       -0.000758549591        0.001062289052
  288       86.400000000000       -0.000405970399        0.001484864595
  289       86.700000000000       -0.000594504302       -0.000834241059
  290       87.000000000000       -0.000071837296       -0.000862556218
  291       87.300000000000        0.001494373701       -0.000870487703
  292       87.600000000000        0.002037770607       -0.000841263855
  293       87.900000000000        0.000961691065       -0.000095768120
  294       88.200000000000        0.000120457609        0.000930314503
  295       88.500000000000        0.000116858057        0.001749990428
  296       88.800000000000        0.000386798605       -0.001932326780
  297       89.100000000000        0.001055604241       -0.001140051433
  298       89.400000000000        0.001461611095        0.001036727618
  299       89.700000000000        0.001097066836       -0.000430033828
  300       90.000000000000        0.000729361232        0.000348208440
  301       90.300000000000        0.001444917799        0.000788079163
  302       90.600000000000        0.001619017948        0.001048218707
  303       90.900000000000        0.000515314902       -0.001673560095
  304       91.200000000000        0.000110229506       -0.000903245890
  305       91.500000000000        0.000292664342        0.001679836839
  306       91.800000000000        0.000792892365       -0.000386610377
  307       92.100000000000        0.000933876930       -0.000329434258
  308       92.400000000000        0.001120181152        0.000570203446
  309       92.700000000000        0.001227532717        0.002358116027
  310       93.000000000000        0.000415259714        0.002960563402
  311       93.300000000000       -0.000616091602        0.001232073164
  312       93.600000000000       -0.001063300475       -0.001689256497
  313       93.900000000000       -0.001301818281       -0.000183831067
  314       94.200000000000       -0.000529846799       -0.000020590877
  315       94.500000000000       -0.000283680952       -0.000025292090
  316       94.800000000000       -0.001557997445       -0.000981473131
  317       95.100000000000       -0.001778077785        0.000968320924
  318       95.400000000000       -0.001137070644        0.002434390569
  319       95.700000000000       -0.000593759635        0.000015822795
  320       96.000000000000        0.000238076590        0.001801280914
  321       96.300000000000        0.001229768831       -0.000479895780
  322       96.600000000000        0.001091880704        0.000529981448
  323       96.900000000000        0.000154149078        0.000002650493
  324       97.200000000000       -0.000831016173       -0.001404403765
  325       97.500000000000       -0.001774826569        0.001051124195
  326       97.800000000000       -0.001530832257        0.001972052891
  327       98.100000000000       -0.000507620397        0.002622260305
  328       98.400000000000       -0.000471983042       -0.002068551605
  329       98.700000000000       -0.000244238349       -0.003280361901
  330       99.000000000000        0.000450411974        0.000814398209
  331       99.300000000000        0.001114292323        0.000449734193
  332       99.600000000000        0.000991985254        0.000969325242
  333       99.900000000000        0.000996674366       -0.000441924380
  334      100.200000000000        0.001320153747        0.002052773775
  335      100.500000000000        0.001275908756       -0.000333497862
  336      100.800000000000        0.000862308443        0.000491546308
  337      101.100000000000        0.000831404719        0.001200430563
  338      101.400000000000        0.001279383879        0.000269756053
  339      101.700000000000        0.001458465705       -0.000231562705
  340      102.000000000000        0.001155505308        0.001572913753
  341      102.300000000000        0.000022949777       -0.001468301749
  342      102.600000000000       -0.001132373606       -0.000573606443
  343      102.900000000000       -0.000968869866       -0.001953364699
  344      103.200000000000       -0.000090642481       -0.000306926175
  345      103.500000000000        0.000256818257        0.001073126137
  346      103.800000000000        0.000642693785       -0.000436852998
  347      104.100000000000        0.001410790673        0.002420983730
  348      104.400000000000        0.001308602152        0.002127738250
  349      104.700000000000        0.001325532886        0.003015221084
  350      105.000000000000        0.001001055725        0.002696153145
  351      105.300000000000       -0.000103324543        0.000088566305
  352      105.600000000000       -0.000652781066        0.000737336691
  353      105.900000000000       -0.000720088030        0.000105531771
  354      106.200000000000       -0.000647108577        0.000677369148
  355      106.500000000000       -0.001062020997        0.001658946859
  356      106.800000000000       -0.001070024127        0.000553850238
  357      107.100000000000       -0.001024380248       -0.000303616947
  358      107.400000000000       -0.001233974981       -0.000610333556
  359      107.700000000000       -0.001492474794        0.001065732811
  360      108.000000000000       -0.001060640062        0.001602153889
  361      108.300000000000        0.000138308940        0.001024103715
  362      108.600000000000        0.000346532542       -0.000000036429
  363      108.900000000000       -0.000388167126        0.003287222499
  364      109.200000000000       -0.000316506984       -0.001260422732
  365      109.500000000000        0.000415785662       -0.000247570765
  366      109.800000000000        0.000434360608        0.000544364545
  367      110.100000000000        0.000368930666        0.000681298322
  368      110.400000000000        0.000098143092       -0.001138527631
  369      110.700000000000       -0.000167646049        0.000884198761
  370      111.000000000000       -0.000234862371       -0.001490419544
  371      111.300000000000       -0.000280956437       -0.000559260869
  372      111.600000000000        0.000029828285       -0.001288240680
  373      111.900000000000        0.000662427978       -0.002684775564
  374      112.200000000000        0.000927080563       -0.001045206220
  375      112.500000000000        0.000690718728        0.000994397109
  376      112.800000000000        0.000086917457        0.001085768748
  377      113.100000000000       -0.000232038273        0.001976983076
  378      113.400000000000       -0.000425638656       -0.000052725718
  379      113.700000000000       -0.000875327040        0.001578487022
  380      114.000000000000       -0.000892986988        0.001305869901
  381      114.300000000000       -0.000937097291        0.000613097782
  382      114.600000000000       -0.000476198525        0.001278900226
  383      114.900000000000        0.000529815261       -0.000075661773
  384      115.200000000000        0.001220336274       -0.001288169983
  385      115.500000000000        0.000787214829       -0.000546230235
  386      115.800000000000        0.000323299886        0.000510615568
  387      116.100000000000        0.000426705144        0.000115291556
  388      116.400000000000        0.000527650470       -0.000933615172
  389      116.700000000000        0.000785224403       -0.001249135774
  390      117.000000000000        0.001574407605       -0.000970363019
  391      117.300000000000        0.001850148173        0.000417148190
  392      117.600000000000        0.001569105482       -0.000942136699
  393      117.900000000000        0.001195399631       -0.002173816370
  394      118.200000000000        0.001263400668       -0.002073029948
  395      118.500000000000        0.000899137274        0.001754576857
  396      118.800000000000        0.000087834406       -0.000536236293
  397      119.100000000000        0.000089874334        0.001233542210
  398      119.400000000000        0.000340529137        0.000355138554
  399      119.700000000000       -0.000008159752        0.000802059325
