0.000000000000 0.999291828795 0.994677683099 1.000680858317 1.001796791281
0.300000000000 0.856849592083 0.877496333067 0.916510356536 0.936345324495
0.600000000000 0.584110785759 0.666836856727 0.783979422073 0.841777234766
0.900000000000 0.358656674173 0.501856941469 0.684474260497 0.772604427158
1.200000000000 0.208706616832 0.380898328706 0.600349627629 0.703898804721
1.500000000000 0.118255398163 0.289344175181 0.528850359714 0.645248856506
1.800000000000 0.066344313342 0.220521682164 0.463807484801 0.592339139882
2.100000000000 0.037256220682 0.168847855074 0.407611574429 0.544522779898
2.400000000000 0.021047314327 0.130993683649 0.360405539675 0.500861217125
2.700000000000 0.011772597789 0.102968424282 0.318671980391 0.460493525547
3.000000000000 0.006370200015 0.080608126955 0.282145428117 0.423336489470
3.300000000000 0.002972175629 0.062032466652 0.250361245856 0.389272625264
3.600000000000 0.001266719248 0.048082312202 0.221148514360 0.358799005484
3.900000000000 0.000777799578 0.037364246237 0.195342221512 0.331050357138
4.200000000000 0.001758815617 0.029394325376 0.173782209083 0.305195206049
4.500000000000 0.002312415549 0.023970449446 0.153495143169 0.281539797515
4.800000000000 0.001930647374 0.020036646266 0.135141649840 0.258889635664
5.100000000000 0.000940287612 0.017407451062 0.120083024776 0.238065764259
5.400000000000 -0.000431194225 0.014487339383 0.106281827452 0.220249403871
5.700000000000 -0.000672656375 0.011747869175 0.093710166233 0.203037978665
6.000000000000 0.000297867300 0.009800668810 0.083416881198 0.186533774137
6.300000000000 0.001014392647 0.007902083658 0.074979708804 0.172517410017
6.600000000000 0.001207399820 0.006057489648 0.067309993383 0.159721926868
6.900000000000 0.000854015045 0.004342391573 0.060076153176 0.147650282996
7.200000000000 0.000772681058 0.003924104656 0.053802683599 0.137214762603
7.500000000000 0.000420118901 0.003906911651 0.048069308046 0.128143573855
7.800000000000 -0.000297516324 0.003494622561 0.043289502657 0.119598775622
8.100000000000 -0.000180481203 0.003303566731 0.039015238640 0.110894994631
8.400000000000 -0.000068900211 0.002723741770 0.034622894538 0.102230026846
8.700000000000 -0.000133425880 0.002714688801 0.030701164689 0.094185562208
9.000000000000 -0.000335992685 0.003142916135 0.027960195792 0.087220345354
9.300000000000 -0.000539429910 0.002958726568 0.025517849007 0.081093699386
9.600000000000 -0.000132467359 0.002278370310 0.023447527503 0.074829649334
9.900000000000 0.000789263377 0.002583246967 0.020934498311 0.069055228586
10.200000000000 0.001849514232 0.002678203222 0.018142235101 0.063841169201
10.500000000000 0.002651021207 0.002379080850 0.016730758413 0.058641152576
10.800000000000 0.001990402510 0.001215884684 0.016129690371 0.054398029536
11.100000000000 0.001111474937 0.000855754515 0.014532937047 0.050552810865
11.400000000000 0.000306927893 -0.000008923067 0.013004789161 0.047260983954
11.700000000000 -0.000871450647 0.000050671172 0.012535644812 0.044009575157
12.000000000000 -0.001220388985 0.000983323560 0.011661380267 0.040997879581
12.300000000000 -0.001156041736 0.001341813688 0.010242679818 0.038411580770
12.600000000000 -0.001199252580 0.001462637181 0.009335712152 0.035641273769
12.900000000000 -0.001824873301 0.000812239951 0.008588216446 0.032519166794
13.200000000000 -0.002443821855 0.000043938569 0.007586741159 0.029886638773
13.500000000000 -0.002701078793 -0.000658510463 0.006687561617 0.027901633639
13.800000000000 -0.002525515604 -0.001048304158 0.005926135787 0.025304434017
14.100000000000 -0.002277498970 -0.001974160447 0.005105633809 0.022920038249
14.400000000000 -0.002174879104 -0.002623353490 0.004420820551 0.021338957209
14.700000000000 -0.002214895022 -0.002160747580 0.004180107262 0.020095760424
15.000000000000 -0.001048622930 -0.001516128373 0.003314774259 0.019271993363
15.300000000000 0.000040121367 -0.000679273597 0.002988165852 0.017822603611
15.600000000000 0.000224699088 -0.000226494884 0.003569244263 0.016576475188
15.900000000000 0.000008205856 -0.000372198733 0.002913708325 0.015697168594
16.200000000000 -0.000183693263 -0.000391985107 0.002319654209 0.014750707361
16.500000000000 -0.000004444479 -0.000515300562 0.002244386706 0.013699781335
16.800000000000 -0.000937575361 -0.000751558173 0.002598195960 0.012646360502
17.100000000000 -0.001974285586 -0.000698223728 0.002829350660 0.011706313273
17.400000000000 -0.002241698216 -0.000450901549 0.001917297989 0.010962063678
17.700000000000 -0.001472118577 -0.000201928858 0.001265131113 0.010537561688
18.000000000000 -0.000502693845 -0.000448588462 0.001159997095 0.010352537464
18.300000000000 -0.000465956874 -0.001265475685 0.000558363227 0.010059710212
18.600000000000 -0.000191177089 -0.001324794834 -0.000330519770 0.009641288769
18.900000000000 -0.000105442218 -0.000411552125 -0.000690869071 0.009032087831
19.200000000000 -0.000878282847 -0.000397055430 -0.001366168334 0.008327462463
19.500000000000 -0.000905958840 -0.000518311016 -0.001148310185 0.007702903003
19.800000000000 -0.000380159855 0.000137128886 -0.000517320020 0.006848082137
20.100000000000 0.000922034938 0.000488891848 0.000058009703 0.006434214517
20.400000000000 0.001115288247 0.000523292341 0.000338121257 0.006427401890
20.700000000000 0.000232609696 0.000692695883 -0.001180423930 0.005761105082
21.000000000000 -0.000297586596 0.000360227743 -0.001849874312 0.005472219406
21.300000000000 -0.000435822878 -0.000084346374 -0.001660621820 0.005283891814
21.600000000000 -0.000072348489 -0.000134589871 -0.001277144630 0.004399597340
21.900000000000 -0.000141852519 0.000084660313 -0.000885807510 0.004350158324
22.200000000000 -0.000225248011 -0.000252691662 -0.001250174666 0.004457038076
22.500000000000 0.000607056124 -0.000737849161 -0.001191536665 0.003960510067
22.800000000000 0.001864371720 -0.000710439673 -0.001346877264 0.003831116041
23.100000000000 0.002276420470 -0.000449919455 -0.001354777041 0.002989588547
23.400000000000 0.001520954254 -0.000177796064 -0.001001955289 0.002487153125
23.700000000000 0.000909509998 0.000179784245 -0.001000848938 0.002580358262
24.000000000000 -0.000212812359 -0.000161655065 -0.000831702005 0.002477825596
24.300000000000 -0.000655673254 -0.000377968798 -0.000694804667 0.002328129253
24.600000000000 -0.000135442570 -0.000045080874 -0.001119292143 0.002077046880
24.900000000000 -0.000076710271 0.000311788048 -0.001385840317 0.001772655639
25.200000000000 -0.000597907307 0.000150128394 -0.001442983357 0.001830777056
25.500000000000 -0.000918419815 0.000457670075 -0.001387660462 0.001854013768
25.800000000000 -0.000635360001 0.000905317707 -0.001809039479 0.001931448494
26.100000000000 -0.000395905582 0.000414100899 -0.001910683769 0.002232801463
26.400000000000 0.000164102891 0.000756086023 -0.001307560094 0.001782121133
26.700000000000 0.000219678400 0.001113873883 -0.000830162604 0.001475621495
27.000000000000 -0.000062303904 0.000277309683 -0.000989884635 0.001542264916
27.300000000000 0.000573829356 -0.000013048187 -0.001071134057 0.001701607087
27.600000000000 0.000910572834 -0.000352871889 -0.000761745448 0.001695235726
27.900000000000 0.000830880839 0.000066041612 -0.000116126364 0.001615718718
28.200000000000 0.001081108475 0.000151395169 0.000610113939 0.001998169383
28.500000000000 -0.000018450579 0.000091133604 0.000858494683 0.002158842833
28.800000000000 -0.000891703760 0.000020642331 0.001186924210 0.002296642652
29.100000000000 -0.001281471608 -0.000217749999 0.001333270863 0.001587710664
29.400000000000 -0.001340413774 -0.000310955416 0.000279378245 0.000493773821
29.700000000000 -0.001019704345 -0.000452020054 -0.000236042550 0.000390507669
30.000000000000 -0.001287507081 -0.000273427027 -0.000800789419 0.000538558612
30.300000000000 -0.001931838024 -0.000009339095 -0.001516920036 0.001005813842
30.600000000000 -0.001984535016 0.000275401193 -0.001465060433 0.001224076354
30.900000000000 -0.001801141634 0.000374040766 -0.001264743832 0.000757364093
31.200000000000 -0.001380622250 0.000179689129 -0.000941163167 0.000927062133
31.500000000000 -0.000528719884 -0.000028298089 -0.001020581197 0.001023490430
31.800000000000 0.000118605197 -0.000678536312 -0.001361785543 0.001122996948
32.100000000000 0.000094213702 -0.000911561363 -0.000722847151 0.001530972404
32.400000000000 -0.000302204123 -0.000742482484 -0.000180206177 0.002084487578
32.700000000000 -0.000290931696 -0.000592325988 -0.000314269759 0.002354501799
33.000000000000 -0.000214147837 -0.000255636941 -0.000268888280 0.002403067934
33.300000000000 -0.000891948491 0.000225712686 -0.000551843642 0.002795506988
33.600000000000 -0.001556464536 0.000509117231 -0.001283100175 0.003271121604
33.900000000000 -0.001982385094 0.000708755087 -0.001074333910 0.003074247178
34.200000000000 -0.002466331818 0.000214486319 -0.001107748643 0.002424964045
34.500000000000 -0.002621617954 -0.000394305712 -0.001015367588 0.002499794333
34.800000000000 -0.002121089911 -0.000359515789 -0.000457315672 0.002116357598
35.100000000000 -0.001587737533 0.000034867687 -0.000261433189 0.002033257506
35.400000000000 -0.001139163601 0.000947370211 -0.000833963478 0.001989219416
35.700000000000 -0.001083139352 0.001205502280 -0.001388614909 0.002266258595
36.000000000000 -0.000914846151 0.001478541560 -0.001115069893 0.002596038212
36.300000000000 -0.000904868147 0.001094845680 -0.000959407508 0.002472568691
36.600000000000 -0.001335798206 0.000724819391 -0.000965235886 0.002457694226
36.900000000000 -0.001049013270 0.001279366176 -0.000968509354 0.001964340261
37.200000000000 -0.000447832029 0.001388421158 -0.000994598318 0.000831494361
37.500000000000 -0.000225039956 0.001013196750 -0.001156095265 0.000338401462
37.800000000000 -0.000378913705 0.000936145309 -0.001105450875 0.000564180306
38.100000000000 -0.000743808768 0.001637223327 -0.001516252104 0.000413508261
38.400000000000 -0.000412978617 0.001626596680 -0.001867641930 0.000389327042
38.700000000000 -0.000082942507 0.001042784459 -0.001433006389 0.000191524345
39.000000000000 -0.000441550805 0.000473658114 -0.000942313807 0.000192256979
39.300000000000 -0.000232311352 0.000080930800 -0.000519820374 0.000325812229
39.600000000000 0.000679789330 0.000225106493 0.000009898920 -0.000001890393
39.900000000000 0.000902646067 0.000678785400 0.000273927460 -0.000198656368
40.200000000000 0.000470732256 0.000385262711 -0.000086599026 -0.000402323406
40.500000000000 0.000886080056 0.000587701451 -0.000252925812 -0.000420092721
40.800000000000 0.001498813223 0.000862505948 -0.000360416655 -0.000541270826
41.100000000000 0.001662328803 0.000836942627 -0.000395204033 -0.000878522266
41.400000000000 0.001533210928 0.000271755729 -0.000100652072 -0.000952527746
41.700000000000 0.000988497721 -0.000743193315 0.000337334534 -0.001058677144
42.000000000000 0.000809998748 -0.001479832069 0.000248481687 -0.001254272507
42.300000000000 0.000737146569 -0.001690850293 0.000525903396 -0.001172521219
42.600000000000 0.000821055835 -0.001785593281 0.001005101851 -0.001203307408
42.900000000000 0.001313076498 -0.001170127497 0.001142322749 -0.001388668616
43.200000000000 0.001324223457 -0.000618415712 0.000942748571 -0.000854543880
43.500000000000 0.000710607565 -0.000364859202 0.000798992532 -0.000576112642
43.800000000000 0.000438156664 -0.000223268758 0.000938995906 0.000229501214
44.100000000000 -0.000088686209 -0.000229949116 0.000819577623 0.000499051212
44.400000000000 -0.000600449493 -0.000056886291 0.000473724776 -0.000207571990
44.700000000000 -0.000543296187 0.000030830249 0.000142479631 -0.000576761466
45.000000000000 0.000016322693 -0.000664261876 0.000491680269 -0.000350483140
45.300000000000 -0.000241263114 -0.001014060176 0.000404755321 -0.000213442933
45.600000000000 -0.000998769759 -0.000161493992 -0.000070721558 -0.000281727321
45.900000000000 -0.001335746990 0.000628432011 -0.000034924760 -0.000816037336
46.200000000000 -0.000868775860 0.000520888847 -0.000109382371 -0.001371290795
46.500000000000 0.000287741962 0.000227766628 0.000040946493 -0.001124226459
46.800000000000 0.000599812965 0.000151235564 0.000289502132 -0.001071231391
47.100000000000 0.000494209136 0.000038821549 0.000311431208 -0.000845822794
47.400000000000 0.000223703193 -0.000401871339 0.000761026955 -0.000989345440
47.700000000000 0.000315665943 -0.000977704039 0.000893451200 -0.001164253762
48.000000000000 0.000808338834 -0.001414989066 0.000271794536 -0.000773587973
48.300000000000 0.001282183203 -0.001229309510 -0.000176939693 -0.000480354172
48.600000000000 0.001084767601 -0.000737256895 -0.000332635353 -0.001096171227
48.900000000000 -0.000029096370 -0.000551853236 -0.000765948323 -0.000598825956
49.200000000000 -0.001443257442 -0.000401051909 -0.001109404397 -0.000454008168
49.500000000000 -0.001428732299 -0.000111729661 -0.000773735908 -0.000994681808
49.800000000000 -0.000474181825 -0.000081440995 -0.000542344569 -0.001230808247
50.100000000000 0.000043897010 0.000291063139 -0.001106635639 -0.001322613640
50.400000000000 0.000268587806 0.000018231824 -0.001295561823 -0.001666251366
50.700000000000 0.000336743439 -0.001050294730 -0.001451306916 -0.001597671251
51.000000000000 0.000079426222 -0.001179994422 -0.001471234260 -0.001292833843
51.300000000000 -0.000275001181 -0.000682860010 -0.000603742027 -0.001188462919
51.600000000000 -0.000366576984 -0.001104764185 -0.000110415391 -0.000859268515
51.900000000000 -0.000643620935 -0.001299543410 -0.000018425086 -0.000658253413
52.200000000000 -0.000296469588 -0.000873499713 -0.000232181751 -0.000835546925
52.500000000000 0.000106537843 -0.000843995438 -0.000173042433 -0.001142013180
52.800000000000 -0.000331805705 -0.000951330402 0.000520805672 -0.001460737340
53.100000000000 -0.000550894419 -0.000551345818 0.001129039655 -0.001476956451
53.400000000000 -0.000165028086 0.000104499405 0.001597120675 -0.001187517665
53.700000000000 -0.000086484351 -0.000392479739 0.002554624822 -0.000984646687
54.000000000000 -0.000337724541 -0.000815353556 0.002177896715 -0.001012023348
54.300000000000 -0.000686688841 -0.001045609495 0.001103802849 -0.000952319165
54.600000000000 -0.000528558665 -0.000787512068 0.000250471266 -0.001052468442
54.900000000000 -0.000127796439 -0.000437239185 -0.000153195372 -0.001434757979
55.200000000000 -0.000390755735 -0.000307883193 -0.000118560124 -0.001794196143
55.500000000000 -0.001053665931 0.000294167649 0.000127171802 -0.002245489914
55.800000000000 -0.001352586738 0.000395131767 0.000055704786 -0.001983749330
56.100000000000 -0.000786975124 -0.000294446926 -0.000146375536 -0.001477036635
56.400000000000 0.000201308102 -0.000383183129 -0.000018854045 -0.001348589225
56.700000000000 0.000882058166 0.000419964903 0.000112348388 -0.001335839853
57.000000000000 0.001587584930 0.000419362504 0.000457625118 -0.000810602301
57.300000000000 0.000971215311 -0.000009299078 0.000868006627 -0.000496110899
57.600000000000 -0.000456833196 -0.000014367204 0.000508301538 -0.000461711703
57.900000000000 -0.001266634835 -0.000051029578 0.000287148256 -0.000469312576
58.200000000000 -0.001031543523 -0.000697742724 0.000004246752 -0.000811660995
58.500000000000 -0.000412167755 -0.001506376508 -0.000243443361 -0.001363646738
58.800000000000 -0.000193761361 -0.001455903526 -0.000369656774 -0.001041255688
59.100000000000 -0.000350874851 -0.001599767457 -0.000737740751 -0.000759575161
59.400000000000 -0.000339976956 -0.002089228937 -0.001369403680 -0.000866814004
59.700000000000 0.000157228776 -0.002245085118 -0.001752952855 -0.000741826536
60.000000000000 0.000291797825 -0.001772200490 -0.001173426048 -0.000774516703
60.300000000000 -0.000110613896 -0.000779425385 -0.000218454073 -0.001075579570
60.600000000000 -0.000154806686 0.000750676074 0.000314828141 -0.000625859693
60.900000000000 0.000046138879 0.001114903842 0.000415692248 -0.000155942969
61.200000000000 0.000069076623 0.000520049486 0.000255256180 0.000142893796
61.500000000000 0.000215093099 -0.000426943572 0.000787865653 0.000051713545
61.800000000000 -0.000379992058 -0.000991971489 0.000746580936 -0.000399001968
62.100000000000 -0.000930445414 -0.000695756936 0.000154461660 -0.000203349514
62.400000000000 -0.000867990302 -0.000615505538 0.000363473549 -0.000295814617
62.700000000000 -0.000436544919 -0.000855671068 0.000477170016 -0.001077945828
63.000000000000 -0.000831116280 -0.000790726644 0.000302191407 -0.001252512052
63.300000000000 -0.002161445651 -0.000945388449 0.000697288209 -0.000491530502
63.600000000000 -0.002394896371 -0.000295998027 0.001356110563 -0.000210524724
63.900000000000 -0.001894023649 -0.000095651865 0.001052058915 -0.000001051937
64.200000000000 -0.001251723607 -0.000883672190 0.000861161157 0.000248179048
64.500000000000 -0.000361911413 -0.000580504768 0.000753991985 -0.000201141255
64.800000000000 0.000899826247 0.000484290908 0.000474107255 -0.000529214115
65.100000000000 0.001173423720 0.000454350304 -0.000175987407 -0.000977710001
65.400000000000 0.000630753269 -0.000109243844 -0.000103736248 -0.000975922312
65.700000000000 0.000148483101 -0.000796757081 0.000634699652 -0.000306253572
66.000000000000 -0.000094248753 -0.000414211876 0.001011490185 -0.000057049329
66.300000000000 -0.000357312598 0.000859305763 0.001093197140 -0.000247621694
66.600000000000 -0.000970329911 0.001285677406 0.000260839436 0.000029379986
66.900000000000 -0.001462014239 0.000657481436 0.000453542457 -0.000038765345
67.200000000000 -0.001402582941 0.000333620731 0.000841327941 0.000002403060
67.500000000000 -0.000977502855 -0.000017336075 0.000756019679 0.000193271584
67.800000000000 -0.000642920245 -0.000252504316 0.000693914534 0.000240721324
68.100000000000 -0.001156362510 -0.000780586224 0.000822612022 -0.000361920144
68.400000000000 -0.000888944131 -0.001247271381 0.000694428774 -0.000751723492
68.700000000000 0.000307531687 -0.001160191163 0.000212826894 -0.000843034703
69.000000000000 0.000579755181 -0.001066745193 0.000052961676 -0.000512823239
69.300000000000 -0.000307965067 -0.001489890175 0.000448573092 -0.000116438527
69.600000000000 -0.000911907018 -0.001592372560 0.001179241341 0.000477586876
69.900000000000 -0.000439851018 -0.000798849822 0.001283923411 0.000555388670
70.200000000000 0.000375969927 -0.000434283417 0.000827242649 -0.000148949636
70.500000000000 0.001014597619 -0.000619238729 0.000666566055 -0.000564505674
70.800000000000 0.001102568528 -0.001076334802 0.000094486857 -0.000755536518
71.100000000000 0.000417267623 -0.001454691320 -0.000494667658 -0.000547739099
71.400000000000 -0.000440504333 -0.001447757983 -0.000196217305 -0.000173997416
71.700000000000 -0.000709871459 -0.001258867861 0.000526670776 -0.000023388667
72.000000000000 -0.000830506965 -0.000878458579 0.000336972102 0.000085180801
72.300000000000 -0.000441141929 -0.000461908439 -0.000265263078 0.000112389907
72.600000000000 -0.000432561746 -0.000594454040 -0.000343887389 0.000330845890
72.900000000000 -0.001111718420 -0.001306942185 0.000030937202 0.000322064935
73.200000000000 -0.001274938110 -0.001999191047 -0.000159254086 0.000374905778
73.500000000000 -0.001619712565 -0.002436078802 -0.000824649564 0.000129482886
73.800000000000 -0.001526830412 -0.002740336394 -0.001160077831 -0.000191566605
74.100000000000 -0.001239207850 -0.002020414178 -0.000353069732 -0.000101378712
74.400000000000 -0.001375645426 -0.001437248948 0.000292532114 -0.000247634610
74.700000000000 -0.001052969806 -0.000659758644 -0.000092408299 -0.000682206259
75.000000000000 -0.000293384945 0.000472196483 -0.000084983943 0.000144558059
75.300000000000 0.000368850337 0.001051041816 0.000173803005 0.000619204532
75.600000000000 0.000031671281 0.000569682252 0.000265811728 0.000526648850
75.900000000000 0.000087900814 0.000508256829 0.000058304107 0.000251193931
76.200000000000 -0.000137362290 0.000761953490 -0.000300937742 0.000303536450
76.500000000000 -0.000333075434 0.000798905901 -0.000605565129 0.000013269003
76.800000000000 -0.000190631648 0.000785628961 -0.000597852531 -0.000439794576
77.100000000000 0.000279189542 0.000693168652 -0.000117327424 -0.000140306839
77.400000000000 0.000419516300 0.001218795846 -0.000026867632 0.000389711651
77.700000000000 0.000144992673 0.001275784395 -0.000037467520 0.000760657224
78.000000000000 0.000066876595 0.000574873088 0.000089672760 0.000799096980
78.300000000000 0.000138837161 0.000037227640 0.000089529872 0.000800328746
78.600000000000 0.000522754987 -0.000204823476 0.000014191245 0.000296673151
78.900000000000 0.000218442557 0.000504653965 0.000459402823 0.000284459158
79.200000000000 0.000091135295 0.000749882014 0.000742432276 0.000835736346
79.500000000000 -0.000111280330 0.000262026017 0.000882308570 0.001134432955
79.800000000000 -0.000999305451 -0.000074120727 0.000713764952 0.001479427349
80.100000000000 -0.001218930132 -0.000577475162 0.000899506872 0.001124293816
80.400000000000 -0.000522254102 -0.000447866735 0.000984935759 0.001179154283
80.700000000000 0.000441688904 0.000028194784 0.000880630283 0.001520985757
81.000000000000 0.000518732578 -0.000065340858 0.001567185183 0.001519007779
81.300000000000 -0.000294979121 0.000395222900 0.001639782912 0.001285676416
81.600000000000 -0.000902613562 0.001268578820 0.001303933692 0.001456732663
81.900000000000 -0.000888093981 0.001375346510 0.000978249654 0.001600611063
82.200000000000 -0.000714261380 0.000705001333 0.000524622649 0.001711106349
82.500000000000 -0.000932402672 0.000772747905 0.000117422574 0.001157899162
82.800000000000 -0.000792383384 0.000373139188 0.000217107206 0.000570434351
83.100000000000 -0.000900112891 -0.000196704336 0.000199464307 0.000641769908
83.400000000000 -0.001161614311 -0.000478543021 0.000307812083 0.000826464689
83.700000000000 -0.000424741818 -0.000081137962 0.000531908702 0.000762367938
84.000000000000 0.000404460758 0.000829981032 0.000280190196 0.000579240476
84.300000000000 0.000388725239 0.000996685673 0.000600776532 0.000920113348
84.600000000000 0.000369192501 0.000870488920 0.000765777838 0.000957382206
84.900000000000 0.000647855559 0.000859476752 0.000665628260 0.000656092152
85.200000000000 0.000788798209 0.000158591346 0.000704532151 0.000551330509
85.500000000000 0.000613009406 0.000032648553 0.000348152182 0.000449459165
85.800000000000 0.001158628627 0.000120595867 0.000220806635 0.000659166343
86.100000000000 0.001123762079 -0.000221969976 0.000376743591 0.000460866537
86.400000000000 0.001731110187 -0.000260532751 0.000644561917 0.000313867718
86.700000000000 0.002329102607 0.000079510663 0.000571992738 0.000345250258
87.000000000000 0.001681180541 0.000053348440 0.000130115278 0.000229101074
87.300000000000 0.000738545203 -0.000283963244 -0.000132424044 0.000426267239
87.600000000000 0.000280749081 0.000003272262 0.000222433348 0.000733029279
87.900000000000 0.000056004343 0.000287666308 0.000348104607 0.001535407716
88.200000000000 0.000641026171 0.000765181054 0.000467357495 0.001454566236
88.500000000000 0.001153248124 0.000799853439 0.000033702103 0.001188177572
88.800000000000 0.000999646164 0.000426478791 -0.000119702573 0.001124657054
89.100000000000 0.000719221710 0.000596817823 0.000770282142 0.000955978500
89.400000000000 0.000590057487 0.000628653166 0.001142253458 0.000523102172
89.700000000000 0.000304453571 0.000410974775 0.000531528626 0.000081749623
90.000000000000 -0.000128209064 0.000420784182 0.000060112361 0.000412394505
90.300000000000 -0.000572609855 0.000467153938 -0.000119637439 0.000955618650
90.600000000000 -0.000342219559 0.000677740811 0.000159255093 0.000919081192
90.900000000000 0.000089287938 0.000702707469 0.000050067734 0.000304181631
91.200000000000 0.000223789811 0.000188362181 0.000341571225 0.000643343165
91.500000000000 0.000350314378 -0.000263918679 0.000583387791 0.000634435820
91.800000000000 0.000482065526 -0.000306518421 -0.000022966640 0.000785361706
92.100000000000 0.000435219864 -0.000062013889 -0.000432331337 0.000775446627
92.400000000000 0.000234341802 0.000668678915 0.000419583364 0.000583703986
92.700000000000 0.000842991962 0.001301124522 0.001090787327 0.000953922450
93.000000000000 0.001445489112 0.000424959629 0.001213002861 0.000254310634
93.300000000000 0.001790882193 -0.000079819335 0.001509761260 0.000069863917
93.600000000000 0.002409744896 -0.000183384631 0.001496133365 0.000523624754
93.900000000000 0.002529440584 -0.000242831599 0.001004347317 0.000707772090
94.200000000000 0.002110024958 -0.000538854766 0.000665806449 -0.000037394059
94.500000000000 0.001663236754 -0.000794436580 0.000281428225 0.000206627663
94.800000000000 0.001268510445 -0.000242714707 0.000040320206 0.000646305577
95.100000000000 0.000987337728 0.000049102776 0.000062344158 0.000708394321
95.400000000000 0.000805666719 0.000067303901 0.000064486096 0.000395637037
95.700000000000 0.000505103872 0.000021247518 0.000489497318 -0.000067055732
96.000000000000 0.000024196232 -0.000361867512 0.001202427310 0.000163279685
96.300000000000 -0.000315790968 -0.001143520138 0.001187341799 0.000487077260
96.600000000000 -0.000013553084 -0.001878611558 0.001216334457 0.000660667724
96.900000000000 0.000827410876 -0.002030206260 0.001344782564 0.000097829955
97.200000000000 0.000528336096 -0.001759475988 0.000818999018 -0.000019197974
97.500000000000 -0.000774315543 -0.000971495990 -0.000017873555 0.000131523304
97.800000000000 -0.001332774435 -0.000646257718 -0.000686266169 0.000179979084
98.100000000000 -0.000918213291 -0.001315884123 -0.001039240862 0.000246409357
98.400000000000 -0.000110762255 -0.001997963063 -0.000960354423 -0.000220850117
98.700000000000 -0.000183818795 -0.002030714869 -0.000837797181 -0.000893489363
99.000000000000 -0.000941829745 -0.001112383427 0.000183097874 -0.001169114589
99.300000000000 -0.001202525653 -0.000523583087 0.000385374364 -0.000437663489
99.600000000000 -0.000741716650 -0.000590550619 -0.000270410898 0.000009184704
99.900000000000 -0.000111331208 -0.000423244195 -0.000273379383 -0.000328833160
100.200000000000 0.000345894477 -0.000244083327 -0.000516938347 -0.000428583011
100.500000000000 0.000361603611 0.000214887569 -0.000843866842 -0.000240236577
100.800000000000 0.000525134208 0.000358177571 -0.000877366924 -0.000048230332
101.100000000000 0.000929396665 0.000141257693 -0.001145286476 -0.000253256099
101.400000000000 0.001006635926 0.000008066556 -0.001538476567 0.000312194217
101.700000000000 0.000620280029 0.000039987890 -0.001124558662 0.000715877692
102.000000000000 0.000466586096 0.000199724186 -0.000331447239 0.000671478174
102.300000000000 0.000440489317 0.000361694839 -0.000152257151 0.000597472498
102.600000000000 0.000152657463 0.000221728753 -0.000208606802 0.000758528091
102.900000000000 -0.000217878825 -0.000574863809 -0.001023986664 0.000661746333
103.200000000000 -0.000475814745 -0.000834036972 -0.001389050884 0.000425896478
103.500000000000 0.000068494704 -0.000749384632 -0.001318045487 0.000152615601
103.800000000000 0.000136913735 -0.000638505706 -0.001186388416 -0.000091622045
104.100000000000 -0.000407614526 -0.000164639090 -0.001478195263 -0.000243320334
104.400000000000 0.000367482320 0.000301008412 -0.001596217562 -0.000016432298
104.700000000000 0.001023318021 0.000563218049 -0.001192740849 0.000029248482
105.000000000000 0.000367316352 0.000428525426 -0.000948993388 0.000595494250
105.300000000000 0.000233032578 0.000427847081 -0.001305730564 0.000419792853
105.600000000000 0.000377950154 0.000632985298 -0.002320296502 -0.000485115196
105.900000000000 0.000195588999 0.000488229327 -0.002761590286 -0.000910922522
106.200000000000 0.000522083934 0.000453366678 -0.002507268006 -0.000961939194
106.500000000000 0.000344190511 0.000929380331 -0.002379937273 -0.000174516716
106.800000000000 0.000519990122 0.001235198038 -0.002516723875 -0.000055642838
107.100000000000 0.000548485220 0.000921614116 -0.002195145997 -0.000197990398
107.400000000000 0.000437335907 0.000492560260 -0.001698884142 -0.000001379915
107.700000000000 0.000884559179 -0.000202333559 -0.001586605627 0.000095970472
108.000000000000 0.000912371825 -0.000241588361 -0.001176855953 0.000028619960
108.300000000000 0.000706629298 -0.000031135754 -0.001066948803 0.000277590494
108.600000000000 0.000404249789 0.000117879744 -0.000556725733 0.000076494322
108.900000000000 0.000211344676 0.000744176338 0.000841151925 0.000068995919
109.200000000000 0.000697581323 0.000587962894 0.001306945213 0.000397391429
109.500000000000 0.000930220696 0.000422675374 0.001212245462 0.000752581638
109.800000000000 -0.000220420252 0.001004991211 0.000887256195 0.001256115575
110.100000000000 -0.001508519993 0.000971032119 -0.000113113989 0.001173489414
110.400000000000 -0.000901741088 0.000047637991 0.000244161342 0.001058342763
110.700000000000 0.000684878243 -0.000143602260 0.000672705445 0.000758347595
111.000000000000 0.001740100207 0.000121522827 0.000626477944 0.000406355471
111.300000000000 0.001906189555 0.000200157288 -0.000383474345 0.000060095701
111.600000000000 0.001440976430 0.000092055368 -0.001458808855 0.000562254517
111.900000000000 0.000835211886 -0.000136412706 -0.001016216115 0.000959845213
112.200000000000 0.000704349294 -0.000529004394 -0.000728732690 0.000485823123
112.500000000000 0.001036941002 -0.000965802843 -0.001115009799 0.000457213349
112.800000000000 0.001324229996 -0.001376051376 -0.001452087761 0.000469691606
113.100000000000 0.001584791461 -0.001937735095 -0.000862129000 0.001276872875
113.400000000000 0.001561030834 -0.002083661530 0.000042224617 0.002159670874
113.700000000000 0.000690911569 -0.002036682147 -0.000024373587 0.001839167685
114.000000000000 0.000510462360 -0.001946720003 -0.000111373728 0.001749256598
114.300000000000 0.001335934658 -0.001756445899 -0.000221397934 0.002435500181
114.600000000000 0.001737031469 -0.001952703238 -0.000490854683 0.003007522760
114.900000000000 0.000976117899 -0.002054520352 -0.000868902075 0.002919243099
115.200000000000 0.000239191445 -0.001526320470 -0.000857601524 0.002355560067
115.500000000000 0.000462507139 -0.001308618223 -0.000204953989 0.001757866893
115.800000000000 0.000602086803 -0.001260427971 -0.000433069839 0.001286153104
116.100000000000 0.000225041158 -0.001185777519 -0.001172101861 0.001126998621
116.400000000000 -0.000582970479 -0.000789264476 -0.001445551556 0.001278378940
116.700000000000 -0.000971288148 -0.000108691438 -0.001268018231 0.001195169795
117.000000000000 -0.001133527187 -0.000084449981 -0.001460038761 0.000674008187
117.300000000000 -0.000609114071 -0.000545830874 -0.001713494010 0.000651864803
117.600000000000 -0.000775179970 -0.000184606570 -0.001719402124 0.001102269858
117.900000000000 -0.001217129411 0.000552616248 -0.001675295348 0.000918668848
118.200000000000 -0.001013877430 0.000464117928 -0.000963541635 0.000804481184
118.500000000000 -0.000496759891 0.000735292500 -0.000590634171 0.000552680707
118.800000000000 0.000193711356 0.000758783956 -0.001261333589 0.000113294292
119.100000000000 0.000828845720 0.000467253037 -0.001911642523 -0.000380148695
119.400000000000 0.001170452993 0.000508674126 -0.002148735290 -0.000898881010
119.700000000000 0.000961096972 0.001559065186 -0.001672573882 -0.000994219865
