  -2.8500000000000001        5.7000000570000002E-006   1.0672942730046589E-006
  -2.7500000000000000        2.5200000251999999E-005   4.3004159287799722E-006
  -2.6500000000000004        7.4250000742500004E-005   1.5410155816046890E-005
  -2.5500000000000003        2.7540000275400002E-004   4.9459382349812735E-005
  -2.4500000000000002        8.0085000800849998E-004   1.4315483206824456E-004
  -2.3500000000000001        2.0823000208230000E-003   3.7613638251294965E-004
  -2.2500000000000000        5.1087000510870008E-003   9.0287742902786516E-004
  -2.1500000000000004        1.1242800112428002E-002   1.9921142983877239E-003
  -2.0500000000000003        2.2802550228025503E-002   4.0640155791452160E-003
  -1.9500000000000000        4.3163700431637003E-002   7.7090622334869121E-003
  -1.8499999999999999        7.6255200762552003E-002   1.3670928296274447E-002
  -1.7499999999999998       0.12665325126653251        2.2781676735622293E-002
  -1.6499999999999999       0.19877295198772951        3.5851003745586599E-002
  -1.5499999999999998       0.29601360296013601        5.3527555036642450E-002
  -1.4500000000000000       0.42019860420198601        7.6162679452003210E-002
  -1.3499999999999999       0.57131400571314006       0.10370979586335793     
  -1.2499999999999998       0.74705100747051001       0.13568439668427879     
  -1.1499999999999999       0.94087980940879801       0.17119385647741112     
  -1.0499999999999998        1.1486958114869581       0.20902870339186730     
 -0.94999999999999996        1.3620465136204651       0.24779370873226794     
 -0.84999999999999987        1.5707838157078382       0.28605141894507724     
 -0.74999999999999978        1.7715454677154545       0.32245273964934473     
 -0.64999999999999969        1.9557040695570407       0.35583658059935902     
 -0.54999999999999960        2.1164364211643640       0.38529010980653378     
 -0.45000000000000001        2.2554919725549194       0.41016994863433487     
 -0.34999999999999992        2.3647681736476813       0.43009090046990117     
 -0.24999999999999983        2.4453288244532883       0.44489201190703248     
 -0.14999999999999974        2.4995301249953008       0.45459030414465279     
  -4.9999999999999642E-002   2.5253911752539113       0.45933122957711608     
   5.0000000000000003E-002   2.5270918752709184       0.45934271300156887     
  0.15000000000000008        2.5016943250169432       0.45489725618918481     
  0.25000000000000017        2.4531553745315535       0.44628447405390731     
  0.35000000000000026        2.3842791238427909       0.43379478771746210     
  0.45000000000000034        2.2959324229593241       0.41771383087995734     
  0.55000000000000004        2.1899103218991032       0.39832632563155002     
  0.65000000000000013        2.0664018206640180       0.37592760427052929     
  0.75000000000000022        1.9283568192835681       0.35084045747755105     
  0.85000000000000031        1.7797761177977611       0.32343448787871765     
  0.95000000000000040        1.6180740161807401       0.29414462934885405     
   1.0500000000000000        1.4504430145044300       0.26348503752640412     
   1.1500000000000006        1.2778227127782271       0.23205434328505781     
   1.2500000000000002        1.1040565610405655       0.20052854027883574     
   1.3499999999999999       0.93429390934293899       0.16963881879821963     
   1.4500000000000004       0.77184855771848548       0.14013364590044564     
   1.5500000000000000       0.62012175620121757       0.11272729459881685     
   1.6500000000000006       0.48478290484782899        8.8040468538257602E-002
   1.7500000000000002       0.36658290366582902        6.6541883527494364E-002
   1.8500000000000008       0.26735790267357901        4.8501589706252735E-002
   1.9500000000000004       0.18722160187221601        3.3966392244868318E-002
   2.0499999999999998       0.12591585125915850        2.2764369432080041E-002
   2.1500000000000004        8.0563500805634999E-002   1.4539536090355758E-002
   2.2500000000000000        4.8675600486756003E-002   8.8106089833085693E-003
   2.3500000000000005        2.8112400281124002E-002   5.0418423290496655E-003
   2.4500000000000002        1.5223200152232001E-002   2.7112141248157645E-003
   2.5499999999999998        7.6998000769980006E-003   1.3629773632963524E-003
   2.6500000000000004        3.6382500363825003E-003   6.3711604682626071E-004
   2.7500000000000000        1.5681000156810001E-003   2.7536205836809218E-004
   2.8500000000000005        6.2310000623100000E-004   1.0939353553201290E-004
   2.9500000000000002        2.2980000229800001E-004   3.9703001416241625E-005
   3.0499999999999998        7.1850000718500005E-005   1.3080882003103826E-005
