  -2.8500000000000001        2.8999999999999998E-006   1.0672942730046589E-006
  -2.7500000000000000        1.3799999999999998E-005   4.3004159287799722E-006
  -2.6500000000000004        3.9899999999999994E-005   1.5410155816046890E-005
  -2.5500000000000003        1.4399999999999998E-004   4.9459382349812735E-005
  -2.4500000000000002        4.3609999999999998E-004   1.4315483206824456E-004
  -2.3500000000000001        1.1217999999999998E-003   3.7613638251294965E-004
  -2.2500000000000000        2.7720000000000002E-003   9.0287742902786516E-004
  -2.1500000000000004        6.1114999999999997E-003   1.9921142983877239E-003
  -2.0500000000000003        1.2438900000000001E-002   4.0640155791452160E-003
  -1.9500000000000000        2.3513299999999997E-002   7.7090622334869121E-003
  -1.8499999999999999        4.1546899999999998E-002   1.3670928296274447E-002
  -1.7499999999999998        6.9117299999999993E-002   2.2781676735622293E-002
  -1.6499999999999999       0.10842439999999999        3.5851003745586599E-002
  -1.5499999999999998       0.16145650000000000        5.3527555036642450E-002
  -1.4500000000000000       0.22913490000000000        7.6162679452003210E-002
  -1.3499999999999999       0.31151689999999999       0.10370979586335793     
  -1.2499999999999998       0.40735539999999998       0.13568439668427879     
  -1.1499999999999999       0.51305809999999996       0.17119385647741112     
  -1.0499999999999998       0.62639239999999996       0.20902870339186730     
 -0.94999999999999996       0.74277979999999988       0.24779370873226794     
 -0.84999999999999987       0.85654799999999998       0.28605141894507724     
 -0.74999999999999978       0.96605439999999998       0.32245273964934473     
 -0.64999999999999969        1.0664163000000000       0.35583658059935902     
 -0.54999999999999960        1.1539999999999999       0.38529010980653378     
 -0.45000000000000001        1.2300400999999999       0.41016994863433487     
 -0.34999999999999992        1.2896215000000000       0.43009090046990117     
 -0.24999999999999983        1.3337667000000000       0.44489201190703248     
 -0.14999999999999974        1.3630829000000000       0.45459030414465279     
  -4.9999999999999642E-002   1.3774268000000001       0.45933122957711608     
   5.0000000000000003E-002   1.3785300999999999       0.45934271300156887     
  0.15000000000000008        1.3642846000000000       0.45489725618918481     
  0.25000000000000017        1.3381429000000000       0.44628447405390731     
  0.35000000000000026        1.3007469999999999       0.43379478771746210     
  0.45000000000000034        1.2525012999999998       0.41771383087995734     
  0.55000000000000004        1.1946489999999998       0.39832632563155002     
  0.65000000000000013        1.1275584999999999       0.37592760427052929     
  0.75000000000000022        1.0520252999999999       0.35084045747755105     
  0.85000000000000031       0.97103300000000004       0.32343448787871765     
  0.95000000000000040       0.88283659999999997       0.29414462934885405     
   1.0500000000000000       0.79117879999999996       0.26348503752640412     
   1.1500000000000006       0.69722399999999995       0.23205434328505781     
   1.2500000000000002       0.60229480000000002       0.20052854027883574     
   1.3499999999999999       0.50980530000000002       0.16963881879821963     
   1.4500000000000004       0.42115290000000000       0.14013364590044564     
   1.5500000000000000       0.33826889999999998       0.11272729459881685     
   1.6500000000000006       0.26469889999999996        8.8040468538257602E-002
   1.7500000000000002       0.20016550000000000        6.6541883527494364E-002
   1.8500000000000008       0.14592519999999998        4.8501589706252735E-002
   1.9500000000000004       0.10218649999999999        3.3966392244868318E-002
   2.0499999999999998        6.8726200000000001E-002   2.2764369432080041E-002
   2.1500000000000004        4.3945599999999994E-002   1.4539536090355758E-002
   2.2500000000000000        2.6561999999999999E-002   8.8106089833085693E-003
   2.3500000000000005        1.5310799999999999E-002   5.0418423290496655E-003
   2.4500000000000002        8.3288999999999985E-003   2.7112141248157645E-003
   2.5499999999999998        4.1977999999999998E-003   1.3629773632963524E-003
   2.6500000000000004        2.0006999999999998E-003   6.3711604682626071E-004
   2.7500000000000000        8.6180000000000002E-004   2.7536205836809218E-004
   2.8500000000000005        3.3839999999999999E-004   1.0939353553201290E-004
   2.9500000000000002        1.2609999999999998E-004   3.9703001416241625E-005
   3.0499999999999998        4.0599999999999998E-005   1.3080882003103826E-005
