  -2.8500000000000001        1.1999999999999997E-006   1.0672942730046589E-006
  -2.7500000000000000        3.8999999999999999E-006   4.3004159287799722E-006
  -2.6500000000000004        1.3049999999999999E-005   1.5410155816046890E-005
  -2.5500000000000003        4.8949999999999997E-005   4.9459382349812735E-005
  -2.4500000000000002        1.4504999999999997E-004   1.4315483206824456E-004
  -2.3500000000000001        3.7364999999999995E-004   3.7613638251294965E-004
  -2.2500000000000000        9.1675000000000003E-004   9.0287742902786516E-004
  -2.1500000000000004        2.0375999999999997E-003   1.9921142983877239E-003
  -2.0500000000000003        4.1487000000000000E-003   4.0640155791452160E-003
  -1.9500000000000000        7.8255499999999988E-003   7.7090622334869121E-003
  -1.8499999999999999        1.3850399999999999E-002   1.3670928296274447E-002
  -1.7499999999999998        2.3049549999999999E-002   2.2781676735622293E-002
  -1.6499999999999999        3.6160949999999997E-002   3.5851003745586599E-002
  -1.5499999999999998        5.3804899999999996E-002   5.3527555036642450E-002
  -1.4500000000000000        7.6300300000000001E-002   7.6162679452003210E-002
  -1.3499999999999999       0.10371834999999999       0.10370979586335793     
  -1.2499999999999998       0.13568224999999998       0.13568439668427879     
  -1.1499999999999999       0.17079090000000000       0.17119385647741112     
  -1.0499999999999998       0.20862430000000001       0.20902870339186730     
 -0.94999999999999996       0.24744519999999998       0.24779370873226794     
 -0.84999999999999987       0.28527589999999997       0.28605141894507724     
 -0.74999999999999978       0.32211410000000001       0.32245273964934473     
 -0.64999999999999969       0.35549890000000001       0.35583658059935902     
 -0.54999999999999960       0.38477009999999995       0.38529010980653378     
 -0.45000000000000001       0.41012754999999995       0.41016994863433487     
 -0.34999999999999992       0.42992895000000003       0.43009090046990117     
 -0.24999999999999983       0.44479835000000001       0.44489201190703248     
 -0.14999999999999974       0.45461210000000002       0.45459030414465279     
  -4.9999999999999642E-002  0.45946080000000000       0.45933122957711608     
   5.0000000000000003E-002  0.45979069999999994       0.45934271300156887     
  0.15000000000000008       0.45482529999999999       0.45489725618918481     
  0.25000000000000017       0.44599044999999993       0.44628447405390731     
  0.35000000000000026       0.43347244999999995       0.43379478771746210     
  0.45000000000000034       0.41732900000000001       0.41771383087995734     
  0.55000000000000004       0.39800664999999996       0.39832632563155002     
  0.65000000000000013       0.37554154999999995       0.37592760427052929     
  0.75000000000000022       0.35049229999999998       0.35084045747755105     
  0.85000000000000031       0.32372034999999999       0.32343448787871765     
  0.95000000000000040       0.29432399999999997       0.29414462934885405     
   1.0500000000000000       0.26374389999999998       0.26348503752640412     
   1.1500000000000006       0.23245320000000000       0.23205434328505781     
   1.2500000000000002       0.20085064999999999       0.20052854027883574     
   1.3499999999999999       0.16991929999999997       0.16963881879821963     
   1.4500000000000004       0.14051490000000000       0.14013364590044564     
   1.5500000000000000       0.11283295000000000       0.11272729459881685     
   1.6500000000000006        8.8394949999999986E-002   8.8040468538257602E-002
   1.7500000000000002        6.6770750000000004E-002   6.6541883527494364E-002
   1.8500000000000008        4.8703949999999996E-002   4.8501589706252735E-002
   1.9500000000000004        3.4038899999999997E-002   3.3966392244868318E-002
   2.0499999999999998        2.2900449999999999E-002   2.2764369432080041E-002
   2.1500000000000004        1.4611549999999999E-002   1.4539536090355758E-002
   2.2500000000000000        8.8412999999999999E-003   8.8106089833085693E-003
   2.3500000000000005        5.1095000000000003E-003   5.0418423290496655E-003
   2.4500000000000002        2.7676000000000003E-003   2.7112141248157645E-003
   2.5499999999999998        1.3948999999999999E-003   1.3629773632963524E-003
   2.6500000000000004        6.6539999999999991E-004   6.3711604682626071E-004
   2.7500000000000000        2.8604999999999999E-004   2.7536205836809218E-004
   2.8500000000000005        1.1470000000000000E-004   1.0939353553201290E-004
   2.9500000000000002        4.2749999999999996E-005   3.9703001416241625E-005
   3.0499999999999998        1.4350000000000000E-005   1.3080882003103826E-005
