0.000000000000 0.359772676589
0.300000000000 0.309148256001
0.600000000000 0.211317914147
0.900000000000 0.129755639889
1.200000000000 0.075708554620
1.500000000000 0.043178144879
1.800000000000 0.024436308535
2.100000000000 0.013588437700
2.400000000000 0.007393531244
2.700000000000 0.004428837660
3.000000000000 0.003078265140
3.300000000000 0.002157399865
3.600000000000 0.001295041581
3.900000000000 0.000675641356
4.200000000000 0.000476461011
4.500000000000 0.000418833772
4.800000000000 0.000372838412
5.100000000000 0.000328666536
5.400000000000 0.000414740793
5.700000000000 0.000459267467
6.000000000000 0.000406812488
6.300000000000 0.000269695868
6.600000000000 0.000103507140
6.900000000000 0.000030353473
7.200000000000 -0.000134541253
7.500000000000 -0.000157336114
7.800000000000 0.000146993853
8.100000000000 0.000352264227
8.400000000000 0.000360473534
8.700000000000 0.000331992285
9.000000000000 0.000221201778
9.300000000000 0.000031367528
9.600000000000 -0.000036550650
9.900000000000 -0.000080493788
10.200000000000 -0.000104762336
10.500000000000 -0.000039047992
10.800000000000 0.000064285093
11.100000000000 0.000068226468
11.400000000000 0.000261873549
11.700000000000 0.000332906217
12.000000000000 0.000123582540
12.300000000000 -0.000137356790
12.600000000000 -0.000101741832
12.900000000000 -0.000087599537
13.200000000000 -0.000251996813
13.500000000000 -0.000340380382
13.800000000000 -0.000234350614
14.100000000000 0.000180871567
14.400000000000 0.000250177022
14.700000000000 0.000314186780
15.000000000000 0.000285658462
15.300000000000 0.000161642595
15.600000000000 -0.000102419746
15.900000000000 -0.000198217200
16.200000000000 -0.000005152227
16.500000000000 0.000238792771
16.800000000000 0.000654758802
17.100000000000 0.000723244389
17.400000000000 0.000211502399
17.700000000000 -0.000017036712
18.000000000000 -0.000004519792
18.300000000000 0.000150895635
18.600000000000 0.000387063731
18.900000000000 0.000417910378
19.200000000000 0.000183450013
19.500000000000 -0.000026345705
19.800000000000 -0.000075750407
20.100000000000 -0.000213376353
20.400000000000 -0.000209156894
20.700000000000 -0.000200697918
21.000000000000 -0.000356926023
21.300000000000 -0.000415937657
21.600000000000 -0.000512300672
21.900000000000 -0.000467990484
22.200000000000 -0.000221926283
22.500000000000 -0.000074399904
22.800000000000 -0.000132072340
23.100000000000 -0.000368128987
23.400000000000 -0.000447804699
23.700000000000 -0.000496262543
24.000000000000 -0.000483468568
24.300000000000 -0.000399180169
24.600000000000 -0.000476543983
24.900000000000 -0.000385062835
25.200000000000 -0.000145074055
25.500000000000 -0.000154962656
25.800000000000 -0.000330379433
26.100000000000 -0.000287742170
26.400000000000 -0.000053076707
26.700000000000 0.000077744606
27.000000000000 0.000231484339
27.300000000000 0.000264500153
27.600000000000 0.000017944977
27.900000000000 -0.000082807517
28.200000000000 -0.000039151435
28.500000000000 0.000059764398
28.800000000000 0.000052444123
29.100000000000 0.000011172784
29.400000000000 0.000052634806
29.700000000000 0.000044399234
30.000000000000 -0.000124972675
30.300000000000 -0.000196297792
30.600000000000 -0.000102777714
30.900000000000 -0.000048686935
31.200000000000 0.000197576548
31.500000000000 0.000468789658
31.800000000000 0.000420633528
32.100000000000 0.000350358463
32.400000000000 0.000403130111
32.700000000000 0.000458198061
33.000000000000 0.000577396570
33.300000000000 0.000630165830
33.600000000000 0.000627037323
33.900000000000 0.000775033532
34.200000000000 0.000711527040
34.500000000000 0.000322379768
34.800000000000 0.000269864553
35.100000000000 0.000112577134
35.400000000000 -0.000243584715
35.700000000000 -0.000618072266
36.000000000000 -0.000694481605
36.300000000000 -0.000435179489
36.600000000000 -0.000246677431
36.900000000000 -0.000334066708
37.200000000000 -0.000505453247
37.500000000000 -0.000604318826
37.800000000000 -0.000598079670
38.100000000000 -0.000516837152
38.400000000000 -0.000271868561
38.700000000000 -0.000068189623
39.000000000000 -0.000156606503
39.300000000000 -0.000067412865
39.600000000000 0.000085443165
39.900000000000 -0.000018271308
40.200000000000 -0.000102240020
40.500000000000 0.000059046670
40.800000000000 0.000093957757
41.100000000000 0.000205759796
41.400000000000 0.000255520141
41.700000000000 -0.000000834087
42.000000000000 -0.000386287164
42.300000000000 -0.000503394834
42.600000000000 -0.000139967097
42.900000000000 0.000171148698
43.200000000000 0.000186005963
43.500000000000 0.000014143334
43.800000000000 -0.000335920902
44.100000000000 -0.000444627014
44.400000000000 -0.000122266866
44.700000000000 0.000157698308
45.000000000000 0.000452837866
45.300000000000 0.000454892472
45.600000000000 0.000504758711
45.900000000000 0.000607356780
46.200000000000 0.000580498702
46.500000000000 0.000644040192
46.800000000000 0.000460894357
47.100000000000 0.000383850509
47.400000000000 0.000573843526
47.700000000000 0.000769731610
48.000000000000 0.000727674781
48.300000000000 0.000442671218
48.600000000000 0.000126272731
48.900000000000 0.000092335658
49.200000000000 0.000298035281
49.500000000000 0.000382850117
49.800000000000 0.000338173762
50.100000000000 0.000348645282
50.400000000000 0.000386523057
50.700000000000 0.000160908871
51.000000000000 -0.000088596011
51.300000000000 0.000091684722
51.600000000000 -0.000035649689
51.900000000000 -0.000356861013
52.200000000000 -0.000326436447
52.500000000000 -0.000184641366
52.800000000000 -0.000240302113
53.100000000000 -0.000341108068
53.400000000000 -0.000028265528
53.700000000000 0.000367494877
54.000000000000 0.000581301686
54.300000000000 0.000656153720
54.600000000000 0.000605040857
54.900000000000 0.000319626897
55.200000000000 0.000301585661
55.500000000000 0.000323819620
55.800000000000 0.000229774638
56.100000000000 0.000335967502
56.400000000000 0.000559860438
56.700000000000 0.000231553765
57.000000000000 -0.000273339001
57.300000000000 -0.000227051472
57.600000000000 0.000107357663
57.900000000000 0.000453488414
58.200000000000 0.000723219623
58.500000000000 0.000796577537
58.800000000000 0.000721913592
59.100000000000 0.000454439213
59.400000000000 0.000246815865
59.700000000000 0.000090132230
60.000000000000 -0.000122382942
60.300000000000 -0.000354255158
60.600000000000 -0.000509679848
60.900000000000 -0.000358033912
61.200000000000 -0.000184911875
61.500000000000 0.000036278485
61.800000000000 0.000160630310
62.100000000000 0.000018210594
62.400000000000 -0.000230523361
62.700000000000 -0.000307392940
63.000000000000 -0.000229464465
63.300000000000 -0.000143116988
63.600000000000 -0.000117310733
63.900000000000 0.000064872476
64.200000000000 0.000160467672
64.500000000000 0.000202331882
64.800000000000 0.000092234123
65.100000000000 -0.000127521797
65.400000000000 -0.000178650841
65.700000000000 -0.000030829437
66.000000000000 0.000260840643
66.300000000000 0.000411480777
66.600000000000 0.000261014682
66.900000000000 0.000163264677
67.200000000000 0.000102420754
67.500000000000 -0.000058849416
67.800000000000 -0.000471314551
68.100000000000 -0.000735218027
68.400000000000 -0.000717349234
68.700000000000 -0.000861846597
69.000000000000 -0.000877622528
69.300000000000 -0.000329494636
69.600000000000 0.000082224736
69.900000000000 0.000098238385
70.200000000000 -0.000162829938
70.500000000000 -0.000280935192
70.800000000000 -0.000329809426
71.100000000000 -0.000191328686
71.400000000000 -0.000194022786
71.700000000000 -0.000345424113
72.000000000000 -0.000443056043
72.300000000000 -0.000318916872
72.600000000000 -0.000340702127
72.900000000000 -0.000334443815
73.200000000000 -0.000151529566
73.500000000000 0.000159974465
73.800000000000 0.000087454203
74.100000000000 -0.000133134681
74.400000000000 -0.000321560935
74.700000000000 -0.000294585466
75.000000000000 -0.000247618844
75.300000000000 -0.000240278109
75.600000000000 -0.000175651973
75.900000000000 -0.000157538402
76.200000000000 -0.000246500234
76.500000000000 -0.000237475325
76.800000000000 -0.000084003777
77.100000000000 -0.000063749719
77.400000000000 -0.000232447371
77.700000000000 -0.000166356092
78.000000000000 0.000157839204
78.300000000000 0.000253572992
78.600000000000 0.000082075281
78.900000000000 0.000330753085
79.200000000000 0.000428790268
79.500000000000 0.000524753159
79.800000000000 0.000787129263
80.100000000000 0.000866322943
80.400000000000 0.000768434470
80.700000000000 0.000691984717
81.000000000000 0.000904944443
81.300000000000 0.000826806552
81.600000000000 0.000457424468
81.900000000000 0.000318121491
82.200000000000 0.000415815806
82.500000000000 0.000502290796
82.800000000000 0.000476062014
83.100000000000 0.000434733983
83.400000000000 0.000367927448
83.700000000000 0.000329622377
84.000000000000 0.000240226048
84.300000000000 0.000011487316
84.600000000000 -0.000132941714
84.900000000000 -0.000130334172
85.200000000000 -0.000159449833
85.500000000000 -0.000388733809
85.800000000000 -0.000423493637
86.100000000000 -0.000286248927
86.400000000000 -0.000142768827
86.700000000000 -0.000139908772
87.000000000000 -0.000137247830
87.300000000000 -0.000200303166
87.600000000000 0.000180844711
87.900000000000 0.000618521461
88.200000000000 0.000675347078
88.500000000000 0.000655255361
88.800000000000 0.000404034315
89.100000000000 0.000229656456
89.400000000000 0.000106531055
89.700000000000 0.000023636483
90.000000000000 -0.000238130254
90.300000000000 -0.000667049909
90.600000000000 -0.000724221886
90.900000000000 -0.000555433806
91.200000000000 -0.000355048583
91.500000000000 -0.000067612159
91.800000000000 0.000043165813
92.100000000000 -0.000007760142
92.400000000000 0.000144149268
92.700000000000 0.000254397215
93.000000000000 0.000248479200
93.300000000000 0.000333663511
93.600000000000 0.000432621085
93.900000000000 0.000330730099
94.200000000000 0.000299599342
94.500000000000 0.000139542048
94.800000000000 -0.000010467384
95.100000000000 -0.000192090319
95.400000000000 -0.000243370003
95.700000000000 -0.000104129460
96.000000000000 -0.000359677299
96.300000000000 -0.000470118374
96.600000000000 -0.000223261468
96.900000000000 0.000053322222
97.200000000000 0.000155624008
97.500000000000 0.000071028225
97.800000000000 0.000025815790
98.100000000000 -0.000105855506
98.400000000000 -0.000058467647
98.700000000000 0.000190635985
99.000000000000 0.000444880411
99.300000000000 0.000348745456
99.600000000000 0.000099306304
99.900000000000 -0.000087336338
100.200000000000 -0.000131557520
100.500000000000 -0.000040532200
100.800000000000 -0.000083434712
101.100000000000 0.000005651088
101.400000000000 -0.000026506815
101.700000000000 -0.000054336507
102.000000000000 -0.000069253660
102.300000000000 0.000175414325
102.600000000000 0.000580813699
102.900000000000 0.000580636645
103.200000000000 0.000403349774
103.500000000000 0.000238872383
103.800000000000 0.000177550529
104.100000000000 0.000233295733
104.400000000000 0.000122918100
104.700000000000 -0.000044521155
105.000000000000 -0.000257303676
105.300000000000 -0.000213444371
105.600000000000 -0.000112528460
105.900000000000 -0.000123484994
106.200000000000 -0.000566991906
106.500000000000 -0.000963037912
106.800000000000 -0.000848423722
107.100000000000 -0.000688650925
107.400000000000 -0.000579444408
107.700000000000 -0.000425789669
108.000000000000 -0.000274780979
108.300000000000 -0.000127128779
108.600000000000 -0.000094002987
108.900000000000 -0.000074457735
109.200000000000 -0.000010886413
109.500000000000 0.000110490250
109.800000000000 0.000256293276
110.100000000000 0.000264463186
110.400000000000 0.000174362790
110.700000000000 0.000170489886
111.000000000000 0.000125852602
111.300000000000 -0.000067696075
111.600000000000 -0.000065657212
111.900000000000 0.000213494667
112.200000000000 0.000418033781
112.500000000000 0.000424656930
112.800000000000 0.000294853906
113.100000000000 0.000401323164
113.400000000000 0.000583673119
113.700000000000 0.000450245091
114.000000000000 0.000032770571
114.300000000000 -0.000033372664
114.600000000000 0.000169840385
114.900000000000 0.000449807247
115.200000000000 0.000550509527
115.500000000000 0.000576679723
115.800000000000 0.000334727949
116.100000000000 0.000017150816
116.400000000000 -0.000142520599
116.700000000000 -0.000103871977
117.000000000000 -0.000127806617
117.300000000000 0.000010392637
117.600000000000 -0.000048458229
117.900000000000 0.000110522862
118.200000000000 0.000381295708
118.500000000000 0.000227362231
118.800000000000 0.000114945927
119.100000000000 0.000369193518
119.400000000000 0.000568318600
119.700000000000 0.000795459055
