  -2.8500000000000001        3.0000000300000002E-008   2.6791017074256252E-008
  -2.7500000000000000        5.7000000569999995E-007   2.4079998413106234E-007
  -2.6500000000000004        2.4750000247500003E-006   1.7249298250952405E-006
  -2.5500000000000003        1.2915000129149999E-005   1.0008516379954475E-005
  -2.4500000000000002        5.8410000584100007E-005   4.7777812999579557E-005
  -2.3500000000000001        2.1898500218984999E-004   1.9048269842984495E-004
  -2.2500000000000000        7.0401000704009998E-004   6.4344488112591991E-004
  -2.1500000000000004        1.9879350198793500E-003   1.8671833951003235E-003
  -2.0500000000000003        4.8877350488773508E-003   4.7164485454433353E-003
  -1.9500000000000000        1.0741365107413652E-002   1.0501898911950323E-002
  -1.8499999999999999        2.1164850211648500E-002   2.0862036869772869E-002
  -1.7499999999999998        3.7717275377172746E-002   3.7396648554744505E-002
  -1.6499999999999999        6.1361835613618354E-002   6.1148546325008900E-002
  -1.5499999999999998        9.2287920922879213E-002   9.2139717136320673E-002
  -1.4500000000000000       0.12915285129152848       0.12917668127475018     
  -1.3499999999999999       0.16982076169820759       0.17002255242405301     
  -1.2499999999999998       0.21172830211728300       0.21186644284554895     
  -1.1499999999999999       0.25167336251673361       0.25190602204651302     
  -1.0499999999999998       0.28745230787452308       0.28784757586636855     
 -0.94999999999999996       0.31790533817905336       0.31820030982060821     
 -0.84999999999999987       0.34212543342125434       0.34234058002782697     
 -0.74999999999999978       0.36021252360212519       0.36039695961906781     
 -0.64999999999999969       0.37278784872787851       0.37303829784826004     
 -0.54999999999999960       0.38119377381193770       0.38124075924023920     
 -0.45000000000000001       0.38595502885955024       0.38608443519389740     
 -0.34999999999999992       0.38864886388648862       0.38860215775651097     
 -0.24999999999999983       0.38959575389595752       0.38968202636901328     
 -0.14999999999999974       0.39002803890028037       0.39001339690395304     
  -4.9999999999999642E-002  0.39006843390068435       0.39006215162567265     
   5.0000000000000003E-002  0.39001216890012164       0.39006215162567265     
  0.15000000000000008       0.39006541890065421       0.39001339690395304     
  0.25000000000000017       0.38985058889850582       0.38968202636901328     
  0.35000000000000026       0.38862168388621676       0.38860215775651097     
  0.45000000000000034       0.38625684386256837       0.38608443519389740     
  0.55000000000000004       0.38129400381294004       0.38124075924023915     
  0.65000000000000013       0.37305990373059905       0.37303829784825998     
  0.75000000000000022       0.36030738360307385       0.36039695961906776     
  0.85000000000000031       0.34221241842212413       0.34234058002782686     
  0.95000000000000040       0.31799559317995590       0.31820030982060804     
   1.0500000000000000       0.28744042787440427       0.28784757586636850     
   1.1500000000000006       0.25171269251712691       0.25190602204651269     
   1.2500000000000002       0.21159849211598489       0.21186644284554876     
   1.3499999999999999       0.16987818169878183       0.17002255242405301     
   1.4500000000000004       0.12918177129181771       0.12917668127474999     
   1.5500000000000000        9.2198655921986547E-002   9.2139717136320562E-002
   1.6500000000000006        6.1333680613336800E-002   6.1148546325008712E-002
   1.7500000000000002        3.7647225376472256E-002   3.7396648554744408E-002
   1.8500000000000008        2.1181095211810951E-002   2.0862036869772747E-002
   1.9500000000000004        1.0754310107543101E-002   1.0501898911950287E-002
   2.0499999999999998        4.9071300490713008E-003   4.7164485454433561E-003
   2.1500000000000004        1.9919250199192501E-003   1.8671833951003235E-003
   2.2500000000000000        7.0735500707354998E-004   6.4344488112591991E-004
   2.3500000000000005        2.2333500223335000E-004   1.9048269842984411E-004
   2.4500000000000002        5.7840000578400001E-005   4.7777812999579557E-005
   2.5499999999999998        1.2000000120000002E-005   1.0008516379954546E-005
   2.6500000000000004        2.6100000261000002E-006   1.7249298250952405E-006
   2.7500000000000000        3.1500000315000002E-007   2.4079998413106234E-007
   2.8500000000000005        0.0000000000000000        2.6791017074256060E-008
   2.9500000000000002        0.0000000000000000        2.3360036968812550E-009
   3.0499999999999998        0.0000000000000000        1.5687462610925408E-010
