  -2.8500000000000001        7.3500002940000105E-006   2.6791017074256252E-008
  -2.7500000000000000        1.9350000774000031E-005   2.4079998413106234E-007
  -2.6500000000000004        5.2830002113200078E-005   1.7249298250952405E-006
  -2.5500000000000003        1.4364000574560020E-004   1.0008516379954475E-005
  -2.4500000000000002        3.4761001390440057E-004   4.7777812999579557E-005
  -2.3500000000000001        8.1981003279240131E-004   1.9048269842984495E-004
  -2.2500000000000000        1.7681400707256028E-003   6.4344488112591991E-004
  -2.1500000000000004        3.6916501476660060E-003   1.8671833951003235E-003
  -2.0500000000000003        7.1817902872716114E-003   4.7164485454433353E-003
  -1.9500000000000000        1.3286070531442819E-002   1.0501898911950323E-002
  -1.8499999999999999        2.3140230925609233E-002   2.0862036869772869E-002
  -1.7499999999999998        3.8104531524181258E-002   3.7396648554744505E-002
  -1.6499999999999999        5.9191682367667288E-002   6.1148546325008900E-002
  -1.5499999999999998        8.7016233480649324E-002   9.2139717136320673E-002
  -1.4500000000000000       0.12149076485963059       0.12917668127475018     
  -1.3499999999999999       0.16099392643975702       0.17002255242405301     
  -1.2499999999999998       0.20322450812898032       0.21186644284554895     
  -1.1499999999999999       0.24505560980222441       0.25190602204651302     
  -1.0499999999999998       0.28400683136027327       0.28784757586636855     
 -0.94999999999999996       0.31752178270087128       0.31820030982060821     
 -0.84999999999999987       0.34425802377032089       0.34234058002782697     
 -0.74999999999999978       0.36416251456650051       0.36039695961906781     
 -0.64999999999999969       0.37758727510349099       0.37303829784826004     
 -0.54999999999999960       0.38557558542302339       0.38124075924023920     
 -0.45000000000000001       0.39042940561717621       0.38608443519389740     
 -0.34999999999999992       0.39213700568548016       0.38860215775651097     
 -0.24999999999999983       0.39296902571876102       0.38968202636901328     
 -0.14999999999999974       0.39314029572561177       0.39001339690395304     
  -4.9999999999999642E-002  0.39283225571329022       0.39006215162567265     
   5.0000000000000003E-002  0.39290794571631776       0.39006215162567265     
  0.15000000000000008       0.39307765572310621       0.39001339690395304     
  0.25000000000000017       0.39287605571504219       0.38968202636901328     
  0.35000000000000026       0.39233602569344095       0.38860215775651097     
  0.45000000000000034       0.39019777560791097       0.38608443519389740     
  0.55000000000000004       0.38574547542981902       0.38124075924023915     
  0.65000000000000013       0.37733968509358740       0.37303829784825998     
  0.75000000000000022       0.36408145456325819       0.36039695961906776     
  0.85000000000000031       0.34421572376862897       0.34234058002782686     
  0.95000000000000040       0.31765777270631085       0.31820030982060804     
   1.0500000000000000       0.28401256136050246       0.28784757586636850     
   1.1500000000000006       0.24505683980227358       0.25190602204651269     
   1.2500000000000002       0.20307237812289511       0.21186644284554876     
   1.3499999999999999       0.16090584643623385       0.17002255242405301     
   1.4500000000000004       0.12140154485606178       0.12917668127474999     
   1.5500000000000000        8.7126093485043743E-002   9.2139717136320562E-002
   1.6500000000000006        5.9237102369484089E-002   6.1148546325008712E-002
   1.7500000000000002        3.8118871524754856E-002   3.7396648554744408E-002
   1.8500000000000008        2.3157060926282433E-002   2.0862036869772747E-002
   1.9500000000000004        1.3268340530733620E-002   1.0501898911950287E-002
   2.0499999999999998        7.2203702888148117E-003   4.7164485454433561E-003
   2.1500000000000004        3.6757801470312058E-003   1.8671833951003235E-003
   2.2500000000000000        1.7705700708228029E-003   6.4344488112591991E-004
   2.3500000000000005        8.0817003232680116E-004   1.9048269842984411E-004
   2.4500000000000002        3.4842001393680055E-004   4.7777812999579557E-005
   2.5499999999999998        1.4187000567480022E-004   1.0008516379954546E-005
   2.6500000000000004        5.3760002150400077E-005   1.7249298250952405E-006
   2.7500000000000000        2.0520000820800032E-005   2.4079998413106234E-007
   2.8500000000000005        6.2100002484000104E-006   2.6791017074256060E-008
   2.9500000000000002        2.0100000804000029E-006   2.3360036968812550E-009
   3.0499999999999998        7.8000003120000126E-007   1.5687462610925408E-010
