  -2.8500000000000001        1.1900000238000004E-006   2.6791017074256252E-008
  -2.7500000000000000        4.7950000959000020E-006   2.4079998413106234E-007
  -2.6500000000000004        1.7640000352800007E-005   1.7249298250952405E-006
  -2.5500000000000003        5.2290001045800019E-005   1.0008516379954475E-005
  -2.4500000000000002        1.5522500310450007E-004   4.7777812999579557E-005
  -2.3500000000000001        4.3729000874580015E-004   1.9048269842984495E-004
  -2.2500000000000000        1.1272100225442005E-003   6.4344488112591991E-004
  -2.1500000000000004        2.6639550532791007E-003   1.8671833951003235E-003
  -2.0500000000000003        5.8228101164562026E-003   4.7164485454433353E-003
  -1.9500000000000000        1.1716880234337602E-002   1.0501898911950323E-002
  -1.8499999999999999        2.1760480435209610E-002   2.0862036869772869E-002
  -1.7499999999999998        3.7517095750341914E-002   3.7396648554744505E-002
  -1.6499999999999999        6.0182116203642326E-002   6.1148546325008900E-002
  -1.5499999999999998        8.9948006798960131E-002   9.2139717136320673E-002
  -1.4500000000000000       0.12639900252798006       0.12917668127475018     
  -1.3499999999999999       0.16697814333956287       0.17002255242405301     
  -1.2499999999999998       0.20927609918552198       0.21186644284554895     
  -1.1499999999999999       0.25028749000574979       0.25190602204651302     
  -1.0499999999999998       0.28738409574768187       0.28784757586636855     
 -0.94999999999999996       0.31862331137246624       0.31820030982060821     
 -0.84999999999999987       0.34337076186741516       0.34234058002782697     
 -0.74999999999999978       0.36143289722865796       0.36039695961906781     
 -0.64999999999999969       0.37448467748969355       0.37303829784826004     
 -0.54999999999999960       0.38253345265066907       0.38124075924023920     
 -0.45000000000000001       0.38700071274001419       0.38608443519389740     
 -0.34999999999999992       0.38940818778816372       0.38860215775651097     
 -0.24999999999999983       0.39035437780708754       0.38968202636901328     
 -0.14999999999999974       0.39046242280924848       0.39001339690395304     
  -4.9999999999999642E-002  0.39048058780961170       0.39006215162567265     
   5.0000000000000003E-002  0.39082579281651580       0.39006215162567265     
  0.15000000000000008       0.39052902781058058       0.39001339690395304     
  0.25000000000000017       0.39041849780836996       0.38968202636901328     
  0.35000000000000026       0.38920697278413946       0.38860215775651097     
  0.45000000000000034       0.38715639274312780       0.38608443519389740     
  0.55000000000000004       0.38243776264875523       0.38124075924023915     
  0.65000000000000013       0.37426603248532064       0.37303829784825998     
  0.75000000000000022       0.36146908722938170       0.36039695961906776     
  0.85000000000000031       0.34320213186404258       0.34234058002782686     
  0.95000000000000040       0.31849293636985865       0.31820030982060804     
   1.0500000000000000       0.28738171574763427       0.28784757586636850     
   1.1500000000000006       0.25036484000729681       0.25190602204651269     
   1.2500000000000002       0.20939971918799435       0.21186644284554876     
   1.3499999999999999       0.16710806334216127       0.17002255242405301     
   1.4500000000000004       0.12641055252821104       0.12917668127474999     
   1.5500000000000000        8.9991441799828834E-002   9.2139717136320562E-002
   1.6500000000000006        6.0180506203610117E-002   6.1148546325008712E-002
   1.7500000000000002        3.7497040749940813E-002   3.7396648554744408E-002
   1.8500000000000008        2.1773220435464407E-002   2.0862036869772747E-002
   1.9500000000000004        1.1727590234551805E-002   1.0501898911950287E-002
   2.0499999999999998        5.8035601160712014E-003   4.7164485454433561E-003
   2.1500000000000004        2.6629750532595011E-003   1.8671833951003235E-003
   2.2500000000000000        1.1349450226989003E-003   6.4344488112591991E-004
   2.3500000000000005        4.4040500880810019E-004   1.9048269842984411E-004
   2.4500000000000002        1.5792000315840006E-004   4.7777812999579557E-005
   2.5499999999999998        5.3410001068200025E-005   1.0008516379954546E-005
   2.6500000000000004        1.7535000350700003E-005   1.7249298250952405E-006
   2.7500000000000000        4.6900000938000017E-006   2.4079998413106234E-007
   2.8500000000000005        1.1900000238000004E-006   2.6791017074256060E-008
   2.9500000000000002        2.4500000490000009E-007   2.3360036968812550E-009
   3.0499999999999998        1.4000000280000003E-007   1.5687462610925408E-010
