  -2.8500000000000001        5.7000002280000094E-007   2.6791017074256252E-008
  -2.7500000000000000        1.3200000528000021E-006   2.4079998413106234E-007
  -2.6500000000000004        6.9600002784000103E-006   1.7249298250952405E-006
  -2.5500000000000003        2.6790001071600043E-005   1.0008516379954475E-005
  -2.4500000000000002        9.9000003960000155E-005   4.7777812999579557E-005
  -2.3500000000000001        3.1752001270080044E-004   1.9048269842984495E-004
  -2.2500000000000000        8.9955003598200128E-004   6.4344488112591991E-004
  -2.1500000000000004        2.2907100916284037E-003   1.8671833951003235E-003
  -2.0500000000000003        5.3082302123292078E-003   4.7164485454433353E-003
  -1.9500000000000000        1.1150550446022018E-002   1.0501898911950323E-002
  -1.8499999999999999        2.1327450853098034E-002   2.0862036869772869E-002
  -1.7499999999999998        3.7471591498863657E-002   3.7396648554744505E-002
  -1.6499999999999999        6.0694022427760896E-002   6.1148546325008900E-002
  -1.5499999999999998        9.1231023649240947E-002   9.2139717136320673E-002
  -1.4500000000000000       0.12792450511698020       0.12917668127475018     
  -1.3499999999999999       0.16889268675570746       0.17002255242405301     
  -1.2499999999999998       0.21087150843486033       0.21186644284554895     
  -1.1499999999999999       0.25127383005095322       0.25190602204651302     
  -1.0499999999999998       0.28759588150383525       0.28784757586636855     
 -0.94999999999999996       0.31823074272922969       0.31820030982060821     
 -0.84999999999999987       0.34260088370403535       0.34234058002782697     
 -0.74999999999999978       0.36069916442796651       0.36039695961906781     
 -0.64999999999999969       0.37345909493836382       0.37303829784826004     
 -0.54999999999999960       0.38171920526876824       0.38124075924023920     
 -0.45000000000000001       0.38650849546033983       0.38608443519389740     
 -0.34999999999999992       0.38887966555518660       0.38860215775651097     
 -0.24999999999999983       0.38993062559722497       0.38968202636901328     
 -0.14999999999999974       0.39026299561051980       0.39001339690395304     
  -4.9999999999999642E-002  0.39028363561134544       0.39006215162567265     
   5.0000000000000003E-002  0.39043417561736699       0.39006215162567265     
  0.15000000000000008       0.39026782561071299       0.39001339690395304     
  0.25000000000000017       0.38998597559943904       0.38968202636901328     
  0.35000000000000026       0.38900671556026861       0.38860215775651097     
  0.45000000000000034       0.38637973545518939       0.38608443519389740     
  0.55000000000000004       0.38162539526501577       0.38124075924023915     
  0.65000000000000013       0.37349827493993099       0.37303829784825998     
  0.75000000000000022       0.36088774443550975       0.36039695961906776     
  0.85000000000000031       0.34269022370760888       0.34234058002782686     
  0.95000000000000040       0.31839484273579366       0.31820030982060804     
   1.0500000000000000       0.28745116149804645       0.28784757586636850     
   1.1500000000000006       0.25121068004842723       0.25190602204651269     
   1.2500000000000002       0.21072909842916393       0.21186644284554876     
   1.3499999999999999       0.16872147674885907       0.17002255242405301     
   1.4500000000000004       0.12794268511770740       0.12917668127474999     
   1.5500000000000000        9.1193313647732546E-002   9.2139717136320562E-002
   1.6500000000000006        6.0774002430960095E-002   6.1148546325008712E-002
   1.7500000000000002        3.7448401497936060E-002   3.7396648554744408E-002
   1.8500000000000008        2.1309690852387632E-002   2.0862036869772747E-002
   1.9500000000000004        1.1138490445539617E-002   1.0501898911950287E-002
   2.0499999999999998        5.3053202122128077E-003   4.7164485454433561E-003
   2.1500000000000004        2.2904700916188039E-003   1.8671833951003235E-003
   2.2500000000000000        8.9931003597240144E-004   6.4344488112591991E-004
   2.3500000000000005        3.1662001266480051E-004   1.9048269842984411E-004
   2.4500000000000002        1.0170000406800016E-004   4.7777812999579557E-005
   2.5499999999999998        2.9220001168800047E-005   1.0008516379954546E-005
   2.6500000000000004        7.2000002880000117E-006   1.7249298250952405E-006
   2.7500000000000000        1.6500000660000027E-006   2.4079998413106234E-007
   2.8500000000000005        3.9000001560000063E-007   2.6791017074256060E-008
   2.9500000000000002        0.0000000000000000        2.3360036968812550E-009
   3.0499999999999998        0.0000000000000000        1.5687462610925408E-010
