  -2.8500000000000001        3.3375000834375021E-006   2.6791017074256252E-008
  -2.7500000000000000        9.3000002325000060E-006   2.4079998413106234E-007
  -2.6500000000000004        2.9887500747187514E-005   1.7249298250952405E-006
  -2.5500000000000003        8.1412502035312532E-005   1.0008516379954475E-005
  -2.4500000000000002        2.1708750542718763E-004   4.7777812999579557E-005
  -2.3500000000000001        5.5717501392937537E-004   1.9048269842984495E-004
  -2.2500000000000000        1.3177875329446883E-003   6.4344488112591991E-004
  -2.1500000000000004        2.9833500745837520E-003   1.8671833951003235E-003
  -2.0500000000000003        6.2249626556240660E-003   4.7164485454433353E-003
  -1.9500000000000000        1.2206737805168445E-002   1.0501898911950323E-002
  -1.8499999999999999        2.2150163053754078E-002   2.0862036869772869E-002
  -1.7499999999999998        3.7747763443694085E-002   3.7396648554744505E-002
  -1.6499999999999999        5.9868526496713155E-002   6.1148546325008900E-002
  -1.5499999999999998        8.9221352230533804E-002   9.2139717136320673E-002
  -1.4500000000000000       0.12504379062609478       0.12917668127475018     
  -1.3499999999999999       0.16543297913582447       0.17002255242405301     
  -1.2499999999999998       0.20783224269580605       0.21186644284554895     
  -1.1499999999999999       0.24920411873010298       0.25190602204651302     
  -1.0499999999999998       0.28651699466292485       0.28784757586636855     
 -0.94999999999999996       0.31852365796309140       0.31820030982060821     
 -0.84999999999999987       0.34366913359172835       0.34234058002782697     
 -0.74999999999999978       0.36224734655618362       0.36039695961906781     
 -0.64999999999999969       0.37517104687927610       0.37303829784826004     
 -0.54999999999999960       0.38330554708263864       0.38124075924023920     
 -0.45000000000000001       0.38787094719677367       0.38608443519389740     
 -0.34999999999999992       0.39021765975544143       0.38860215775651097     
 -0.24999999999999983       0.39101678477541962       0.38968202636901328     
 -0.14999999999999974       0.39103380977584518       0.39001339690395304     
  -4.9999999999999642E-002  0.39102799727569987       0.39006215162567265     
   5.0000000000000003E-002  0.39110468477761712       0.39006215162567265     
  0.15000000000000008       0.39114454727861364       0.39001339690395304     
  0.25000000000000017       0.39109485977737152       0.38968202636901328     
  0.35000000000000026       0.39005262225131548       0.38860215775651097     
  0.45000000000000034       0.38751342218783552       0.38608443519389740     
  0.55000000000000004       0.38296185957404649       0.38124075924023915     
  0.65000000000000013       0.37490337187258427       0.37303829784825998     
  0.75000000000000022       0.36200633405015836       0.36039695961906776     
  0.85000000000000031       0.34371795859294896       0.34234058002782686     
  0.95000000000000040       0.31842574546064356       0.31820030982060804     
   1.0500000000000000       0.28675605716890140       0.28784757586636850     
   1.1500000000000006       0.24897446872436171       0.25190602204651269     
   1.2500000000000002       0.20772634269315854       0.21186644284554876     
   1.3499999999999999       0.16532962913324073       0.17002255242405301     
   1.4500000000000004       0.12493204062330102       0.12917668127474999     
   1.5500000000000000        8.9261214731530356E-002   9.2139717136320562E-002
   1.6500000000000006        5.9906813997670345E-002   6.1148546325008712E-002
   1.7500000000000002        3.7750350943758768E-002   3.7396648554744408E-002
   1.8500000000000008        2.2170563054264073E-002   2.0862036869772747E-002
   1.9500000000000004        1.2172987804324693E-002   1.0501898911950287E-002
   2.0499999999999998        6.2157376553934416E-003   4.7164485454433561E-003
   2.1500000000000004        2.9463375736584387E-003   1.8671833951003235E-003
   2.2500000000000000        1.3167000329175008E-003   6.4344488112591991E-004
   2.3500000000000005        5.4247501356187531E-004   1.9048269842984411E-004
   2.4500000000000002        2.1487500537187512E-004   4.7777812999579557E-005
   2.5499999999999998        8.0850002021250043E-005   1.0008516379954546E-005
   2.6500000000000004        2.7337500683437512E-005   1.7249298250952405E-006
   2.7500000000000000        1.0200000255000005E-005   2.4079998413106234E-007
   2.8500000000000005        3.7125000928125019E-006   2.6791017074256060E-008
   2.9500000000000002        7.1250001781250049E-007   2.3360036968812550E-009
   3.0499999999999998        3.0000000750000017E-007   1.5687462610925408E-010
