  -2.8500000000000001        5.5000000000000003E-008   2.6791017074256252E-008
  -2.7500000000000000        2.9499999999999998E-007   2.4079998413106234E-007
  -2.6500000000000004        1.9400000000000001E-006   1.7249298250952405E-006
  -2.5500000000000003        1.1375000000000000E-005   1.0008516379954475E-005
  -2.4500000000000002        5.2425000000000000E-005   4.7777812999579557E-005
  -2.3500000000000001        2.0262999999999998E-004   1.9048269842984495E-004
  -2.2500000000000000        6.6909000000000001E-004   6.4344488112591991E-004
  -2.1500000000000004        1.9386449999999997E-003   1.8671833951003235E-003
  -2.0500000000000003        4.8438900000000000E-003   4.7164485454433353E-003
  -1.9500000000000000        1.0690554999999999E-002   1.0501898911950323E-002
  -1.8499999999999999        2.1103659999999996E-002   2.0862036869772869E-002
  -1.7499999999999998        3.7645999999999999E-002   3.7396648554744505E-002
  -1.6499999999999999        6.1376275000000001E-002   6.1148546325008900E-002
  -1.5499999999999998        9.2301499999999995E-002   9.2139717136320673E-002
  -1.4500000000000000       0.12926237500000001       0.12917668127475018     
  -1.3499999999999999       0.16997682000000000       0.17002255242405301     
  -1.2499999999999998       0.21155832499999999       0.21186644284554895     
  -1.1499999999999999       0.25163592499999998       0.25190602204651302     
  -1.0499999999999998       0.28754637500000002       0.28784757586636855     
 -0.94999999999999996       0.31771825999999992       0.31820030982060821     
 -0.84999999999999987       0.34202191499999995       0.34234058002782697     
 -0.74999999999999978       0.36012700999999997       0.36039695961906781     
 -0.64999999999999969       0.37273456500000002       0.37303829784826004     
 -0.54999999999999960       0.38119733000000000       0.38124075924023920     
 -0.45000000000000001       0.38590105499999999       0.38608443519389740     
 -0.34999999999999992       0.38857156500000001       0.38860215775651097     
 -0.24999999999999983       0.38974086000000002       0.38968202636901328     
 -0.14999999999999974       0.39003221500000002       0.39001339690395304     
  -4.9999999999999642E-002  0.39013587500000002       0.39006215162567265     
   5.0000000000000003E-002  0.39027321500000001       0.39006215162567265     
  0.15000000000000008       0.39021183500000001       0.39001339690395304     
  0.25000000000000017       0.38984890999999999       0.38968202636901328     
  0.35000000000000026       0.38865372999999992       0.38860215775651097     
  0.45000000000000034       0.38618483500000000       0.38608443519389740     
  0.55000000000000004       0.38117717000000001       0.38124075924023915     
  0.65000000000000013       0.37293074500000001       0.37303829784825998     
  0.75000000000000022       0.36013610000000001       0.36039695961906776     
  0.85000000000000031       0.34206400499999995       0.34234058002782686     
  0.95000000000000040       0.31787746999999994       0.31820030982060804     
   1.0500000000000000       0.28757430499999997       0.28784757586636850     
   1.1500000000000006       0.25166066500000001       0.25190602204651269     
   1.2500000000000002       0.21173821500000001       0.21186644284554876     
   1.3499999999999999       0.17003370499999998       0.17002255242405301     
   1.4500000000000004       0.12935568500000000       0.12917668127474999     
   1.5500000000000000        9.2441535000000005E-002   9.2139717136320562E-002
   1.6500000000000006        6.1518474999999996E-002   6.1148546325008712E-002
   1.7500000000000002        3.7761040000000003E-002   3.7396648554744408E-002
   1.8500000000000008        2.1129655000000001E-002   2.0862036869772747E-002
   1.9500000000000004        1.0709470000000000E-002   1.0501898911950287E-002
   2.0499999999999998        4.8421949999999997E-003   4.7164485454433561E-003
   2.1500000000000004        1.9352799999999999E-003   1.8671833951003235E-003
   2.2500000000000000        6.7566999999999996E-004   6.4344488112591991E-004
   2.3500000000000005        2.0139999999999999E-004   1.9048269842984411E-004
   2.4500000000000002        5.1944999999999998E-005   4.7777812999579557E-005
   2.5499999999999998        1.1545000000000000E-005   1.0008516379954546E-005
   2.6500000000000004        1.9850000000000001E-006   1.7249298250952405E-006
   2.7500000000000000        3.6500000000000000E-007   2.4079998413106234E-007
   2.8500000000000005        3.5000000000000002E-008   2.6791017074256060E-008
   2.9500000000000002        1.0000000000000000E-008   2.3360036968812550E-009
   3.0499999999999998        0.0000000000000000        1.5687462610925408E-010
