  -2.8500000000000001        1.2499999999999999E-007   2.6791017074256252E-008
  -2.7500000000000000        5.7500000000000000E-007   2.4079998413106234E-007
  -2.6500000000000004        4.5249999999999999E-006   1.7249298250952405E-006
  -2.5500000000000003        1.9224999999999996E-005   1.0008516379954475E-005
  -2.4500000000000002        7.2299999999999996E-005   4.7777812999579557E-005
  -2.3500000000000001        2.5650000000000000E-004   1.9048269842984495E-004
  -2.2500000000000000        7.8089999999999985E-004   6.4344488112591991E-004
  -2.1500000000000004        2.0876499999999999E-003   1.8671833951003235E-003
  -2.0500000000000003        5.0463000000000001E-003   4.7164485454433353E-003
  -1.9500000000000000        1.0900099999999999E-002   1.0501898911950323E-002
  -1.8499999999999999        2.1181200000000001E-002   2.0862036869772869E-002
  -1.7499999999999998        3.7596900000000003E-002   3.7396648554744505E-002
  -1.6499999999999999        6.1069100000000001E-002   6.1148546325008900E-002
  -1.5499999999999998        9.1865975000000002E-002   9.2139717136320673E-002
  -1.4500000000000000       0.12866730000000001       0.12917668127475018     
  -1.3499999999999999       0.16948882500000001       0.17002255242405301     
  -1.2499999999999998       0.21142957499999998       0.21186644284554895     
  -1.1499999999999999       0.25144102499999998       0.25190602204651302     
  -1.0499999999999998       0.28738005000000000       0.28784757586636855     
 -0.94999999999999996       0.31797184999999994       0.31820030982060821     
 -0.84999999999999987       0.34219312499999999       0.34234058002782697     
 -0.74999999999999978       0.36028477500000000       0.36039695961906781     
 -0.64999999999999969       0.37309225000000001       0.37303829784826004     
 -0.54999999999999960       0.38131912499999993       0.38124075924023920     
 -0.45000000000000001       0.38619744999999994       0.38608443519389740     
 -0.34999999999999992       0.38856315000000002       0.38860215775651097     
 -0.24999999999999983       0.38971390000000000       0.38968202636901328     
 -0.14999999999999974       0.38993207499999999       0.39001339690395304     
  -4.9999999999999642E-002  0.39012787499999996       0.39006215162567265     
   5.0000000000000003E-002  0.39021934999999996       0.39006215162567265     
  0.15000000000000008       0.39006985000000000       0.39001339690395304     
  0.25000000000000017       0.38978760000000001       0.38968202636901328     
  0.35000000000000026       0.38889989999999997       0.38860215775651097     
  0.45000000000000034       0.38639472499999999       0.38608443519389740     
  0.55000000000000004       0.38151412499999993       0.38124075924023915     
  0.65000000000000013       0.37339739999999993       0.37303829784825998     
  0.75000000000000022       0.36062789999999995       0.36039695961906776     
  0.85000000000000031       0.34249554999999998       0.34234058002782686     
  0.95000000000000040       0.31812507499999992       0.31820030982060804     
   1.0500000000000000       0.28746817499999999       0.28784757586636850     
   1.1500000000000006       0.25167872499999999       0.25190602204651269     
   1.2500000000000002       0.21139077499999998       0.21186644284554876     
   1.3499999999999999       0.16950137499999998       0.17002255242405301     
   1.4500000000000004       0.12877807499999999       0.12917668127474999     
   1.5500000000000000        9.1899499999999981E-002   9.2139717136320562E-002
   1.6500000000000006        6.1102499999999990E-002   6.1148546325008712E-002
   1.7500000000000002        3.7629250000000003E-002   3.7396648554744408E-002
   1.8500000000000008        2.1188175000000000E-002   2.0862036869772747E-002
   1.9500000000000004        1.0870299999999998E-002   1.0501898911950287E-002
   2.0499999999999998        5.0411750000000002E-003   4.7164485454433561E-003
   2.1500000000000004        2.0929999999999998E-003   1.8671833951003235E-003
   2.2500000000000000        7.8862499999999994E-004   6.4344488112591991E-004
   2.3500000000000005        2.5714999999999999E-004   1.9048269842984411E-004
   2.4500000000000002        7.5549999999999993E-005   4.7777812999579557E-005
   2.5499999999999998        1.7325000000000001E-005   1.0008516379954546E-005
   2.6500000000000004        4.1250000000000003E-006   1.7249298250952405E-006
   2.7500000000000000        8.9999999999999996E-007   2.4079998413106234E-007
   2.8500000000000005        7.4999999999999983E-008   2.6791017074256060E-008
   2.9500000000000002        0.0000000000000000        2.3360036968812550E-009
   3.0499999999999998        0.0000000000000000        1.5687462610925408E-010
