  -2.8500000000000001        4.0000000000000001E-008   2.6791017074256252E-008
  -2.7500000000000000        2.2999999999999999E-007   2.4079998413106234E-007
  -2.6500000000000004        1.9400000000000001E-006   1.7249298250952405E-006
  -2.5500000000000003        1.0774999999999998E-005   1.0008516379954475E-005
  -2.4500000000000002        5.1314999999999999E-005   4.7777812999579557E-005
  -2.3500000000000001        2.0160499999999996E-004   1.9048269842984495E-004
  -2.2500000000000000        6.7477499999999996E-004   6.4344488112591991E-004
  -2.1500000000000004        1.9375750000000000E-003   1.8671833951003235E-003
  -2.0500000000000003        4.8324099999999997E-003   4.7164485454433353E-003
  -1.9500000000000000        1.0691394999999999E-002   1.0501898911950323E-002
  -1.8499999999999999        2.1125044999999999E-002   2.0862036869772869E-002
  -1.7499999999999998        3.7695634999999998E-002   3.7396648554744505E-002
  -1.6499999999999999        6.1413429999999991E-002   6.1148546325008900E-002
  -1.5499999999999998        9.2357969999999998E-002   9.2139717136320673E-002
  -1.4500000000000000       0.12925953999999998       0.12917668127475018     
  -1.3499999999999999       0.16992831999999999       0.17002255242405301     
  -1.2499999999999998       0.21161371500000001       0.21186644284554895     
  -1.1499999999999999       0.25153452999999998       0.25190602204651302     
  -1.0499999999999998       0.28745643999999998       0.28784757586636855     
 -0.94999999999999996       0.31779084499999999       0.31820030982060821     
 -0.84999999999999987       0.34185839000000001       0.34234058002782697     
 -0.74999999999999978       0.35992809500000000       0.36039695961906781     
 -0.64999999999999969       0.37265167999999999       0.37303829784826004     
 -0.54999999999999960       0.38103903499999997       0.38124075924023920     
 -0.45000000000000001       0.38594457999999998       0.38608443519389740     
 -0.34999999999999992       0.38853520499999999       0.38860215775651097     
 -0.24999999999999983       0.38970248999999996       0.38968202636901328     
 -0.14999999999999974       0.39008707999999992       0.39001339690395304     
  -4.9999999999999642E-002  0.39009261000000001       0.39006215162567265     
   5.0000000000000003E-002  0.39013659999999994       0.39006215162567265     
  0.15000000000000008       0.39006758499999999       0.39001339690395304     
  0.25000000000000017       0.38976293499999992       0.38968202636901328     
  0.35000000000000026       0.38870102000000001       0.38860215775651097     
  0.45000000000000034       0.38613365999999993       0.38608443519389740     
  0.55000000000000004       0.38138262499999998       0.38124075924023915     
  0.65000000000000013       0.37301172499999996       0.37303829784825998     
  0.75000000000000022       0.36028119499999994       0.36039695961906776     
  0.85000000000000031       0.34213034500000000       0.34234058002782686     
  0.95000000000000040       0.31806778999999996       0.31820030982060804     
   1.0500000000000000       0.28767247499999998       0.28784757586636850     
   1.1500000000000006       0.25178538000000000       0.25190602204651269     
   1.2500000000000002       0.21186705500000000       0.21186644284554876     
   1.3499999999999999       0.17017843999999996       0.17002255242405301     
   1.4500000000000004       0.12934466000000000       0.12917668127474999     
   1.5500000000000000        9.2403815000000000E-002   9.2139717136320562E-002
   1.6500000000000006        6.1429850000000001E-002   6.1148546325008712E-002
   1.7500000000000002        3.7667674999999991E-002   3.7396648554744408E-002
   1.8500000000000008        2.1116605000000000E-002   2.0862036869772747E-002
   1.9500000000000004        1.0717339999999999E-002   1.0501898911950287E-002
   2.0499999999999998        4.8420950000000003E-003   4.7164485454433561E-003
   2.1500000000000004        1.9378349999999999E-003   1.8671833951003235E-003
   2.2500000000000000        6.7600499999999992E-004   6.4344488112591991E-004
   2.3500000000000005        2.0332000000000000E-004   1.9048269842984411E-004
   2.4500000000000002        5.2099999999999999E-005   4.7777812999579557E-005
   2.5499999999999998        1.1229999999999998E-005   1.0008516379954546E-005
   2.6500000000000004        1.6050000000000001E-006   1.7249298250952405E-006
   2.7500000000000000        2.9499999999999998E-007   2.4079998413106234E-007
   2.8500000000000005        3.5000000000000002E-008   2.6791017074256060E-008
   2.9500000000000002        1.0000000000000000E-008   2.3360036968812550E-009
   3.0499999999999998        0.0000000000000000        1.5687462610925408E-010
