  -2.8500000000000001        5.9999999999999981E-008   2.6791017074256252E-008
  -2.7500000000000000        6.7999999999999995E-007   2.4079998413106234E-007
  -2.6500000000000004        3.1200000000000002E-006   1.7249298250952405E-006
  -2.5500000000000003        1.3679999999999998E-005   1.0008516379954475E-005
  -2.4500000000000002        6.0019999999999991E-005   4.7777812999579557E-005
  -2.3500000000000001        2.2351999999999997E-004   1.9048269842984495E-004
  -2.2500000000000000        7.1511999999999997E-004   6.4344488112591991E-004
  -2.1500000000000004        1.9916600000000001E-003   1.8671833951003235E-003
  -2.0500000000000003        4.9119199999999993E-003   4.7164485454433353E-003
  -1.9500000000000000        1.0743279999999997E-002   1.0501898911950323E-002
  -1.8499999999999999        2.1152979999999998E-002   2.0862036869772869E-002
  -1.7499999999999998        3.7614519999999999E-002   3.7396648554744505E-002
  -1.6499999999999999        6.1253940000000000E-002   6.1148546325008900E-002
  -1.5499999999999998        9.2142799999999997E-002   9.2139717136320673E-002
  -1.4500000000000000       0.12890302000000001       0.12917668127475018     
  -1.3499999999999999       0.16966303999999996       0.17002255242405301     
  -1.2499999999999998       0.21143998000000000       0.21186644284554895     
  -1.1499999999999999       0.25147130000000001       0.25190602204651302     
  -1.0499999999999998       0.28753413999999994       0.28784757586636855     
 -0.94999999999999996       0.31786691999999994       0.31820030982060821     
 -0.84999999999999987       0.34209316000000001       0.34234058002782697     
 -0.74999999999999978       0.36014664000000002       0.36039695961906781     
 -0.64999999999999969       0.37296669999999993       0.37303829784826004     
 -0.54999999999999960       0.38109211999999992       0.38124075924023920     
 -0.45000000000000001       0.38591100000000000       0.38608443519389740     
 -0.34999999999999992       0.38844614000000000       0.38860215775651097     
 -0.24999999999999983       0.38997983999999997       0.38968202636901328     
 -0.14999999999999974       0.39025080000000001       0.39001339690395304     
  -4.9999999999999642E-002  0.38998625999999992       0.39006215162567265     
   5.0000000000000003E-002  0.39005985999999998       0.39006215162567265     
  0.15000000000000008       0.39012205999999999       0.39001339690395304     
  0.25000000000000017       0.38980448000000001       0.38968202636901328     
  0.35000000000000026       0.38889190000000001       0.38860215775651097     
  0.45000000000000034       0.38630027999999994       0.38608443519389740     
  0.55000000000000004       0.38142443999999998       0.38124075924023915     
  0.65000000000000013       0.37310851999999994       0.37303829784825998     
  0.75000000000000022       0.36035141999999998       0.36039695961906776     
  0.85000000000000031       0.34224216000000002       0.34234058002782686     
  0.95000000000000040       0.31807237999999999       0.31820030982060804     
   1.0500000000000000       0.28768949999999999       0.28784757586636850     
   1.1500000000000006       0.25167338000000000       0.25190602204651269     
   1.2500000000000002       0.21176439999999996       0.21186644284554876     
   1.3499999999999999       0.16997199999999998       0.17002255242405301     
   1.4500000000000004       0.12906477999999999       0.12917668127474999     
   1.5500000000000000        9.2183859999999992E-002   9.2139717136320562E-002
   1.6500000000000006        6.1273000000000001E-002   6.1148546325008712E-002
   1.7500000000000002        3.7664580000000003E-002   3.7396648554744408E-002
   1.8500000000000008        2.1113239999999998E-002   2.0862036869772747E-002
   1.9500000000000004        1.0735000000000000E-002   1.0501898911950287E-002
   2.0499999999999998        4.9072600000000001E-003   4.7164485454433561E-003
   2.1500000000000004        1.9905800000000000E-003   1.8671833951003235E-003
   2.2500000000000000        7.0958000000000002E-004   6.4344488112591991E-004
   2.3500000000000005        2.2514000000000000E-004   1.9048269842984411E-004
   2.4500000000000002        6.0380000000000001E-005   4.7777812999579557E-005
   2.5499999999999998        1.4479999999999999E-005   1.0008516379954546E-005
   2.6500000000000004        2.5399999999999994E-006   1.7249298250952405E-006
   2.7500000000000000        3.9999999999999998E-007   2.4079998413106234E-007
   2.8500000000000005        2.0000000000000000E-008   2.6791017074256060E-008
   2.9500000000000002        2.0000000000000000E-008   2.3360036968812550E-009
   3.0499999999999998        0.0000000000000000        1.5687462610925408E-010
