  -2.8500000000000001        4.0000000000000001E-008   2.6791017074256252E-008
  -2.7500000000000000        2.3999999999999993E-007   2.4079998413106234E-007
  -2.6500000000000004        1.9999999999999999E-006   1.7249298250952405E-006
  -2.5500000000000003        1.1630000000000000E-005   1.0008516379954475E-005
  -2.4500000000000002        5.2849999999999990E-005   4.7777812999579557E-005
  -2.3500000000000001        2.0372999999999998E-004   1.9048269842984495E-004
  -2.2500000000000000        6.7572999999999993E-004   6.4344488112591991E-004
  -2.1500000000000004        1.9288399999999998E-003   1.8671833951003235E-003
  -2.0500000000000003        4.8239899999999994E-003   4.7164485454433353E-003
  -1.9500000000000000        1.0687290000000000E-002   1.0501898911950323E-002
  -1.8499999999999999        2.1090109999999999E-002   2.0862036869772869E-002
  -1.7499999999999998        3.7690830000000002E-002   3.7396648554744505E-002
  -1.6499999999999999        6.1387669999999998E-002   6.1148546325008900E-002
  -1.5499999999999998        9.2319429999999994E-002   9.2139717136320673E-002
  -1.4500000000000000       0.12918535000000000       0.12917668127475018     
  -1.3499999999999999       0.16995593999999997       0.17002255242405301     
  -1.2499999999999998       0.21183091000000001       0.21186644284554895     
  -1.1499999999999999       0.25171622999999993       0.25190602204651302     
  -1.0499999999999998       0.28755519999999996       0.28784757586636855     
 -0.94999999999999996       0.31788014999999992       0.31820030982060821     
 -0.84999999999999987       0.34199903999999992       0.34234058002782697     
 -0.74999999999999978       0.35997055999999999       0.36039695961906781     
 -0.64999999999999969       0.37260734000000001       0.37303829784826004     
 -0.54999999999999960       0.38086415999999995       0.38124075924023920     
 -0.45000000000000001       0.38581741000000003       0.38608443519389740     
 -0.34999999999999992       0.38844867999999994       0.38860215775651097     
 -0.24999999999999983       0.38944780999999995       0.38968202636901328     
 -0.14999999999999974       0.38998318999999992       0.39001339690395304     
  -4.9999999999999642E-002  0.39010774999999998       0.39006215162567265     
   5.0000000000000003E-002  0.39014515999999999       0.39006215162567265     
  0.15000000000000008       0.39018299999999995       0.39001339690395304     
  0.25000000000000017       0.38975206999999995       0.38968202636901328     
  0.35000000000000026       0.38852620999999993       0.38860215775651097     
  0.45000000000000034       0.38591910999999995       0.38608443519389740     
  0.55000000000000004       0.38105128999999999       0.38124075924023915     
  0.65000000000000013       0.37289143000000002       0.37303829784825998     
  0.75000000000000022       0.36040253999999999       0.36039695961906776     
  0.85000000000000031       0.34232699999999994       0.34234058002782686     
  0.95000000000000040       0.31822341999999992       0.31820030982060804     
   1.0500000000000000       0.28788180000000002       0.28784757586636850     
   1.1500000000000006       0.25192913000000000       0.25190602204651269     
   1.2500000000000002       0.21196546999999999       0.21186644284554876     
   1.3499999999999999       0.17015797999999999       0.17002255242405301     
   1.4500000000000004       0.12932894000000000       0.12917668127474999     
   1.5500000000000000        9.2345549999999998E-002   9.2139717136320562E-002
   1.6500000000000006        6.1421449999999995E-002   6.1148546325008712E-002
   1.7500000000000002        3.7725189999999999E-002   3.7396648554744408E-002
   1.8500000000000008        2.1146409999999997E-002   2.0862036869772747E-002
   1.9500000000000004        1.0705440000000000E-002   1.0501898911950287E-002
   2.0499999999999998        4.8440499999999999E-003   4.7164485454433561E-003
   2.1500000000000004        1.9418199999999999E-003   1.8671833951003235E-003
   2.2500000000000000        6.7176999999999992E-004   6.4344488112591991E-004
   2.3500000000000005        2.0390000000000000E-004   1.9048269842984411E-004
   2.4500000000000002        5.2819999999999992E-005   4.7777812999579557E-005
   2.5499999999999998        1.0709999999999999E-005   1.0008516379954546E-005
   2.6500000000000004        1.8799999999999998E-006   1.7249298250952405E-006
   2.7500000000000000        3.2000000000000001E-007   2.4079998413106234E-007
   2.8500000000000005        2.9999999999999991E-008   2.6791017074256060E-008
   2.9500000000000002        0.0000000000000000        2.3360036968812550E-009
   3.0499999999999998        0.0000000000000000        1.5687462610925408E-010
