  -2.8500000000000001        1.5000000150000001E-008   2.6791017074256252E-008
  -2.7500000000000000        3.3000000330000004E-007   2.4079998413106234E-007
  -2.6500000000000004        2.2350000223500004E-006   1.7249298250952405E-006
  -2.5500000000000003        1.1790000117900001E-005   1.0008516379954475E-005
  -2.4500000000000002        5.3745000537450002E-005   4.7777812999579557E-005
  -2.3500000000000001        2.0671500206715003E-004   1.9048269842984495E-004
  -2.2500000000000000        6.8881500688814995E-004   6.4344488112591991E-004
  -2.1500000000000004        1.9627800196278002E-003   1.8671833951003235E-003
  -2.0500000000000003        4.8670950486709502E-003   4.7164485454433353E-003
  -1.9500000000000000        1.0739745107397451E-002   1.0501898911950323E-002
  -1.8499999999999999        2.1147750211477502E-002   2.0862036869772869E-002
  -1.7499999999999998        3.7765830377658301E-002   3.7396648554744505E-002
  -1.6499999999999999        6.1453650614536497E-002   6.1148546325008900E-002
  -1.5499999999999998        9.2393580923935792E-002   9.2139717136320673E-002
  -1.4500000000000000       0.12921895629218957       0.12917668127475018     
  -1.3499999999999999       0.16999896169998963       0.17002255242405301     
  -1.2499999999999998       0.21171750211717499       0.21186644284554895     
  -1.1499999999999999       0.25169106251691065       0.25190602204651302     
  -1.0499999999999998       0.28755015287550151       0.28784757586636855     
 -0.94999999999999996       0.31810281318102807       0.31820030982060821     
 -0.84999999999999987       0.34198191341981915       0.34234058002782697     
 -0.74999999999999978       0.36019599360195986       0.36039695961906781     
 -0.64999999999999969       0.37275750372757499       0.37303829784826004     
 -0.54999999999999960       0.38114641881146416       0.38124075924023920     
 -0.45000000000000001       0.38599990885999902       0.38608443519389740     
 -0.34999999999999992       0.38853016888530167       0.38860215775651097     
 -0.24999999999999983       0.38979105389791052       0.38968202636901328     
 -0.14999999999999974       0.39013342890133429       0.39001339690395304     
  -4.9999999999999642E-002  0.39023464890234649       0.39006215162567265     
   5.0000000000000003E-002  0.39023763390237626       0.39006215162567265     
  0.15000000000000008       0.39004078890040789       0.39001339690395304     
  0.25000000000000017       0.38974585889745855       0.38968202636901328     
  0.35000000000000026       0.38866386388663865       0.38860215775651097     
  0.45000000000000034       0.38611059386110597       0.38608443519389740     
  0.55000000000000004       0.38101504881015047       0.38124075924023915     
  0.65000000000000013       0.37299454872994547       0.37303829784825998     
  0.75000000000000022       0.36021471360214707       0.36039695961906776     
  0.85000000000000031       0.34187197841871975       0.34234058002782686     
  0.95000000000000040       0.31771735817717350       0.31820030982060804     
   1.0500000000000000       0.28750276787502765       0.28784757586636850     
   1.1500000000000006       0.25160061251600613       0.25190602204651269     
   1.2500000000000002       0.21176812711768125       0.21186644284554876     
   1.3499999999999999       0.16996792669967928       0.17002255242405301     
   1.4500000000000004       0.12914854629148545       0.12917668127474999     
   1.5500000000000000        9.2284605922846055E-002   9.2139717136320562E-002
   1.6500000000000006        6.1431705614317052E-002   6.1148546325008712E-002
   1.7500000000000002        3.7663875376638754E-002   3.7396648554744408E-002
   1.8500000000000008        2.1154080211540801E-002   2.0862036869772747E-002
   1.9500000000000004        1.0724415107244149E-002   1.0501898911950287E-002
   2.0499999999999998        4.8670800486708002E-003   4.7164485454433561E-003
   2.1500000000000004        1.9633200196332002E-003   1.8671833951003235E-003
   2.2500000000000000        6.8859000688589994E-004   6.4344488112591991E-004
   2.3500000000000005        2.0829000208290001E-004   1.9048269842984411E-004
   2.4500000000000002        5.4405000544050006E-005   4.7777812999579557E-005
   2.5499999999999998        1.2240000122400001E-005   1.0008516379954546E-005
   2.6500000000000004        1.8900000189000002E-006   1.7249298250952405E-006
   2.7500000000000000        4.6500000465000002E-007   2.4079998413106234E-007
   2.8500000000000005        9.0000000900000007E-008   2.6791017074256060E-008
   2.9500000000000002        1.5000000150000001E-008   2.3360036968812550E-009
   3.0499999999999998        0.0000000000000000        1.5687462610925408E-010
