       0      1.00013031
       1      0.99527324
       2      0.98552613
       3      0.97587641
       4      0.96635082
       5      0.95675690
       6      0.94718781
       7      0.93778723
       8      0.92838887
       9      0.91916611
      10      0.90996219
      11      0.90083318
      12      0.89203951
      13      0.88338948
      14      0.87471880
      15      0.86595176
      16      0.85718653
      17      0.84858619
      18      0.84020439
      19      0.83197979
      20      0.82383173
      21      0.81574170
      22      0.80755945
      23      0.79950169
      24      0.79162275
      25      0.78378591
      26      0.77606001
      27      0.76837909
      28      0.76082253
      29      0.75315399
      30      0.74559171
      31      0.73820770
      32      0.73080691
      33      0.72349303
      34      0.71617804
      35      0.70906977
      36      0.70207556
      37      0.69529143
      38      0.68848200
      39      0.68145370
      40      0.67461253
      41      0.66786956
      42      0.66103689
      43      0.65427220
      44      0.64753272
      45      0.64086871
      46      0.63451325
      47      0.62836867
      48      0.62216258
      49      0.61585956
      50      0.60974873
      51      0.60378327
      52      0.59770938
      53      0.59174826
      54      0.58593242
      55      0.58017457
      56      0.57427259
      57      0.56827930
      58      0.56271948
      59      0.55734989
      60      0.55187783
      61      0.54642639
      62      0.54099807
      63      0.53572587
      64      0.53063470
      65      0.52547676
      66      0.52019000
      67      0.51490209
      68      0.50965743
      69      0.50436695
      70      0.49924049
      71      0.49440562
      72      0.48948929
      73      0.48463205
      74      0.47989928
      75      0.47516986
      76      0.47048387
      77      0.46590318
      78      0.46133385
      79      0.45669700
      80      0.45226632
      81      0.44793597
      82      0.44346812
      83      0.43892646
      84      0.43453997
      85      0.43014896
      86      0.42564032
      87      0.42122255
      88      0.41702662
      89      0.41284706
      90      0.40868458
      91      0.40466805
      92      0.40076175
      93      0.39680148
      94      0.39265966
      95      0.38861344
      96      0.38466515
      97      0.38070353
      98      0.37695026
      99      0.37322631
     100      0.36932699
     101      0.36552038
     102      0.36190667
     103      0.35827841
     104      0.35454994
     105      0.35098462
     106      0.34757835
     107      0.34418181
     108      0.34079499
     109      0.33754373
     110      0.33423049
     111      0.33080207
     112      0.32744056
     113      0.32412891
     114      0.32087367
     115      0.31767543
     116      0.31469292
     117      0.31175932
     118      0.30872272
     119      0.30568763
     120      0.30257820
     121      0.29940447
     122      0.29646711
     123      0.29356561
     124      0.29054972
     125      0.28757132
     126      0.28461405
     127      0.28176601
     128      0.27905518
     129      0.27637558
     130      0.27364184
     131      0.27095248
     132      0.26832624
     133      0.26579524
     134      0.26327810
     135      0.26065005
     136      0.25804167
     137      0.25558172
     138      0.25303532
     139      0.25045899
     140      0.24792075
     141      0.24526484
     142      0.24267269
     143      0.24024282
     144      0.23796383
     145      0.23575801
     146      0.23354838
     147      0.23125378
     148      0.22884454
     149      0.22664212
     150      0.22452927
     151      0.22232532
     152      0.22012034
     153      0.21785330
     154      0.21571587
     155      0.21376364
     156      0.21185450
     157      0.20987220
     158      0.20797730
     159      0.20607958
     160      0.20401928
     161      0.20193446
     162      0.19987288
     163      0.19797893
     164      0.19607373
     165      0.19400257
     166      0.19207737
     167      0.19028952
     168      0.18861510
     169      0.18685683
     170      0.18484376
     171      0.18272616
     172      0.18072916
     173      0.17889629
     174      0.17714134
     175      0.17542337
     176      0.17357980
     177      0.17178276
     178      0.17012296
     179      0.16848322
     180      0.16679247
     181      0.16507182
     182      0.16348057
     183      0.16188923
     184      0.16023975
     185      0.15867658
     186      0.15704697
     187      0.15542484
     188      0.15400153
     189      0.15248427
     190      0.15091900
     191      0.14949294
     192      0.14810586
     193      0.14670373
     194      0.14514597
     195      0.14363577
     196      0.14220392
     197      0.14059615
     198      0.13907702
     199      0.13778779
     200      0.13641311
     201      0.13489673
     202      0.13347322
     203      0.13212464
     204      0.13072827
     205      0.12953660
     206      0.12842260
     207      0.12717057
     208      0.12588133
     209      0.12455342
     210      0.12328928
     211      0.12207305
     212      0.12079176
     213      0.11941332
     214      0.11810578
     215      0.11681684
     216      0.11559976
     217      0.11448090
     218      0.11341715
     219      0.11234407
     220      0.11122640
     221      0.11006154
     222      0.10885238
     223      0.10786258
     224      0.10686809
     225      0.10577228
     226      0.10473361
     227      0.10365106
     228      0.10241050
     229      0.10124513
     230      0.10025940
     231      0.09925472
     232      0.09822558
     233      0.09723555
     234      0.09617869
     235      0.09512016
     236      0.09423600
     237      0.09322660
     238      0.09229303
     239      0.09160387
     240      0.09082823
     241      0.08988278
     242      0.08906481
     243      0.08821495
     244      0.08718130
     245      0.08632382
     246      0.08554448
     247      0.08470734
     248      0.08389947
     249      0.08294038
     250      0.08196304
     251      0.08109092
     252      0.08014930
     253      0.07941673
     254      0.07862315
     255      0.07769716
     256      0.07694401
     257      0.07631052
     258      0.07572868
     259      0.07516054
     260      0.07440470
     261      0.07360378
     262      0.07289270
     263      0.07221285
     264      0.07158367
     265      0.07089350
     266      0.07012284
     267      0.06939268
     268      0.06874422
     269      0.06805042
     270      0.06733938
     271      0.06668247
     272      0.06609000
     273      0.06547371
     274      0.06485506
     275      0.06424087
     276      0.06365724
     277      0.06308406
     278      0.06240515
     279      0.06173638
     280      0.06119877
     281      0.06060305
     282      0.05979847
     283      0.05897950
     284      0.05839565
     285      0.05788882
     286      0.05722254
     287      0.05666433
     288      0.05610841
     289      0.05541441
     290      0.05483165
     291      0.05433883
     292      0.05392802
     293      0.05348293
     294      0.05291127
     295      0.05236473
     296      0.05182040
     297      0.05122338
     298      0.05077463
     299      0.05034067
     300      0.04981108
     301      0.04927732
     302      0.04869916
     303      0.04826839
     304      0.04790923
     305      0.04743777
     306      0.04692399
     307      0.04642561
     308      0.04597748
     309      0.04559916
     310      0.04526964
     311      0.04480970
     312      0.04433675
     313      0.04386760
     314      0.04325770
     315      0.04269655
     316      0.04227960
     317      0.04185802
     318      0.04131780
     319      0.04073253
     320      0.04008274
     321      0.03958789
     322      0.03927645
     323      0.03885138
     324      0.03840324
     325      0.03796850
     326      0.03754942
     327      0.03721062
     328      0.03685515
     329      0.03644207
     330      0.03596721
     331      0.03552984
     332      0.03508520
     333      0.03458975
     334      0.03411363
     335      0.03365261
     336      0.03330353
     337      0.03290892
     338      0.03251287
     339      0.03208284
     340      0.03163024
     341      0.03123807
     342      0.03088659
     343      0.03056030
     344      0.03026331
     345      0.02998687
     346      0.02972944
     347      0.02948488
     348      0.02913110
     349      0.02878838
     350      0.02859398
     351      0.02846552
     352      0.02827767
     353      0.02807243
     354      0.02787471
     355      0.02766772
     356      0.02739758
     357      0.02718701
     358      0.02708307
     359      0.02693047
     360      0.02677783
     361      0.02668465
     362      0.02657018
     363      0.02634538
     364      0.02604884
     365      0.02567217
     366      0.02521156
     367      0.02491775
     368      0.02473580
     369      0.02452139
     370      0.02433764
     371      0.02411710
     372      0.02388485
     373      0.02351046
     374      0.02317184
     375      0.02293082
     376      0.02260320
     377      0.02229249
     378      0.02203167
     379      0.02181166
     380      0.02163739
     381      0.02143234
     382      0.02121095
     383      0.02094924
     384      0.02073597
     385      0.02058810
     386      0.02044666
     387      0.02031166
     388      0.02002562
     389      0.01976373
     390      0.01961389
     391      0.01948322
     392      0.01929936
     393      0.01907219
     394      0.01880400
     395      0.01852187
     396      0.01830923
     397      0.01812121
     398      0.01793986
     399      0.01785276
     400      0.01773882
     401      0.01748388
     402      0.01726417
     403      0.01707495
     404      0.01696372
     405      0.01689241
     406      0.01675615
     407      0.01662519
     408      0.01648922
     409      0.01633607
     410      0.01615684
     411      0.01588096
     412      0.01557193
     413      0.01538035
     414      0.01521377
     415      0.01502589
     416      0.01482639
     417      0.01467954
     418      0.01460164
     419      0.01451727
     420      0.01450203
     421      0.01447745
     422      0.01430655
     423      0.01422833
     424      0.01419629
     425      0.01409480
     426      0.01399660
     427      0.01386755
     428      0.01382766
     429      0.01385266
     430      0.01376875
     431      0.01361172
     432      0.01354377
     433      0.01348577
     434      0.01328889
     435      0.01297677
     436      0.01278242
     437      0.01265102
     438      0.01248323
     439      0.01237832
     440      0.01231846
     441      0.01222576
     442      0.01215886
     443      0.01213191
     444      0.01203369
     445      0.01190345
     446      0.01177052
     447      0.01163355
     448      0.01148966
     449      0.01135249
     450      0.01126009
     451      0.01117693
     452      0.01104847
     453      0.01097411
     454      0.01092737
     455      0.01090010
     456      0.01078781
     457      0.01052756
     458      0.01030800
     459      0.01015762
     460      0.01001584
     461      0.00987463
     462      0.00976427
     463      0.00970845
     464      0.00957616
     465      0.00930731
     466      0.00917894
     467      0.00913163
     468      0.00898233
     469      0.00894274
     470      0.00895115
     471      0.00884908
     472      0.00878603
     473      0.00876538
     474      0.00867975
     475      0.00858870
     476      0.00846025
     477      0.00827842
     478      0.00807935
     479      0.00787719
     480      0.00772570
     481      0.00765405
     482      0.00751296
     483      0.00740978
     484      0.00732695
     485      0.00721103
     486      0.00714508
     487      0.00705458
     488      0.00696625
     489      0.00691505
     490      0.00691484
     491      0.00697104
     492      0.00696640
     493      0.00694557
     494      0.00693966
     495      0.00676286
     496      0.00653331
     497      0.00642423
     498      0.00645778
     499      0.00655116
     500      0.00651419
     501      0.00648638
     502      0.00651269
     503      0.00640393
     504      0.00624853
     505      0.00622171
     506      0.00628904
     507      0.00637306
     508      0.00631015
     509      0.00613851
     510      0.00599478
     511      0.00599936
     512      0.00592293
     513      0.00577565
     514      0.00569277
     515      0.00562230
     516      0.00564086
     517      0.00560861
     518      0.00558379
     519      0.00565958
     520      0.00567354
     521      0.00568073
     522      0.00571314
     523      0.00568051
     524      0.00563103
     525      0.00558452
     526      0.00554195
     527      0.00556492
     528      0.00547064
     529      0.00531491
     530      0.00520900
     531      0.00518570
     532      0.00530829
     533      0.00527770
     534      0.00521938
     535      0.00514047
     536      0.00493237
     537      0.00482826
     538      0.00479909
     539      0.00480343
     540      0.00477467
     541      0.00464865
     542      0.00451465
     543      0.00440341
     544      0.00429499
     545      0.00418821
     546      0.00418707
     547      0.00409813
     548      0.00382381
     549      0.00358191
     550      0.00343174
     551      0.00345658
     552      0.00357759
     553      0.00361586
     554      0.00364129
     555      0.00371976
     556      0.00374720
     557      0.00356915
     558      0.00347084
     559      0.00349084
     560      0.00339255
     561      0.00328318
     562      0.00328523
     563      0.00321287
     564      0.00312801
     565      0.00314814
     566      0.00314338
     567      0.00308518
     568      0.00310828
     569      0.00308959
     570      0.00300054
     571      0.00294446
     572      0.00286613
     573      0.00277792
     574      0.00269645
     575      0.00269745
     576      0.00265462
     577      0.00254953
     578      0.00248622
     579      0.00255754
     580      0.00272230
     581      0.00275328
     582      0.00259996
     583      0.00240165
     584      0.00227895
     585      0.00230461
     586      0.00236288
     587      0.00235859
     588      0.00240858
     589      0.00250218
     590      0.00255815
     591      0.00254707
     592      0.00247985
     593      0.00240705
     594      0.00238181
     595      0.00232096
     596      0.00224012
     597      0.00231279
     598      0.00235230
     599      0.00226349
     600      0.00223905
     601      0.00223237
     602      0.00216826
     603      0.00210865
     604      0.00214265
     605      0.00218557
     606      0.00214664
     607      0.00214202
     608      0.00217361
     609      0.00219710
     610      0.00213662
     611      0.00201711
     612      0.00200309
     613      0.00202266
     614      0.00190060
     615      0.00172376
     616      0.00159722
     617      0.00155682
     618      0.00159744
     619      0.00157371
     620      0.00161935
     621      0.00170750
     622      0.00169072
     623      0.00170201
     624      0.00178099
     625      0.00188249
     626      0.00188227
     627      0.00183219
     628      0.00184503
     629      0.00189722
     630      0.00182959
     631      0.00176114
     632      0.00175319
     633      0.00167092
     634      0.00161533
     635      0.00156965
     636      0.00144463
     637      0.00132017
     638      0.00118652
     639      0.00113084
     640      0.00116877
     641      0.00115992
     642      0.00112325
     643      0.00105628
     644      0.00097634
     645      0.00086775
     646      0.00071541
     647      0.00053541
     648      0.00044796
     649      0.00039982
     650      0.00040220
     651      0.00041466
     652      0.00035317
     653      0.00035393
     654      0.00033713
     655      0.00033285
     656      0.00040064
     657      0.00050832
     658      0.00051568
     659      0.00053973
     660      0.00066967
     661      0.00074769
     662      0.00069376
     663      0.00049620
     664      0.00033186
     665      0.00032445
     666      0.00032816
     667      0.00026217
     668      0.00033187
     669      0.00042233
     670      0.00039914
     671      0.00033018
     672      0.00025673
     673      0.00020057
     674      0.00012062
     675      0.00002541
     676      0.00000257
     677      0.00003118
     678      0.00003555
     679      0.00005707
     680      0.00001287
     681     -0.00004175
     682     -0.00001642
     683      0.00010845
     684      0.00022376
     685      0.00027973
     686      0.00027240
     687      0.00025052
     688      0.00031969
     689      0.00029283
     690      0.00023238
     691      0.00023559
     692      0.00024368
     693      0.00019172
     694      0.00007548
     695     -0.00005526
     696     -0.00007084
     697     -0.00014279
     698     -0.00016516
     699     -0.00010364
     700     -0.00009281
     701     -0.00012075
     702     -0.00017784
     703     -0.00018507
     704     -0.00021106
     705     -0.00013568
     706     -0.00004976
     707     -0.00004601
     708     -0.00005918
     709     -0.00003825
     710     -0.00003980
     711     -0.00001292
     712      0.00005979
     713      0.00011280
     714      0.00010183
     715      0.00003913
     716     -0.00004901
     717     -0.00003968
     718     -0.00000193
     719     -0.00004576
     720     -0.00006621
     721     -0.00005684
     722      0.00001146
     723     -0.00005265
     724     -0.00014302
     725     -0.00012786
     726     -0.00021261
     727     -0.00035255
     728     -0.00038504
     729     -0.00044756
     730     -0.00048808
     731     -0.00038773
     732     -0.00036249
     733     -0.00047004
     734     -0.00053802
     735     -0.00053128
     736     -0.00046447
     737     -0.00033414
     738     -0.00029175
     739     -0.00039177
     740     -0.00041859
     741     -0.00048903
     742     -0.00059542
     743     -0.00067658
     744     -0.00077453
     745     -0.00079988
     746     -0.00077245
     747     -0.00074524
     748     -0.00074758
     749     -0.00069565
