       0      0.99695625
       1      0.99569987
       2      0.99324586
       3      0.99061106
       4      0.98780291
       5      0.98521478
       6      0.98283949
       7      0.98047368
       8      0.97796814
       9      0.97526981
      10      0.97257150
      11      0.96991967
      12      0.96737976
      13      0.96508874
      14      0.96273372
      15      0.96026553
      16      0.95785902
      17      0.95550044
      18      0.95311676
      19      0.95087603
      20      0.94856495
      21      0.94612913
      22      0.94378103
      23      0.94157930
      24      0.93945005
      25      0.93716989
      26      0.93489812
      27      0.93257770
      28      0.93023931
      29      0.92804099
      30      0.92580022
      31      0.92347970
      32      0.92127357
      33      0.91918025
      34      0.91696808
      35      0.91465855
      36      0.91234475
      37      0.91008984
      38      0.90797923
      39      0.90589697
      40      0.90385656
      41      0.90171372
      42      0.89952727
      43      0.89740144
      44      0.89527897
      45      0.89305554
      46      0.89070076
      47      0.88841274
      48      0.88620768
      49      0.88396395
      50      0.88166577
      51      0.87943863
      52      0.87728383
      53      0.87500543
      54      0.87266544
      55      0.87038809
      56      0.86817896
      57      0.86607397
      58      0.86398700
      59      0.86188471
      60      0.85982083
      61      0.85765606
      62      0.85544603
      63      0.85336117
      64      0.85130393
      65      0.84921149
      66      0.84703315
      67      0.84481900
      68      0.84261761
      69      0.84051753
      70      0.83837508
      71      0.83615794
      72      0.83414124
      73      0.83204259
      74      0.82991626
      75      0.82806013
      76      0.82609224
      77      0.82389484
      78      0.82200828
      79      0.82030691
      80      0.81823855
      81      0.81616098
      82      0.81425187
      83      0.81230524
      84      0.81013376
      85      0.80790089
      86      0.80589681
      87      0.80384743
      88      0.80189541
      89      0.80008526
      90      0.79808278
      91      0.79604980
      92      0.79407574
      93      0.79200978
      94      0.79007678
      95      0.78825236
      96      0.78633367
      97      0.78439383
      98      0.78241184
      99      0.78045507
     100      0.77858652
     101      0.77667822
     102      0.77478037
     103      0.77287952
     104      0.77081987
     105      0.76870602
     106      0.76665367
     107      0.76463211
     108      0.76276673
     109      0.76098320
     110      0.75919379
     111      0.75741099
     112      0.75556571
     113      0.75366556
     114      0.75175847
     115      0.74986005
     116      0.74794845
     117      0.74616539
     118      0.74440322
     119      0.74256524
     120      0.74060624
     121      0.73871062
     122      0.73693791
     123      0.73519816
     124      0.73341644
     125      0.73142426
     126      0.72955186
     127      0.72779883
     128      0.72603640
     129      0.72448480
     130      0.72291127
     131      0.72116524
     132      0.71941372
     133      0.71759280
     134      0.71581350
     135      0.71409656
     136      0.71220017
     137      0.71025165
     138      0.70847129
     139      0.70666672
     140      0.70481601
     141      0.70294736
     142      0.70111588
     143      0.69948133
     144      0.69778244
     145      0.69605855
     146      0.69429332
     147      0.69242338
     148      0.69066138
     149      0.68888548
     150      0.68696066
     151      0.68508914
     152      0.68339661
     153      0.68183570
     154      0.68028765
     155      0.67866117
     156      0.67703691
     157      0.67541730
     158      0.67372657
     159      0.67199485
     160      0.67031502
     161      0.66876429
     162      0.66712846
     163      0.66549723
     164      0.66393438
     165      0.66225864
     166      0.66060095
     167      0.65898366
     168      0.65746409
     169      0.65581383
     170      0.65400216
     171      0.65240505
     172      0.65092205
     173      0.64942438
     174      0.64782190
     175      0.64616261
     176      0.64455159
     177      0.64295148
     178      0.64130706
     179      0.63975769
     180      0.63819415
     181      0.63653778
     182      0.63493316
     183      0.63327961
     184      0.63172067
     185      0.63014918
     186      0.62867330
     187      0.62715030
     188      0.62561081
     189      0.62421875
     190      0.62280193
     191      0.62134774
     192      0.61989590
     193      0.61852992
     194      0.61712636
     195      0.61570246
     196      0.61428248
     197      0.61282793
     198      0.61132772
     199      0.60988786
     200      0.60829679
     201      0.60662024
     202      0.60508542
     203      0.60357613
     204      0.60220402
     205      0.60082150
     206      0.59938542
     207      0.59787768
     208      0.59632938
     209      0.59497136
     210      0.59365076
     211      0.59223635
     212      0.59075682
     213      0.58924731
     214      0.58776488
     215      0.58648796
     216      0.58529962
     217      0.58392836
     218      0.58239439
     219      0.58085304
     220      0.57941418
     221      0.57787477
     222      0.57635830
     223      0.57499261
     224      0.57344925
     225      0.57187108
     226      0.57038026
     227      0.56885870
     228      0.56745738
     229      0.56611454
     230      0.56472265
     231      0.56339829
     232      0.56201213
     233      0.56053083
     234      0.55924862
     235      0.55792704
     236      0.55655098
     237      0.55525992
     238      0.55387262
     239      0.55247240
     240      0.55110909
     241      0.54975315
     242      0.54838161
     243      0.54704557
     244      0.54574072
     245      0.54442358
     246      0.54302547
     247      0.54156098
     248      0.54019976
     249      0.53892483
     250      0.53757003
     251      0.53616005
     252      0.53470387
     253      0.53325308
     254      0.53197876
     255      0.53085810
     256      0.52967556
     257      0.52831147
     258      0.52697569
     259      0.52558046
     260      0.52409864
     261      0.52266114
     262      0.52126851
     263      0.51989474
     264      0.51860645
     265      0.51741195
     266      0.51618169
     267      0.51491365
     268      0.51362402
     269      0.51223198
     270      0.51085391
     271      0.50949284
     272      0.50811576
     273      0.50686101
     274      0.50563892
     275      0.50434953
     276      0.50307443
     277      0.50180478
     278      0.50059315
     279      0.49954319
     280      0.49848807
     281      0.49734617
     282      0.49624298
     283      0.49511824
     284      0.49401649
     285      0.49296017
     286      0.49186648
     287      0.49064849
     288      0.48929846
     289      0.48805280
     290      0.48692070
     291      0.48575570
     292      0.48456451
     293      0.48336202
     294      0.48213109
     295      0.48088564
     296      0.47960693
     297      0.47823743
     298      0.47688094
     299      0.47567466
     300      0.47446842
     301      0.47331963
     302      0.47223424
     303      0.47107123
     304      0.46987290
     305      0.46863166
     306      0.46741127
     307      0.46615577
     308      0.46487498
     309      0.46375152
     310      0.46263985
     311      0.46146955
     312      0.46043077
     313      0.45945174
     314      0.45836418
     315      0.45727299
     316      0.45628329
     317      0.45518176
     318      0.45391756
     319      0.45268111
     320      0.45158192
     321      0.45046921
     322      0.44927734
     323      0.44812688
     324      0.44710942
     325      0.44602665
     326      0.44482404
     327      0.44359848
     328      0.44235781
     329      0.44128610
     330      0.44024249
     331      0.43914351
     332      0.43801355
     333      0.43686056
     334      0.43578169
     335      0.43470167
     336      0.43355670
     337      0.43243936
     338      0.43125548
     339      0.43003148
     340      0.42891294
     341      0.42781573
     342      0.42675708
     343      0.42562775
     344      0.42445221
     345      0.42346714
     346      0.42242233
     347      0.42132115
     348      0.42023180
     349      0.41911498
     350      0.41815752
     351      0.41721265
     352      0.41616356
     353      0.41515019
     354      0.41408799
     355      0.41305895
     356      0.41216852
     357      0.41130034
     358      0.41043907
     359      0.40955049
     360      0.40858443
     361      0.40757589
     362      0.40661190
     363      0.40567953
     364      0.40476857
     365      0.40381743
     366      0.40286255
     367      0.40187328
     368      0.40095024
     369      0.40002844
     370      0.39899115
     371      0.39801133
     372      0.39713674
     373      0.39630730
     374      0.39543792
     375      0.39453828
     376      0.39354337
     377      0.39252816
     378      0.39148437
     379      0.39045809
     380      0.38943473
     381      0.38851064
     382      0.38762934
     383      0.38665238
     384      0.38567593
     385      0.38475070
     386      0.38397220
     387      0.38318171
     388      0.38221702
     389      0.38112614
     390      0.38020171
     391      0.37937401
     392      0.37841770
     393      0.37746930
     394      0.37648631
     395      0.37539293
     396      0.37428871
     397      0.37330061
     398      0.37238882
     399      0.37142273
     400      0.37051718
     401      0.36964481
     402      0.36867225
     403      0.36769714
     404      0.36669109
     405      0.36579586
     406      0.36494993
     407      0.36405197
     408      0.36319042
     409      0.36229290
     410      0.36142144
     411      0.36059521
     412      0.35977175
     413      0.35893550
     414      0.35809650
     415      0.35726099
     416      0.35641335
     417      0.35548417
     418      0.35450665
     419      0.35369494
     420      0.35284793
     421      0.35194299
     422      0.35117145
     423      0.35038631
     424      0.34961835
     425      0.34878281
     426      0.34791719
     427      0.34712611
     428      0.34637844
     429      0.34553738
     430      0.34472197
     431      0.34386932
     432      0.34286257
     433      0.34187600
     434      0.34100029
     435      0.34009772
     436      0.33911883
     437      0.33819150
     438      0.33745084
     439      0.33682101
     440      0.33599999
     441      0.33517736
     442      0.33434818
     443      0.33344315
     444      0.33268551
     445      0.33187091
     446      0.33100964
     447      0.33019720
     448      0.32942124
     449      0.32868246
     450      0.32786489
     451      0.32697204
     452      0.32615751
     453      0.32551400
     454      0.32474348
     455      0.32385701
     456      0.32306699
     457      0.32226417
     458      0.32148843
     459      0.32077825
     460      0.31997939
     461      0.31913308
     462      0.31830138
     463      0.31757331
     464      0.31673907
     465      0.31581233
     466      0.31500311
     467      0.31422789
     468      0.31340874
     469      0.31253140
     470      0.31167750
     471      0.31093339
     472      0.31027796
     473      0.30953574
     474      0.30863474
     475      0.30772978
     476      0.30687177
     477      0.30605958
     478      0.30522726
     479      0.30437443
     480      0.30360898
     481      0.30287670
     482      0.30209404
     483      0.30131166
     484      0.30053279
     485      0.29966606
     486      0.29884181
     487      0.29813166
     488      0.29742339
     489      0.29672764
     490      0.29598608
     491      0.29518553
     492      0.29433762
     493      0.29346327
     494      0.29267860
     495      0.29192442
     496      0.29114925
     497      0.29040462
     498      0.28975319
     499      0.28917900
     500      0.28866582
     501      0.28805712
     502      0.28725073
     503      0.28649344
     504      0.28581680
     505      0.28512828
     506      0.28445868
     507      0.28385783
     508      0.28322049
     509      0.28250700
     510      0.28173796
     511      0.28102597
     512      0.28036284
     513      0.27979173
     514      0.27928293
     515      0.27854311
     516      0.27777402
     517      0.27709800
     518      0.27638856
     519      0.27575524
     520      0.27515117
     521      0.27446047
     522      0.27382061
     523      0.27326500
     524      0.27273603
     525      0.27213139
     526      0.27148177
     527      0.27086189
     528      0.27023418
     529      0.26963714
     530      0.26899168
     531      0.26828305
     532      0.26760713
     533      0.26686185
     534      0.26615095
     535      0.26546356
     536      0.26471094
     537      0.26399518
     538      0.26325458
     539      0.26259644
     540      0.26202849
     541      0.26137475
     542      0.26068117
     543      0.26005736
     544      0.25943612
     545      0.25872359
     546      0.25794673
     547      0.25722277
     548      0.25667810
     549      0.25617810
     550      0.25556160
     551      0.25493267
     552      0.25436269
     553      0.25370531
     554      0.25309566
     555      0.25247218
     556      0.25172071
     557      0.25096867
     558      0.25028516
     559      0.24968945
     560      0.24906616
     561      0.24842558
     562      0.24771737
     563      0.24699126
     564      0.24634800
     565      0.24576362
     566      0.24516811
     567      0.24453940
     568      0.24394202
     569      0.24331813
     570      0.24274486
     571      0.24225064
     572      0.24165410
     573      0.24102233
     574      0.24052197
     575      0.24003365
     576      0.23944256
     577      0.23883612
     578      0.23824202
     579      0.23775759
     580      0.23728270
     581      0.23673894
     582      0.23621747
     583      0.23570752
     584      0.23513008
     585      0.23454291
     586      0.23401220
     587      0.23356037
     588      0.23302969
     589      0.23238905
     590      0.23183263
     591      0.23120760
     592      0.23046444
     593      0.22976070
     594      0.22912502
     595      0.22859946
     596      0.22815454
     597      0.22764356
     598      0.22711258
     599      0.22656475
     600      0.22591165
     601      0.22519707
     602      0.22448357
     603      0.22383719
     604      0.22326881
     605      0.22276867
     606      0.22225914
     607      0.22166072
     608      0.22114880
     609      0.22072331
     610      0.22024903
     611      0.21975131
     612      0.21922529
     613      0.21870730
     614      0.21826775
     615      0.21781997
     616      0.21726311
     617      0.21661598
     618      0.21604235
     619      0.21554874
     620      0.21495782
     621      0.21438511
     622      0.21392441
     623      0.21331047
     624      0.21263840
     625      0.21208473
     626      0.21158198
     627      0.21104483
     628      0.21041699
     629      0.20983837
     630      0.20936570
     631      0.20884217
     632      0.20829697
     633      0.20782138
     634      0.20730857
     635      0.20669583
     636      0.20614418
     637      0.20576103
     638      0.20528688
     639      0.20465845
     640      0.20403269
     641      0.20348401
     642      0.20307315
     643      0.20265961
     644      0.20209683
     645      0.20153523
     646      0.20106701
     647      0.20063381
     648      0.20010926
     649      0.19952848
     650      0.19895931
     651      0.19842990
     652      0.19805157
     653      0.19765312
     654      0.19720799
     655      0.19678039
     656      0.19625185
     657      0.19555648
     658      0.19493480
     659      0.19449731
     660      0.19404826
     661      0.19358660
     662      0.19313695
     663      0.19261411
     664      0.19215632
     665      0.19176631
     666      0.19126580
     667      0.19077771
     668      0.19029946
     669      0.18981915
     670      0.18937884
     671      0.18888124
     672      0.18839185
     673      0.18799935
     674      0.18755603
     675      0.18701541
     676      0.18650562
     677      0.18609265
     678      0.18572356
     679      0.18529606
     680      0.18478550
     681      0.18429778
     682      0.18384934
     683      0.18351687
     684      0.18327434
     685      0.18287511
     686      0.18236167
     687      0.18193542
     688      0.18158607
     689      0.18120891
     690      0.18084098
     691      0.18041331
     692      0.17991513
     693      0.17941103
     694      0.17896579
     695      0.17860269
     696      0.17824480
     697      0.17783113
     698      0.17737395
     699      0.17693348
     700      0.17654366
     701      0.17619556
     702      0.17579081
     703      0.17534744
     704      0.17491565
     705      0.17442950
     706      0.17395666
     707      0.17351984
     708      0.17304453
     709      0.17264100
     710      0.17227093
     711      0.17190846
     712      0.17158356
     713      0.17122020
     714      0.17085064
     715      0.17043656
     716      0.17005066
     717      0.16972166
     718      0.16930548
     719      0.16893545
     720      0.16856232
     721      0.16816197
     722      0.16781616
     723      0.16746817
     724      0.16708207
     725      0.16660181
     726      0.16618670
     727      0.16580162
     728      0.16532640
     729      0.16483219
     730      0.16446543
     731      0.16409560
     732      0.16367597
     733      0.16332200
     734      0.16290999
     735      0.16248724
     736      0.16199190
     737      0.16149320
     738      0.16103792
     739      0.16063853
     740      0.16037312
     741      0.16005748
     742      0.15971977
     743      0.15940401
     744      0.15900413
     745      0.15864490
     746      0.15833710
     747      0.15789362
     748      0.15738714
     749      0.15702322
     750      0.15664465
     751      0.15609455
     752      0.15567029
     753      0.15533394
     754      0.15485492
     755      0.15431613
     756      0.15385705
     757      0.15346334
     758      0.15293042
     759      0.15238457
     760      0.15188664
     761      0.15137089
     762      0.15096944
     763      0.15065656
     764      0.15023213
     765      0.14985555
     766      0.14948229
     767      0.14910521
     768      0.14886287
     769      0.14863156
     770      0.14836657
     771      0.14801113
     772      0.14768173
     773      0.14732624
     774      0.14694932
     775      0.14658595
     776      0.14615658
     777      0.14582299
     778      0.14546430
     779      0.14498000
     780      0.14457096
     781      0.14427062
     782      0.14392093
     783      0.14348034
     784      0.14301925
     785      0.14261052
     786      0.14231187
     787      0.14196376
     788      0.14161712
     789      0.14136171
     790      0.14108955
     791      0.14077202
     792      0.14045634
     793      0.14011347
     794      0.13970086
     795      0.13922591
     796      0.13873708
     797      0.13832518
     798      0.13803589
     799      0.13772912
     800      0.13725152
     801      0.13679295
     802      0.13645165
     803      0.13614542
     804      0.13584485
     805      0.13550896
     806      0.13516134
     807      0.13482286
     808      0.13443617
     809      0.13404472
     810      0.13371149
     811      0.13338030
     812      0.13300282
     813      0.13274978
     814      0.13260366
     815      0.13242023
     816      0.13214075
     817      0.13180807
     818      0.13148709
     819      0.13117945
     820      0.13089966
     821      0.13056717
     822      0.13026387
     823      0.12998475
     824      0.12979537
     825      0.12966085
     826      0.12940021
     827      0.12909084
     828      0.12878416
     829      0.12849855
     830      0.12821638
     831      0.12791722
     832      0.12767264
     833      0.12746290
     834      0.12723135
     835      0.12691138
     836      0.12655555
     837      0.12615589
     838      0.12569780
     839      0.12532737
     840      0.12498723
     841      0.12469316
     842      0.12444762
     843      0.12412619
     844      0.12374114
     845      0.12343107
     846      0.12312057
     847      0.12276004
     848      0.12247978
     849      0.12228253
     850      0.12202758
     851      0.12168736
     852      0.12147448
     853      0.12130463
     854      0.12104759
     855      0.12076849
     856      0.12049126
     857      0.12013769
     858      0.11967595
     859      0.11931635
     860      0.11908457
     861      0.11879525
     862      0.11844340
     863      0.11820043
     864      0.11802574
     865      0.11776077
     866      0.11742174
     867      0.11711745
     868      0.11680169
     869      0.11648913
     870      0.11619513
     871      0.11588445
     872      0.11557827
     873      0.11532451
     874      0.11509287
     875      0.11477021
     876      0.11444576
     877      0.11418409
     878      0.11385764
     879      0.11357213
     880      0.11329869
     881      0.11289412
     882      0.11254252
     883      0.11226099
     884      0.11200902
     885      0.11174192
     886      0.11153035
     887      0.11128019
     888      0.11101066
     889      0.11072088
     890      0.11035863
     891      0.11009511
     892      0.10985712
     893      0.10953597
     894      0.10927775
     895      0.10904778
     896      0.10877781
     897      0.10856385
     898      0.10826073
     899      0.10796809
     900      0.10774552
     901      0.10751386
     902      0.10720526
     903      0.10692856
     904      0.10665544
     905      0.10635310
     906      0.10612397
     907      0.10596425
     908      0.10585206
     909      0.10563606
     910      0.10528175
     911      0.10487652
     912      0.10453038
     913      0.10437057
     914      0.10420909
     915      0.10393006
     916      0.10364980
     917      0.10335076
     918      0.10311891
     919      0.10289767
     920      0.10259905
     921      0.10233609
     922      0.10206562
     923      0.10183025
     924      0.10162238
     925      0.10137833
     926      0.10114227
     927      0.10092398
     928      0.10064373
     929      0.10023648
     930      0.09991543
     931      0.09967941
     932      0.09939326
     933      0.09913046
     934      0.09890612
     935      0.09871127
     936      0.09855234
     937      0.09837814
     938      0.09817521
     939      0.09792134
     940      0.09765595
     941      0.09738076
     942      0.09719065
     943      0.09704673
     944      0.09682646
     945      0.09659128
     946      0.09633447
     947      0.09601004
     948      0.09573028
     949      0.09547524
     950      0.09519086
     951      0.09497325
     952      0.09475032
     953      0.09445134
     954      0.09420374
     955      0.09397059
     956      0.09371461
     957      0.09349820
     958      0.09323930
     959      0.09297348
     960      0.09269703
     961      0.09246077
     962      0.09230705
     963      0.09203591
     964      0.09176198
     965      0.09159392
     966      0.09141330
     967      0.09121152
     968      0.09110626
     969      0.09104445
     970      0.09087303
     971      0.09062187
     972      0.09039152
     973      0.09013895
     974      0.08984939
     975      0.08965845
     976      0.08949431
     977      0.08920355
     978      0.08887096
     979      0.08861776
     980      0.08836828
     981      0.08814847
     982      0.08791280
     983      0.08764656
     984      0.08749863
     985      0.08733508
     986      0.08709651
     987      0.08685526
     988      0.08665547
     989      0.08649005
     990      0.08620210
     991      0.08584917
     992      0.08560372
     993      0.08543141
     994      0.08523098
     995      0.08504215
     996      0.08487902
     997      0.08470578
     998      0.08450424
     999      0.08419593
    1000      0.08395952
    1001      0.08379859
    1002      0.08348177
    1003      0.08322693
    1004      0.08310003
    1005      0.08286989
    1006      0.08258177
    1007      0.08242237
    1008      0.08231957
    1009      0.08212640
    1010      0.08188868
    1011      0.08168021
    1012      0.08142989
    1013      0.08115013
    1014      0.08077673
    1015      0.08045999
    1016      0.08037191
    1017      0.08023957
    1018      0.08005492
    1019      0.07989105
    1020      0.07963189
    1021      0.07934340
    1022      0.07914067
    1023      0.07892391
    1024      0.07868697
    1025      0.07846315
    1026      0.07822213
    1027      0.07796852
    1028      0.07776500
    1029      0.07766052
    1030      0.07748761
    1031      0.07718748
    1032      0.07690673
    1033      0.07671226
    1034      0.07654447
    1035      0.07637701
    1036      0.07625433
    1037      0.07609727
    1038      0.07585298
    1039      0.07560096
    1040      0.07544760
    1041      0.07537066
    1042      0.07522588
    1043      0.07502893
    1044      0.07485491
    1045      0.07467807
    1046      0.07446848
    1047      0.07433378
    1048      0.07424771
    1049      0.07407990
    1050      0.07391512
    1051      0.07376803
    1052      0.07361523
    1053      0.07354302
    1054      0.07339331
    1055      0.07314637
    1056      0.07292487
    1057      0.07270166
    1058      0.07244551
    1059      0.07221014
    1060      0.07200046
    1061      0.07183968
    1062      0.07173515
    1063      0.07155152
    1064      0.07129539
    1065      0.07110672
    1066      0.07093104
    1067      0.07078655
    1068      0.07068543
    1069      0.07056992
    1070      0.07046249
    1071      0.07037131
    1072      0.07027180
    1073      0.07009643
    1074      0.06994554
    1075      0.06981936
    1076      0.06965714
    1077      0.06951481
    1078      0.06936771
    1079      0.06927477
    1080      0.06910517
    1081      0.06889667
    1082      0.06870469
    1083      0.06842837
    1084      0.06825626
    1085      0.06817441
    1086      0.06812623
    1087      0.06807019
    1088      0.06792997
    1089      0.06772192
    1090      0.06748646
    1091      0.06732731
    1092      0.06723491
    1093      0.06705306
    1094      0.06682838
    1095      0.06662732
    1096      0.06641184
    1097      0.06622087
    1098      0.06611065
    1099      0.06601938
    1100      0.06583929
    1101      0.06569524
    1102      0.06551091
    1103      0.06530418
    1104      0.06518113
    1105      0.06507231
    1106      0.06492528
    1107      0.06469618
    1108      0.06450005
    1109      0.06428037
    1110      0.06402144
    1111      0.06381952
    1112      0.06361697
    1113      0.06346184
    1114      0.06331916
    1115      0.06310353
    1116      0.06289231
    1117      0.06268711
    1118      0.06248026
    1119      0.06229159
    1120      0.06207774
    1121      0.06188524
    1122      0.06170110
    1123      0.06144770
    1124      0.06121828
    1125      0.06112541
    1126      0.06105792
    1127      0.06097924
    1128      0.06087618
    1129      0.06073927
    1130      0.06048825
    1131      0.06015120
    1132      0.05993240
    1133      0.05976794
    1134      0.05963353
    1135      0.05951385
    1136      0.05940416
    1137      0.05936825
    1138      0.05932158
    1139      0.05916948
    1140      0.05895510
    1141      0.05875423
    1142      0.05858956
    1143      0.05847320
    1144      0.05835311
    1145      0.05815279
    1146      0.05796486
    1147      0.05781329
    1148      0.05764247
    1149      0.05758364
    1150      0.05751240
    1151      0.05737124
    1152      0.05732401
    1153      0.05722015
    1154      0.05703764
    1155      0.05688281
    1156      0.05672736
    1157      0.05658248
    1158      0.05652099
    1159      0.05648770
    1160      0.05637233
    1161      0.05621330
    1162      0.05610469
    1163      0.05603196
    1164      0.05587375
    1165      0.05568656
    1166      0.05557043
    1167      0.05546097
    1168      0.05525150
    1169      0.05505625
    1170      0.05486099
    1171      0.05468177
    1172      0.05457214
    1173      0.05438386
    1174      0.05414023
    1175      0.05398007
    1176      0.05386935
    1177      0.05371225
    1178      0.05354862
    1179      0.05343971
    1180      0.05327794
    1181      0.05312054
    1182      0.05301638
    1183      0.05288138
    1184      0.05279055
    1185      0.05261504
    1186      0.05246106
    1187      0.05238319
    1188      0.05227019
    1189      0.05217806
    1190      0.05212077
    1191      0.05210451
    1192      0.05198363
    1193      0.05187758
    1194      0.05183120
    1195      0.05173157
    1196      0.05155772
    1197      0.05137520
    1198      0.05125565
    1199      0.05112471
    1200      0.05104103
    1201      0.05093773
    1202      0.05079521
    1203      0.05068462
    1204      0.05054732
    1205      0.05037307
    1206      0.05021630
    1207      0.05009825
    1208      0.05002056
    1209      0.04998229
    1210      0.04993216
    1211      0.04984961
    1212      0.04973651
    1213      0.04959040
    1214      0.04949013
    1215      0.04945853
    1216      0.04937188
    1217      0.04927076
    1218      0.04917177
    1219      0.04902686
    1220      0.04894122
    1221      0.04887416
    1222      0.04878728
    1223      0.04866752
    1224      0.04848859
    1225      0.04834447
    1226      0.04823317
    1227      0.04808215
    1228      0.04786976
    1229      0.04770380
    1230      0.04758046
    1231      0.04742403
    1232      0.04722577
    1233      0.04707191
    1234      0.04697134
    1235      0.04679723
    1236      0.04657670
    1237      0.04639510
    1238      0.04623490
    1239      0.04610236
    1240      0.04600097
    1241      0.04587099
    1242      0.04580999
    1243      0.04577690
    1244      0.04565124
    1245      0.04549624
    1246      0.04539580
    1247      0.04528239
    1248      0.04519933
    1249      0.04514303
    1250      0.04502080
    1251      0.04479359
    1252      0.04457172
    1253      0.04443616
    1254      0.04425414
    1255      0.04416766
    1256      0.04416262
    1257      0.04404372
    1258      0.04390907
    1259      0.04379883
    1260      0.04367484
    1261      0.04358732
    1262      0.04354436
    1263      0.04346573
    1264      0.04340327
    1265      0.04335623
    1266      0.04322522
    1267      0.04311443
    1268      0.04301062
    1269      0.04291157
    1270      0.04287206
    1271      0.04282206
    1272      0.04272371
    1273      0.04264279
    1274      0.04261140
    1275      0.04260069
    1276      0.04256627
    1277      0.04244161
    1278      0.04227202
    1279      0.04213255
    1280      0.04198480
    1281      0.04186896
    1282      0.04178432
    1283      0.04165900
    1284      0.04152360
    1285      0.04142732
    1286      0.04133286
    1287      0.04126327
    1288      0.04119562
    1289      0.04105429
    1290      0.04090251
    1291      0.04082461
    1292      0.04073868
    1293      0.04060275
    1294      0.04052315
    1295      0.04041993
    1296      0.04029358
    1297      0.04020929
    1298      0.04014759
    1299      0.04005227
    1300      0.03994550
    1301      0.03995062
    1302      0.03993280
    1303      0.03983151
    1304      0.03976953
    1305      0.03977730
    1306      0.03969421
    1307      0.03954397
    1308      0.03948045
    1309      0.03939480
    1310      0.03924549
    1311      0.03911238
    1312      0.03898523
    1313      0.03890563
    1314      0.03878890
    1315      0.03870054
    1316      0.03869506
    1317      0.03867080
    1318      0.03864460
    1319      0.03856730
    1320      0.03847011
    1321      0.03837279
    1322      0.03831057
    1323      0.03827733
    1324      0.03824509
    1325      0.03817596
    1326      0.03808071
    1327      0.03795885
    1328      0.03790974
    1329      0.03789959
    1330      0.03779748
    1331      0.03770134
    1332      0.03767959
    1333      0.03761214
    1334      0.03746745
    1335      0.03734336
    1336      0.03728005
    1337      0.03728035
    1338      0.03724850
    1339      0.03713689
    1340      0.03701232
    1341      0.03690086
    1342      0.03686012
    1343      0.03684524
    1344      0.03676331
    1345      0.03667832
    1346      0.03654623
    1347      0.03643311
    1348      0.03633263
    1349      0.03618934
    1350      0.03616590
    1351      0.03618379
    1352      0.03619192
    1353      0.03619101
    1354      0.03613821
    1355      0.03606892
    1356      0.03598027
    1357      0.03589774
    1358      0.03577793
    1359      0.03569074
    1360      0.03567017
    1361      0.03560906
    1362      0.03553437
    1363      0.03548892
    1364      0.03545727
    1365      0.03540201
    1366      0.03535760
    1367      0.03529814
    1368      0.03518421
    1369      0.03511610
    1370      0.03507444
    1371      0.03503779
    1372      0.03499987
    1373      0.03488970
    1374      0.03481266
    1375      0.03471526
    1376      0.03458969
    1377      0.03448262
    1378      0.03437037
    1379      0.03427196
    1380      0.03420578
    1381      0.03413657
    1382      0.03402456
    1383      0.03393089
    1384      0.03391839
    1385      0.03391312
    1386      0.03380747
    1387      0.03373657
    1388      0.03365917
    1389      0.03360488
    1390      0.03359796
    1391      0.03344627
    1392      0.03330473
    1393      0.03320440
    1394      0.03315364
    1395      0.03312343
    1396      0.03301581
    1397      0.03292200
    1398      0.03280685
    1399      0.03271422
    1400      0.03260674
    1401      0.03253119
    1402      0.03241135
    1403      0.03234264
    1404      0.03239186
    1405      0.03233367
    1406      0.03219260
    1407      0.03202667
    1408      0.03191922
    1409      0.03180984
    1410      0.03163558
    1411      0.03151455
    1412      0.03143956
    1413      0.03136071
    1414      0.03127663
    1415      0.03123125
    1416      0.03125147
    1417      0.03118022
    1418      0.03102729
    1419      0.03098430
    1420      0.03098849
    1421      0.03094365
    1422      0.03084462
    1423      0.03068955
    1424      0.03054685
    1425      0.03042561
    1426      0.03031669
    1427      0.03020715
    1428      0.03011825
    1429      0.03005502
    1430      0.02994821
    1431      0.02985396
    1432      0.02984574
    1433      0.02987118
    1434      0.02990636
    1435      0.02985348
    1436      0.02973919
    1437      0.02970190
    1438      0.02967700
    1439      0.02962502
    1440      0.02949162
    1441      0.02937967
    1442      0.02936889
    1443      0.02927052
    1444      0.02914589
    1445      0.02902368
    1446      0.02885259
    1447      0.02878494
    1448      0.02870867
    1449      0.02853744
    1450      0.02841739
    1451      0.02841722
    1452      0.02844693
    1453      0.02838465
    1454      0.02831509
    1455      0.02827209
    1456      0.02826738
    1457      0.02821965
    1458      0.02815679
    1459      0.02811527
    1460      0.02797375
    1461      0.02781029
    1462      0.02781967
    1463      0.02787599
    1464      0.02779586
    1465      0.02775843
    1466      0.02774217
    1467      0.02762195
    1468      0.02752395
    1469      0.02747204
    1470      0.02734820
    1471      0.02721659
    1472      0.02716693
    1473      0.02713108
    1474      0.02704711
    1475      0.02695049
    1476      0.02685477
    1477      0.02673006
    1478      0.02658341
    1479      0.02642305
    1480      0.02633019
    1481      0.02625020
    1482      0.02613928
    1483      0.02605250
    1484      0.02589109
    1485      0.02577752
    1486      0.02578500
    1487      0.02575033
    1488      0.02568763
    1489      0.02562697
    1490      0.02551009
    1491      0.02539867
    1492      0.02540915
    1493      0.02534514
    1494      0.02516794
    1495      0.02511023
    1496      0.02512114
    1497      0.02510926
    1498      0.02506138
    1499      0.02495558
    1500      0.02489489
    1501      0.02485280
    1502      0.02481704
    1503      0.02477248
    1504      0.02474341
    1505      0.02470013
    1506      0.02466790
    1507      0.02473121
    1508      0.02474379
    1509      0.02466657
    1510      0.02455317
    1511      0.02448547
    1512      0.02441292
    1513      0.02439731
    1514      0.02444399
    1515      0.02439249
    1516      0.02435263
    1517      0.02432262
    1518      0.02427144
    1519      0.02421251
    1520      0.02409891
    1521      0.02397803
    1522      0.02392017
    1523      0.02390630
    1524      0.02390262
    1525      0.02389074
    1526      0.02388611
    1527      0.02389595
    1528      0.02394877
    1529      0.02393441
    1530      0.02385957
    1531      0.02376125
    1532      0.02362218
    1533      0.02352219
    1534      0.02344576
    1535      0.02339653
    1536      0.02337089
    1537      0.02335793
    1538      0.02331661
    1539      0.02322363
    1540      0.02308703
    1541      0.02292812
    1542      0.02283412
    1543      0.02281820
    1544      0.02279145
    1545      0.02273818
    1546      0.02258927
    1547      0.02243930
    1548      0.02238333
    1549      0.02238027
    1550      0.02236936
    1551      0.02223930
    1552      0.02204624
    1553      0.02194252
    1554      0.02189941
    1555      0.02184932
    1556      0.02180409
    1557      0.02173472
    1558      0.02163016
    1559      0.02160362
    1560      0.02160906
    1561      0.02151106
    1562      0.02133960
    1563      0.02117814
    1564      0.02105610
    1565      0.02098444
    1566      0.02096663
    1567      0.02097968
    1568      0.02092392
    1569      0.02076239
    1570      0.02059402
    1571      0.02047426
    1572      0.02035897
    1573      0.02031108
    1574      0.02030026
    1575      0.02025279
    1576      0.02016199
    1577      0.02004883
    1578      0.01994176
    1579      0.01982343
    1580      0.01979450
    1581      0.01985120
    1582      0.01987096
    1583      0.01978202
    1584      0.01967896
    1585      0.01958793
    1586      0.01949281
    1587      0.01945094
    1588      0.01942018
    1589      0.01940200
    1590      0.01940126
    1591      0.01940659
    1592      0.01939329
    1593      0.01927955
    1594      0.01918227
    1595      0.01911289
    1596      0.01902809
    1597      0.01892319
    1598      0.01888000
    1599      0.01890935
    1600      0.01885249
    1601      0.01873799
    1602      0.01866755
    1603      0.01866482
    1604      0.01864875
    1605      0.01861963
    1606      0.01856259
    1607      0.01842021
    1608      0.01839096
    1609      0.01842802
    1610      0.01836214
    1611      0.01832501
    1612      0.01833291
    1613      0.01833122
    1614      0.01836183
    1615      0.01834685
    1616      0.01825060
    1617      0.01814421
    1618      0.01809680
    1619      0.01803043
    1620      0.01794340
    1621      0.01795990
    1622      0.01797223
    1623      0.01791094
    1624      0.01780196
    1625      0.01771757
    1626      0.01767475
    1627      0.01767825
    1628      0.01766342
    1629      0.01764433
    1630      0.01762515
    1631      0.01756775
    1632      0.01747355
    1633      0.01743366
    1634      0.01740325
    1635      0.01732815
    1636      0.01718159
    1637      0.01708715
    1638      0.01708199
    1639      0.01704635
    1640      0.01703825
    1641      0.01705416
    1642      0.01707577
    1643      0.01696747
    1644      0.01688265
    1645      0.01690036
    1646      0.01690442
    1647      0.01684753
    1648      0.01675490
    1649      0.01667835
    1650      0.01658186
    1651      0.01649912
    1652      0.01646999
    1653      0.01645656
    1654      0.01641977
    1655      0.01633009
    1656      0.01623678
    1657      0.01624389
    1658      0.01629678
    1659      0.01628216
    1660      0.01621272
    1661      0.01623206
    1662      0.01627903
    1663      0.01625236
    1664      0.01625846
    1665      0.01625991
    1666      0.01615709
    1667      0.01614918
    1668      0.01625461
    1669      0.01623036
    1670      0.01610150
    1671      0.01600681
    1672      0.01600943
    1673      0.01606560
    1674      0.01609937
    1675      0.01607059
    1676      0.01606110
    1677      0.01601925
    1678      0.01602099
    1679      0.01602054
    1680      0.01590456
    1681      0.01581807
    1682      0.01571977
    1683      0.01566800
    1684      0.01566084
    1685      0.01563888
    1686      0.01559800
    1687      0.01548932
    1688      0.01537855
    1689      0.01527011
    1690      0.01522915
    1691      0.01522619
    1692      0.01524111
    1693      0.01522557
    1694      0.01511695
    1695      0.01514421
    1696      0.01522516
    1697      0.01525857
    1698      0.01529218
    1699      0.01526276
    1700      0.01518337
    1701      0.01514424
    1702      0.01507189
    1703      0.01502100
    1704      0.01505597
    1705      0.01508375
    1706      0.01515627
    1707      0.01523633
    1708      0.01523889
    1709      0.01518571
    1710      0.01515823
    1711      0.01512652
    1712      0.01506743
    1713      0.01503140
    1714      0.01501368
    1715      0.01486587
    1716      0.01476850
    1717      0.01475853
    1718      0.01477743
    1719      0.01478778
    1720      0.01459075
    1721      0.01446787
    1722      0.01444678
    1723      0.01438734
    1724      0.01434075
    1725      0.01438436
    1726      0.01445471
    1727      0.01451756
    1728      0.01463220
    1729      0.01463302
    1730      0.01450395
    1731      0.01438412
    1732      0.01430533
    1733      0.01424546
    1734      0.01418095
    1735      0.01409975
    1736      0.01398709
    1737      0.01390732
    1738      0.01389350
    1739      0.01383876
    1740      0.01378582
    1741      0.01382138
    1742      0.01393118
    1743      0.01402100
    1744      0.01396591
    1745      0.01392242
    1746      0.01386767
    1747      0.01381957
    1748      0.01378751
    1749      0.01379223
    1750      0.01380822
    1751      0.01373586
    1752      0.01369812
    1753      0.01370101
    1754      0.01372883
    1755      0.01370468
    1756      0.01372798
    1757      0.01378929
    1758      0.01378194
    1759      0.01376102
    1760      0.01375271
    1761      0.01373259
    1762      0.01372151
    1763      0.01364569
    1764      0.01351323
    1765      0.01347277
    1766      0.01341876
    1767      0.01328888
    1768      0.01321310
    1769      0.01320661
    1770      0.01322219
    1771      0.01317196
    1772      0.01309529
    1773      0.01303789
    1774      0.01302257
    1775      0.01298108
    1776      0.01290666
    1777      0.01291278
    1778      0.01290054
    1779      0.01284270
    1780      0.01283387
    1781      0.01284696
    1782      0.01284973
    1783      0.01281432
    1784      0.01279356
    1785      0.01276791
    1786      0.01263174
    1787      0.01254773
    1788      0.01254808
    1789      0.01251433
    1790      0.01250184
    1791      0.01256701
    1792      0.01263590
    1793      0.01269448
    1794      0.01273357
    1795      0.01271701
    1796      0.01272747
    1797      0.01270524
    1798      0.01262781
    1799      0.01259195
    1800      0.01259504
    1801      0.01257984
    1802      0.01253419
    1803      0.01248416
    1804      0.01241215
    1805      0.01236174
    1806      0.01233344
    1807      0.01238156
    1808      0.01244315
    1809      0.01244587
    1810      0.01245731
    1811      0.01248771
    1812      0.01244447
    1813      0.01237749
    1814      0.01235139
    1815      0.01228212
    1816      0.01215968
    1817      0.01207272
    1818      0.01203124
    1819      0.01200763
    1820      0.01194644
    1821      0.01192866
    1822      0.01188682
    1823      0.01183723
    1824      0.01183455
    1825      0.01179867
    1826      0.01177291
    1827      0.01175974
    1828      0.01177036
    1829      0.01178348
    1830      0.01177008
    1831      0.01166532
    1832      0.01148858
    1833      0.01132431
    1834      0.01121210
    1835      0.01118950
    1836      0.01119463
    1837      0.01114997
    1838      0.01110994
    1839      0.01110817
    1840      0.01108800
    1841      0.01104446
    1842      0.01108092
    1843      0.01111526
    1844      0.01108907
    1845      0.01102482
    1846      0.01092440
    1847      0.01079177
    1848      0.01075030
    1849      0.01078921
    1850      0.01072717
    1851      0.01063982
    1852      0.01060167
    1853      0.01050943
    1854      0.01039892
    1855      0.01033311
    1856      0.01032763
    1857      0.01036312
    1858      0.01039327
    1859      0.01037601
    1860      0.01030310
    1861      0.01018925
    1862      0.01013992
    1863      0.01018147
    1864      0.01017700
    1865      0.01010360
    1866      0.00997433
    1867      0.00992773
    1868      0.00994725
    1869      0.00989926
    1870      0.00990080
    1871      0.00993287
    1872      0.00982979
    1873      0.00968198
    1874      0.00963570
    1875      0.00971907
    1876      0.00976894
    1877      0.00976618
    1878      0.00975052
    1879      0.00973421
    1880      0.00972454
    1881      0.00970224
    1882      0.00968978
    1883      0.00972062
    1884      0.00977182
    1885      0.00978268
    1886      0.00971724
    1887      0.00958284
    1888      0.00948161
    1889      0.00944213
    1890      0.00938043
    1891      0.00928103
    1892      0.00919254
    1893      0.00913052
    1894      0.00913646
    1895      0.00914848
    1896      0.00915761
    1897      0.00912335
    1898      0.00908534
    1899      0.00904991
    1900      0.00902744
    1901      0.00897686
    1902      0.00885985
    1903      0.00880051
    1904      0.00881602
    1905      0.00885225
    1906      0.00888432
    1907      0.00884172
    1908      0.00885032
    1909      0.00892430
    1910      0.00893804
    1911      0.00895742
    1912      0.00896183
    1913      0.00895778
    1914      0.00890830
    1915      0.00884724
    1916      0.00879697
    1917      0.00873954
    1918      0.00865457
    1919      0.00852546
    1920      0.00840009
    1921      0.00832884
    1922      0.00828292
    1923      0.00823846
    1924      0.00819665
    1925      0.00818438
    1926      0.00814880
    1927      0.00803426
    1928      0.00794605
    1929      0.00792865
    1930      0.00795928
    1931      0.00801474
    1932      0.00806620
    1933      0.00810351
    1934      0.00819337
    1935      0.00825385
    1936      0.00824944
    1937      0.00819744
    1938      0.00809120
    1939      0.00802740
    1940      0.00792615
    1941      0.00786244
    1942      0.00783093
    1943      0.00778808
    1944      0.00778889
    1945      0.00780344
    1946      0.00775791
    1947      0.00763528
    1948      0.00758165
    1949      0.00757867
    1950      0.00749869
    1951      0.00746283
    1952      0.00745926
    1953      0.00747247
    1954      0.00751295
    1955      0.00751684
    1956      0.00751926
    1957      0.00747876
    1958      0.00743085
    1959      0.00737877
    1960      0.00738988
    1961      0.00735746
    1962      0.00729111
    1963      0.00726805
    1964      0.00718132
    1965      0.00713923
    1966      0.00711302
    1967      0.00717166
    1968      0.00728099
    1969      0.00729341
    1970      0.00723044
    1971      0.00714688
    1972      0.00708342
    1973      0.00706159
    1974      0.00701036
    1975      0.00690956
    1976      0.00680556
    1977      0.00675012
    1978      0.00672909
    1979      0.00671221
    1980      0.00672064
    1981      0.00676787
    1982      0.00683849
    1983      0.00685640
    1984      0.00683508
    1985      0.00675063
    1986      0.00669494
    1987      0.00671499
    1988      0.00669346
    1989      0.00661736
    1990      0.00659481
    1991      0.00657873
    1992      0.00649642
    1993      0.00646883
    1994      0.00649946
    1995      0.00649657
    1996      0.00652814
    1997      0.00662544
    1998      0.00671500
    1999      0.00673407
    2000      0.00668929
    2001      0.00663579
    2002      0.00662740
    2003      0.00668910
    2004      0.00678168
    2005      0.00680285
    2006      0.00680258
    2007      0.00681725
    2008      0.00675714
    2009      0.00662414
    2010      0.00654666
    2011      0.00653193
    2012      0.00651708
    2013      0.00651530
    2014      0.00642969
    2015      0.00639064
    2016      0.00635098
    2017      0.00619005
    2018      0.00609151
    2019      0.00610032
    2020      0.00608629
    2021      0.00603717
    2022      0.00600018
    2023      0.00596870
    2024      0.00590427
    2025      0.00588453
    2026      0.00595312
    2027      0.00598241
    2028      0.00592924
    2029      0.00595532
    2030      0.00602856
    2031      0.00600226
    2032      0.00590016
    2033      0.00581210
    2034      0.00581442
    2035      0.00576883
    2036      0.00575225
    2037      0.00576601
    2038      0.00578073
    2039      0.00578255
    2040      0.00570301
    2041      0.00564099
    2042      0.00565386
    2043      0.00566610
    2044      0.00567312
    2045      0.00568511
    2046      0.00563631
    2047      0.00551409
    2048      0.00544477
    2049      0.00540257
    2050      0.00531227
    2051      0.00519415
    2052      0.00514699
    2053      0.00518546
    2054      0.00515573
    2055      0.00518381
    2056      0.00517496
    2057      0.00504919
    2058      0.00497673
    2059      0.00498500
    2060      0.00501230
    2061      0.00503884
    2062      0.00503546
    2063      0.00497964
    2064      0.00495641
    2065      0.00494928
    2066      0.00494711
    2067      0.00491470
    2068      0.00492978
    2069      0.00502270
    2070      0.00508938
    2071      0.00509074
    2072      0.00506657
    2073      0.00512484
    2074      0.00511407
    2075      0.00505325
    2076      0.00500636
    2077      0.00495550
    2078      0.00491693
    2079      0.00487870
    2080      0.00484163
    2081      0.00474388
    2082      0.00465716
    2083      0.00460668
    2084      0.00456140
    2085      0.00457157
    2086      0.00456607
    2087      0.00462443
    2088      0.00470142
    2089      0.00467970
    2090      0.00470734
    2091      0.00471753
    2092      0.00459902
    2093      0.00454741
    2094      0.00458756
    2095      0.00459656
    2096      0.00456427
    2097      0.00453142
    2098      0.00444961
    2099      0.00436377
    2100      0.00433507
    2101      0.00432013
    2102      0.00424942
    2103      0.00418260
    2104      0.00415329
    2105      0.00411914
    2106      0.00406885
    2107      0.00402519
    2108      0.00407952
    2109      0.00411658
    2110      0.00417516
    2111      0.00422043
    2112      0.00419787
    2113      0.00421527
    2114      0.00415542
    2115      0.00404489
    2116      0.00397839
    2117      0.00392620
    2118      0.00392332
    2119      0.00392016
    2120      0.00389061
    2121      0.00385788
    2122      0.00389823
    2123      0.00398661
    2124      0.00399966
    2125      0.00400238
    2126      0.00401471
    2127      0.00395799
    2128      0.00392213
    2129      0.00396639
    2130      0.00396561
    2131      0.00404420
    2132      0.00416744
    2133      0.00419073
    2134      0.00417296
    2135      0.00414757
    2136      0.00413899
    2137      0.00415190
    2138      0.00411797
    2139      0.00400476
    2140      0.00392822
    2141      0.00392035
    2142      0.00391749
    2143      0.00387065
    2144      0.00387369
    2145      0.00389742
    2146      0.00390123
    2147      0.00385368
    2148      0.00381138
    2149      0.00383919
    2150      0.00379600
    2151      0.00373957
    2152      0.00380185
    2153      0.00388433
    2154      0.00392121
    2155      0.00384208
    2156      0.00371659
    2157      0.00368761
    2158      0.00366601
    2159      0.00365330
    2160      0.00364427
    2161      0.00361778
    2162      0.00359839
    2163      0.00357687
    2164      0.00349050
    2165      0.00337787
    2166      0.00331944
    2167      0.00331017
    2168      0.00336085
    2169      0.00338663
    2170      0.00337195
    2171      0.00336669
    2172      0.00339967
    2173      0.00335891
    2174      0.00325607
    2175      0.00323528
    2176      0.00324678
    2177      0.00318234
    2178      0.00307891
    2179      0.00309227
    2180      0.00316955
    2181      0.00322288
    2182      0.00329713
    2183      0.00337664
    2184      0.00346967
    2185      0.00348489
    2186      0.00337897
    2187      0.00327077
    2188      0.00319189
    2189      0.00312031
    2190      0.00306191
    2191      0.00303427
    2192      0.00303516
    2193      0.00295618
    2194      0.00284576
    2195      0.00284657
    2196      0.00286985
    2197      0.00290005
    2198      0.00290623
    2199      0.00282009
    2200      0.00269449
    2201      0.00259927
    2202      0.00262210
    2203      0.00260825
    2204      0.00253822
    2205      0.00254384
    2206      0.00265140
    2207      0.00272154
    2208      0.00275533
    2209      0.00282659
    2210      0.00282005
    2211      0.00278698
    2212      0.00275366
    2213      0.00273822
    2214      0.00276752
    2215      0.00280138
    2216      0.00283026
    2217      0.00281183
    2218      0.00280058
    2219      0.00286808
    2220      0.00292868
    2221      0.00301253
    2222      0.00304837
    2223      0.00293401
    2224      0.00284058
    2225      0.00290017
    2226      0.00299452
    2227      0.00299248
    2228      0.00291565
    2229      0.00283841
    2230      0.00284421
    2231      0.00286701
    2232      0.00292282
    2233      0.00299266
    2234      0.00300465
    2235      0.00297833
    2236      0.00291659
    2237      0.00290046
    2238      0.00289965
    2239      0.00287239
    2240      0.00286151
    2241      0.00289723
    2242      0.00291622
    2243      0.00294682
    2244      0.00304338
    2245      0.00310412
    2246      0.00314973
    2247      0.00318732
    2248      0.00319544
    2249      0.00319804
    2250      0.00315125
    2251      0.00312491
    2252      0.00314132
    2253      0.00312742
    2254      0.00309871
    2255      0.00307342
    2256      0.00304995
    2257      0.00307542
    2258      0.00313504
    2259      0.00315989
    2260      0.00312800
    2261      0.00310861
    2262      0.00310876
    2263      0.00308843
    2264      0.00304627
    2265      0.00297532
    2266      0.00289802
    2267      0.00281747
    2268      0.00273296
    2269      0.00267092
    2270      0.00263850
    2271      0.00262669
    2272      0.00261496
    2273      0.00266522
    2274      0.00273916
    2275      0.00274712
    2276      0.00268155
    2277      0.00264898
    2278      0.00270098
    2279      0.00268929
    2280      0.00270597
    2281      0.00275629
    2282      0.00272225
    2283      0.00267177
    2284      0.00267397
    2285      0.00271354
    2286      0.00270820
    2287      0.00273916
    2288      0.00282885
    2289      0.00281847
    2290      0.00275976
    2291      0.00283453
    2292      0.00282374
    2293      0.00276974
    2294      0.00275314
    2295      0.00273198
    2296      0.00278498
    2297      0.00281303
    2298      0.00285262
    2299      0.00289682
    2300      0.00294933
    2301      0.00298984
    2302      0.00298755
    2303      0.00295954
    2304      0.00296147
    2305      0.00302053
    2306      0.00309350
    2307      0.00312034
    2308      0.00309541
    2309      0.00304405
    2310      0.00302541
    2311      0.00298221
    2312      0.00293164
    2313      0.00295370
    2314      0.00300873
    2315      0.00298896
    2316      0.00292458
    2317      0.00284963
    2318      0.00275021
    2319      0.00269522
    2320      0.00267730
    2321      0.00268760
    2322      0.00269231
    2323      0.00266843
    2324      0.00262082
    2325      0.00259768
    2326      0.00263851
    2327      0.00268569
    2328      0.00270401
    2329      0.00264109
    2330      0.00254478
    2331      0.00251505
    2332      0.00253635
    2333      0.00259654
    2334      0.00261216
    2335      0.00255305
    2336      0.00248461
    2337      0.00247500
    2338      0.00251050
    2339      0.00251804
    2340      0.00253610
    2341      0.00252702
    2342      0.00248030
    2343      0.00251529
    2344      0.00257586
    2345      0.00255912
    2346      0.00255841
    2347      0.00255498
    2348      0.00253471
    2349      0.00255550
    2350      0.00259449
    2351      0.00263152
    2352      0.00260589
    2353      0.00251990
    2354      0.00244555
    2355      0.00246190
    2356      0.00249814
    2357      0.00247256
    2358      0.00234730
    2359      0.00218525
    2360      0.00216188
    2361      0.00218804
    2362      0.00219858
    2363      0.00221254
    2364      0.00218709
    2365      0.00217225
    2366      0.00206822
    2367      0.00202117
    2368      0.00212837
    2369      0.00220654
    2370      0.00227656
    2371      0.00232599
    2372      0.00233707
    2373      0.00237380
    2374      0.00237636
    2375      0.00238742
    2376      0.00254933
    2377      0.00259670
    2378      0.00259512
    2379      0.00265869
    2380      0.00267141
    2381      0.00271906
    2382      0.00277018
    2383      0.00281852
    2384      0.00291223
    2385      0.00300949
    2386      0.00302966
    2387      0.00301554
    2388      0.00304981
    2389      0.00310912
    2390      0.00305697
    2391      0.00302040
    2392      0.00305490
    2393      0.00303563
    2394      0.00298070
    2395      0.00290367
    2396      0.00293965
    2397      0.00303263
    2398      0.00306141
    2399      0.00304209
    2400      0.00298702
    2401      0.00292128
    2402      0.00283955
    2403      0.00278326
    2404      0.00274783
    2405      0.00274981
    2406      0.00282240
    2407      0.00289754
    2408      0.00293539
    2409      0.00298180
    2410      0.00302217
    2411      0.00307348
    2412      0.00314708
    2413      0.00316892
    2414      0.00318113
    2415      0.00322529
    2416      0.00323793
    2417      0.00324141
    2418      0.00323241
    2419      0.00319854
    2420      0.00320724
    2421      0.00310199
    2422      0.00295034
    2423      0.00294757
    2424      0.00298582
    2425      0.00294194
    2426      0.00290736
    2427      0.00288375
    2428      0.00282492
    2429      0.00281452
    2430      0.00285332
    2431      0.00294862
    2432      0.00301312
    2433      0.00304071
    2434      0.00306169
    2435      0.00296571
    2436      0.00290189
    2437      0.00284074
    2438      0.00275221
    2439      0.00275770
    2440      0.00272641
    2441      0.00273363
    2442      0.00283272
    2443      0.00287447
    2444      0.00287408
    2445      0.00285685
    2446      0.00282540
    2447      0.00282058
    2448      0.00279850
    2449      0.00272747
    2450      0.00261876
    2451      0.00252769
    2452      0.00245137
    2453      0.00241281
    2454      0.00236363
    2455      0.00232552
    2456      0.00226844
    2457      0.00216233
    2458      0.00211139
    2459      0.00213426
    2460      0.00215002
    2461      0.00211714
    2462      0.00212493
    2463      0.00215922
    2464      0.00220393
    2465      0.00227084
    2466      0.00230947
    2467      0.00227279
    2468      0.00225373
    2469      0.00228643
    2470      0.00229673
    2471      0.00225519
    2472      0.00214325
    2473      0.00207724
    2474      0.00211740
    2475      0.00219557
    2476      0.00224809
    2477      0.00227218
    2478      0.00225349
    2479      0.00230234
    2480      0.00237391
    2481      0.00242147
    2482      0.00251560
    2483      0.00248243
    2484      0.00243050
    2485      0.00239725
    2486      0.00234475
    2487      0.00228460
    2488      0.00224069
    2489      0.00220005
    2490      0.00215524
    2491      0.00208427
    2492      0.00200713
    2493      0.00197936
    2494      0.00194229
    2495      0.00193381
    2496      0.00191600
    2497      0.00184965
    2498      0.00183819
    2499      0.00184540
    2500      0.00184584
    2501      0.00182507
    2502      0.00178568
    2503      0.00180915
    2504      0.00183993
    2505      0.00188424
    2506      0.00190208
    2507      0.00187091
    2508      0.00184303
    2509      0.00178624
    2510      0.00178406
    2511      0.00180651
    2512      0.00181437
    2513      0.00179105
    2514      0.00181328
    2515      0.00187692
    2516      0.00189562
    2517      0.00190324
    2518      0.00179966
    2519      0.00169076
    2520      0.00167391
    2521      0.00167585
    2522      0.00165046
    2523      0.00160874
    2524      0.00154189
    2525      0.00148251
    2526      0.00146948
    2527      0.00145880
    2528      0.00145471
    2529      0.00142871
    2530      0.00135235
    2531      0.00125255
    2532      0.00130605
    2533      0.00140246
    2534      0.00137068
    2535      0.00137628
    2536      0.00142848
    2537      0.00141326
    2538      0.00142212
    2539      0.00144821
    2540      0.00140479
    2541      0.00141551
    2542      0.00152121
    2543      0.00160792
    2544      0.00163963
    2545      0.00165697
    2546      0.00158976
    2547      0.00154031
    2548      0.00159465
    2549      0.00160165
    2550      0.00160995
    2551      0.00167135
    2552      0.00172722
    2553      0.00174151
    2554      0.00179368
    2555      0.00184177
    2556      0.00181704
    2557      0.00182502
    2558      0.00175228
    2559      0.00167798
    2560      0.00167650
    2561      0.00161948
    2562      0.00151178
    2563      0.00144967
    2564      0.00150077
    2565      0.00147736
    2566      0.00141216
    2567      0.00150093
    2568      0.00147930
    2569      0.00139093
    2570      0.00139732
    2571      0.00135200
    2572      0.00130751
    2573      0.00128143
    2574      0.00123751
    2575      0.00120671
    2576      0.00118727
    2577      0.00117854
    2578      0.00116531
    2579      0.00117231
    2580      0.00119250
    2581      0.00116569
    2582      0.00116909
    2583      0.00119013
    2584      0.00113376
    2585      0.00108523
    2586      0.00113773
    2587      0.00114508
    2588      0.00107022
    2589      0.00099160
    2590      0.00091087
    2591      0.00086068
    2592      0.00077539
    2593      0.00068945
    2594      0.00065696
    2595      0.00063001
    2596      0.00061048
    2597      0.00060494
    2598      0.00062981
    2599      0.00066378
    2600      0.00065122
    2601      0.00062418
    2602      0.00059804
    2603      0.00055113
    2604      0.00047481
    2605      0.00045682
    2606      0.00050505
    2607      0.00044714
    2608      0.00038002
    2609      0.00031245
    2610      0.00024602
    2611      0.00022032
    2612      0.00022408
    2613      0.00025208
    2614      0.00020019
    2615      0.00020107
    2616      0.00024020
    2617      0.00019824
    2618      0.00021619
    2619      0.00026397
    2620      0.00025856
    2621      0.00031042
    2622      0.00039238
    2623      0.00043499
    2624      0.00050988
    2625      0.00051071
    2626      0.00055511
    2627      0.00059856
    2628      0.00055600
    2629      0.00063251
    2630      0.00069814
    2631      0.00072268
    2632      0.00073153
    2633      0.00069401
    2634      0.00069720
    2635      0.00072374
    2636      0.00068504
    2637      0.00067149
    2638      0.00070233
    2639      0.00069226
    2640      0.00063221
    2641      0.00058480
    2642      0.00057458
    2643      0.00061508
    2644      0.00065561
    2645      0.00061642
    2646      0.00057112
    2647      0.00045172
    2648      0.00031638
    2649      0.00025754
    2650      0.00024890
    2651      0.00030339
    2652      0.00039323
    2653      0.00043780
    2654      0.00047637
    2655      0.00042982
    2656      0.00029729
    2657      0.00028585
    2658      0.00031231
    2659      0.00034782
    2660      0.00038409
    2661      0.00041149
    2662      0.00048031
    2663      0.00047607
    2664      0.00037345
    2665      0.00033493
    2666      0.00035015
    2667      0.00032547
    2668      0.00025089
    2669      0.00018052
    2670      0.00019991
    2671      0.00024978
    2672      0.00019523
    2673      0.00009287
    2674      0.00007224
    2675      0.00013018
    2676      0.00005333
    2677     -0.00008231
    2678     -0.00008195
    2679      0.00002647
    2680      0.00007198
    2681      0.00006154
    2682      0.00012915
    2683      0.00020601
    2684      0.00022163
    2685      0.00019168
    2686      0.00019365
    2687      0.00019338
    2688      0.00013601
    2689      0.00005448
    2690      0.00000406
    2691      0.00003177
    2692      0.00010980
    2693      0.00011614
    2694      0.00011823
    2695      0.00007122
    2696     -0.00003874
    2697     -0.00004702
    2698     -0.00002998
    2699     -0.00003377
    2700     -0.00006717
    2701     -0.00008430
    2702     -0.00002550
    2703      0.00000633
    2704     -0.00003619
    2705     -0.00002588
    2706      0.00002268
    2707      0.00004480
    2708      0.00008431
    2709      0.00010091
    2710      0.00003604
    2711     -0.00010210
    2712     -0.00018281
    2713     -0.00017157
    2714     -0.00018945
    2715     -0.00020880
    2716     -0.00025705
    2717     -0.00036273
    2718     -0.00040747
    2719     -0.00041638
    2720     -0.00040640
    2721     -0.00042314
    2722     -0.00049682
    2723     -0.00053047
    2724     -0.00056010
    2725     -0.00062871
    2726     -0.00060570
    2727     -0.00055063
    2728     -0.00054432
    2729     -0.00048759
    2730     -0.00041347
    2731     -0.00043810
    2732     -0.00046924
    2733     -0.00049369
    2734     -0.00048266
    2735     -0.00045118
    2736     -0.00050411
    2737     -0.00053632
    2738     -0.00048125
    2739     -0.00044903
    2740     -0.00042980
    2741     -0.00038152
    2742     -0.00033512
    2743     -0.00026550
    2744     -0.00029787
    2745     -0.00032740
    2746     -0.00032700
    2747     -0.00041436
    2748     -0.00046539
    2749     -0.00051256
    2750     -0.00055560
    2751     -0.00055840
    2752     -0.00052303
    2753     -0.00047425
    2754     -0.00043739
    2755     -0.00040298
    2756     -0.00044742
    2757     -0.00052577
    2758     -0.00059772
    2759     -0.00056049
    2760     -0.00048041
    2761     -0.00047441
    2762     -0.00038679
    2763     -0.00029959
    2764     -0.00029046
    2765     -0.00024741
    2766     -0.00017128
    2767     -0.00017424
    2768     -0.00015980
    2769     -0.00010066
    2770     -0.00005019
    2771     -0.00000615
    2772     -0.00001713
    2773     -0.00000951
    2774      0.00001561
    2775      0.00007351
    2776      0.00006820
    2777     -0.00002978
    2778     -0.00009502
    2779     -0.00013397
    2780     -0.00015454
    2781     -0.00015071
    2782     -0.00011275
    2783     -0.00012250
    2784     -0.00021638
    2785     -0.00024942
    2786     -0.00025127
    2787     -0.00022903
    2788     -0.00024183
    2789     -0.00032793
    2790     -0.00028719
    2791     -0.00023602
    2792     -0.00025339
    2793     -0.00026756
    2794     -0.00030175
    2795     -0.00029181
    2796     -0.00027300
    2797     -0.00025566
    2798     -0.00023185
    2799     -0.00018353
    2800     -0.00011483
    2801     -0.00012955
    2802     -0.00026435
    2803     -0.00035227
    2804     -0.00028869
    2805     -0.00025433
    2806     -0.00027920
    2807     -0.00029273
    2808     -0.00030294
    2809     -0.00032105
    2810     -0.00030257
    2811     -0.00029722
    2812     -0.00031884
    2813     -0.00036076
    2814     -0.00039159
    2815     -0.00036326
    2816     -0.00031771
    2817     -0.00029214
    2818     -0.00030624
    2819     -0.00028297
    2820     -0.00025704
    2821     -0.00029225
    2822     -0.00029771
    2823     -0.00026652
    2824     -0.00024402
    2825     -0.00025706
    2826     -0.00027810
    2827     -0.00036055
    2828     -0.00039074
    2829     -0.00034531
    2830     -0.00040576
    2831     -0.00047757
    2832     -0.00049471
    2833     -0.00046949
    2834     -0.00037859
    2835     -0.00024690
    2836     -0.00017231
    2837     -0.00019051
    2838     -0.00020219
    2839     -0.00011897
    2840     -0.00005909
    2841     -0.00009160
    2842     -0.00008817
    2843      0.00001455
    2844      0.00006547
    2845      0.00001381
    2846      0.00001068
    2847      0.00004156
    2848      0.00002216
    2849      0.00000539
    2850      0.00007427
    2851      0.00014622
    2852      0.00014794
    2853      0.00009187
    2854      0.00001363
    2855     -0.00008609
    2856     -0.00017780
    2857     -0.00023338
    2858     -0.00020669
    2859     -0.00015186
    2860     -0.00020726
    2861     -0.00024631
    2862     -0.00025067
    2863     -0.00027367
    2864     -0.00030969
    2865     -0.00031323
    2866     -0.00027349
    2867     -0.00026268
    2868     -0.00025795
    2869     -0.00030726
    2870     -0.00036165
    2871     -0.00037389
    2872     -0.00042987
    2873     -0.00047535
    2874     -0.00046264
    2875     -0.00049108
    2876     -0.00055000
    2877     -0.00056885
    2878     -0.00055456
    2879     -0.00045777
    2880     -0.00044113
    2881     -0.00044240
    2882     -0.00041438
    2883     -0.00040573
    2884     -0.00036326
    2885     -0.00027922
    2886     -0.00019216
    2887     -0.00019227
    2888     -0.00019647
    2889     -0.00020977
    2890     -0.00022155
    2891     -0.00022351
    2892     -0.00023159
    2893     -0.00021780
    2894     -0.00019928
    2895     -0.00022415
    2896     -0.00016531
    2897     -0.00008992
    2898     -0.00004809
    2899     -0.00000353
    2900     -0.00000834
    2901     -0.00002304
    2902     -0.00007068
    2903     -0.00007365
    2904     -0.00004176
    2905     -0.00000107
    2906     -0.00003066
    2907     -0.00009372
    2908     -0.00009925
    2909     -0.00004341
    2910      0.00001057
    2911      0.00005204
    2912      0.00009189
    2913      0.00008451
    2914      0.00006220
    2915      0.00002493
    2916      0.00000296
    2917      0.00000073
    2918     -0.00000054
    2919     -0.00001055
    2920      0.00004230
    2921      0.00011067
    2922      0.00019797
    2923      0.00028488
    2924      0.00027759
    2925      0.00030910
    2926      0.00033462
    2927      0.00029572
    2928      0.00026232
    2929      0.00025727
    2930      0.00023756
    2931      0.00019622
    2932      0.00013675
    2933      0.00006254
    2934      0.00000249
    2935      0.00001131
    2936      0.00001214
    2937     -0.00000538
    2938     -0.00000436
    2939     -0.00004842
    2940     -0.00007233
    2941     -0.00010971
    2942     -0.00014752
    2943     -0.00012721
    2944     -0.00008686
    2945     -0.00007900
    2946     -0.00012609
    2947     -0.00016382
    2948     -0.00020361
    2949     -0.00030702
    2950     -0.00039565
    2951     -0.00048596
    2952     -0.00052584
    2953     -0.00050923
    2954     -0.00051243
    2955     -0.00052378
    2956     -0.00055249
    2957     -0.00051734
    2958     -0.00049401
    2959     -0.00053693
    2960     -0.00061341
    2961     -0.00068546
    2962     -0.00068555
    2963     -0.00066455
    2964     -0.00060048
    2965     -0.00052785
    2966     -0.00048008
    2967     -0.00046603
    2968     -0.00048914
    2969     -0.00050210
    2970     -0.00061717
    2971     -0.00075340
    2972     -0.00077684
    2973     -0.00074816
    2974     -0.00076983
    2975     -0.00080016
    2976     -0.00086491
    2977     -0.00092206
    2978     -0.00089456
    2979     -0.00090931
    2980     -0.00095828
    2981     -0.00095737
    2982     -0.00092499
    2983     -0.00089952
    2984     -0.00086513
    2985     -0.00084968
    2986     -0.00084723
    2987     -0.00088484
    2988     -0.00093311
    2989     -0.00090755
    2990     -0.00088206
    2991     -0.00097307
    2992     -0.00106280
    2993     -0.00107575
    2994     -0.00106306
    2995     -0.00098615
    2996     -0.00086640
    2997     -0.00086593
    2998     -0.00100546
    2999     -0.00108094
