       0      1.00166875
       1      0.99681834
       2      0.98683218
       3      0.97693089
       4      0.96732480
       5      0.95788673
       6      0.94859935
       7      0.93919290
       8      0.92993201
       9      0.92085095
      10      0.91157167
      11      0.90250523
      12      0.89347514
      13      0.88439376
      14      0.87571896
      15      0.86722241
      16      0.85861154
      17      0.85020930
      18      0.84179073
      19      0.83324961
      20      0.82488791
      21      0.81639531
      22      0.80800738
      23      0.79988175
      24      0.79199159
      25      0.78415123
      26      0.77638099
      27      0.76869748
      28      0.76101051
      29      0.75348958
      30      0.74592451
      31      0.73853144
      32      0.73145515
      33      0.72442149
      34      0.71742861
      35      0.71046920
      36      0.70345159
      37      0.69656023
      38      0.68970163
      39      0.68267096
      40      0.67571459
      41      0.66893618
      42      0.66222059
      43      0.65561148
      44      0.64911101
      45      0.64277517
      46      0.63648417
      47      0.63023103
      48      0.62398117
      49      0.61790357
      50      0.61203640
      51      0.60610322
      52      0.60030514
      53      0.59454954
      54      0.58869893
      55      0.58279370
      56      0.57661606
      57      0.57060630
      58      0.56509326
      59      0.55959904
      60      0.55406189
      61      0.54858647
      62      0.54320182
      63      0.53788245
      64      0.53245768
      65      0.52709585
      66      0.52188432
      67      0.51675795
      68      0.51159858
      69      0.50651669
      70      0.50165549
      71      0.49674892
      72      0.49172568
      73      0.48665143
      74      0.48157602
      75      0.47656319
      76      0.47176284
      77      0.46703610
      78      0.46227634
      79      0.45757825
      80      0.45305203
      81      0.44857678
      82      0.44402761
      83      0.43945469
      84      0.43489056
      85      0.43028040
      86      0.42575468
      87      0.42143272
      88      0.41704384
      89      0.41264007
      90      0.40839664
      91      0.40413662
      92      0.39992805
      93      0.39597341
      94      0.39209550
      95      0.38812169
      96      0.38398642
      97      0.38008914
      98      0.37659877
      99      0.37316753
     100      0.36945514
     101      0.36553688
     102      0.36161356
     103      0.35783711
     104      0.35431640
     105      0.35081907
     106      0.34719895
     107      0.34362700
     108      0.34009959
     109      0.33660650
     110      0.33326136
     111      0.32991680
     112      0.32666198
     113      0.32346309
     114      0.32011101
     115      0.31683404
     116      0.31373424
     117      0.31059866
     118      0.30749152
     119      0.30456413
     120      0.30161069
     121      0.29862513
     122      0.29558690
     123      0.29243681
     124      0.28955600
     125      0.28671920
     126      0.28385805
     127      0.28105476
     128      0.27821157
     129      0.27546847
     130      0.27271377
     131      0.26987843
     132      0.26705522
     133      0.26431606
     134      0.26175286
     135      0.25924525
     136      0.25677617
     137      0.25434827
     138      0.25180218
     139      0.24921851
     140      0.24659584
     141      0.24409767
     142      0.24162794
     143      0.23907735
     144      0.23657536
     145      0.23432875
     146      0.23210140
     147      0.22983265
     148      0.22769475
     149      0.22562081
     150      0.22358889
     151      0.22139250
     152      0.21919100
     153      0.21709978
     154      0.21509551
     155      0.21317495
     156      0.21123858
     157      0.20918499
     158      0.20696594
     159      0.20485050
     160      0.20283361
     161      0.20075956
     162      0.19874952
     163      0.19678600
     164      0.19486575
     165      0.19305465
     166      0.19122941
     167      0.18937618
     168      0.18765420
     169      0.18589587
     170      0.18391700
     171      0.18201179
     172      0.18029332
     173      0.17851596
     174      0.17665102
     175      0.17483193
     176      0.17315062
     177      0.17142877
     178      0.16964117
     179      0.16791002
     180      0.16617622
     181      0.16446176
     182      0.16282478
     183      0.16116720
     184      0.15949680
     185      0.15778585
     186      0.15600919
     187      0.15430288
     188      0.15278544
     189      0.15131718
     190      0.14977900
     191      0.14829167
     192      0.14688630
     193      0.14548880
     194      0.14393402
     195      0.14241736
     196      0.14097514
     197      0.13956458
     198      0.13831172
     199      0.13700111
     200      0.13557906
     201      0.13429332
     202      0.13302328
     203      0.13169175
     204      0.13037411
     205      0.12916331
     206      0.12806720
     207      0.12683071
     208      0.12547461
     209      0.12414731
     210      0.12288072
     211      0.12167681
     212      0.12038221
     213      0.11914933
     214      0.11811795
     215      0.11699733
     216      0.11582387
     217      0.11465933
     218      0.11334623
     219      0.11193110
     220      0.11062264
     221      0.10952543
     222      0.10849530
     223      0.10740440
     224      0.10640209
     225      0.10545945
     226      0.10434769
     227      0.10312480
     228      0.10205113
     229      0.10118196
     230      0.10030059
     231      0.09922500
     232      0.09807822
     233      0.09700761
     234      0.09614966
     235      0.09534267
     236      0.09443712
     237      0.09350692
     238      0.09246927
     239      0.09152215
     240      0.09073179
     241      0.08986205
     242      0.08885211
     243      0.08796252
     244      0.08704400
     245      0.08606994
     246      0.08521806
     247      0.08431836
     248      0.08347553
     249      0.08260392
     250      0.08174162
     251      0.08105532
     252      0.08030581
     253      0.07948437
     254      0.07856074
     255      0.07772096
     256      0.07695363
     257      0.07609063
     258      0.07540715
     259      0.07476799
     260      0.07401570
     261      0.07330880
     262      0.07263042
     263      0.07196500
     264      0.07130376
     265      0.07061454
     266      0.06997319
     267      0.06940519
     268      0.06886750
     269      0.06831241
     270      0.06773556
     271      0.06711658
     272      0.06656137
     273      0.06604131
     274      0.06538127
     275      0.06466660
     276      0.06399821
     277      0.06337998
     278      0.06269695
     279      0.06199896
     280      0.06142295
     281      0.06084149
     282      0.06026170
     283      0.05961357
     284      0.05896931
     285      0.05839329
     286      0.05773173
     287      0.05708547
     288      0.05664572
     289      0.05617667
     290      0.05557750
     291      0.05504690
     292      0.05452775
     293      0.05394568
     294      0.05337542
     295      0.05285922
     296      0.05245347
     297      0.05188926
     298      0.05122892
     299      0.05067936
     300      0.05015174
     301      0.04984058
     302      0.04955118
     303      0.04913367
     304      0.04866849
     305      0.04812398
     306      0.04767473
     307      0.04726903
     308      0.04664930
     309      0.04610234
     310      0.04566023
     311      0.04518354
     312      0.04481974
     313      0.04444725
     314      0.04405404
     315      0.04368698
     316      0.04323531
     317      0.04292098
     318      0.04258281
     319      0.04212154
     320      0.04171609
     321      0.04137152
     322      0.04101153
     323      0.04053430
     324      0.04007700
     325      0.03957662
     326      0.03903543
     327      0.03859499
     328      0.03820277
     329      0.03783510
     330      0.03755428
     331      0.03726919
     332      0.03687209
     333      0.03651926
     334      0.03619205
     335      0.03589133
     336      0.03556836
     337      0.03522138
     338      0.03491108
     339      0.03453348
     340      0.03421230
     341      0.03400952
     342      0.03372818
     343      0.03344016
     344      0.03320451
     345      0.03293898
     346      0.03265781
     347      0.03238848
     348      0.03208526
     349      0.03184620
     350      0.03157440
     351      0.03121045
     352      0.03091816
     353      0.03067278
     354      0.03042404
     355      0.03019055
     356      0.02995050
     357      0.02954090
     358      0.02915953
     359      0.02889312
     360      0.02853683
     361      0.02817633
     362      0.02779870
     363      0.02741707
     364      0.02707469
     365      0.02664897
     366      0.02628006
     367      0.02603834
     368      0.02581271
     369      0.02558546
     370      0.02530658
     371      0.02497407
     372      0.02470100
     373      0.02459074
     374      0.02444007
     375      0.02416431
     376      0.02392664
     377      0.02370721
     378      0.02344613
     379      0.02310775
     380      0.02274696
     381      0.02247142
     382      0.02224468
     383      0.02209808
     384      0.02187306
     385      0.02155479
     386      0.02135924
     387      0.02114737
     388      0.02088953
     389      0.02071082
     390      0.02064596
     391      0.02040628
     392      0.02003773
     393      0.01972041
     394      0.01944175
     395      0.01924458
     396      0.01909553
     397      0.01893727
     398      0.01874623
     399      0.01859583
     400      0.01832758
     401      0.01802736
     402      0.01778264
     403      0.01757283
     404      0.01744838
     405      0.01731180
     406      0.01704832
     407      0.01677776
     408      0.01658535
     409      0.01637952
     410      0.01613963
     411      0.01592363
     412      0.01571622
     413      0.01543664
     414      0.01517259
     415      0.01513021
     416      0.01514195
     417      0.01499170
     418      0.01478694
     419      0.01464130
     420      0.01457150
     421      0.01457678
     422      0.01455794
     423      0.01441892
     424      0.01416050
     425      0.01401402
     426      0.01405404
     427      0.01399457
     428      0.01385283
     429      0.01371042
     430      0.01364488
     431      0.01360400
     432      0.01350944
     433      0.01352801
     434      0.01363814
     435      0.01355505
     436      0.01348180
     437      0.01346436
     438      0.01324419
     439      0.01303531
     440      0.01285602
     441      0.01267848
     442      0.01250343
     443      0.01234848
     444      0.01237733
     445      0.01233717
     446      0.01217121
     447      0.01207664
     448      0.01202337
     449      0.01189147
     450      0.01173323
     451      0.01170429
     452      0.01164378
     453      0.01158932
     454      0.01152265
     455      0.01143109
     456      0.01137394
     457      0.01127876
     458      0.01129342
     459      0.01136048
     460      0.01120024
     461      0.01098994
     462      0.01083806
     463      0.01058893
     464      0.01044134
     465      0.01044936
     466      0.01030391
     467      0.01004292
     468      0.00982595
     469      0.00975674
     470      0.00982594
     471      0.00984575
     472      0.00972980
     473      0.00951401
     474      0.00939810
     475      0.00935978
     476      0.00921625
     477      0.00909631
     478      0.00900365
     479      0.00892672
     480      0.00894042
     481      0.00900339
     482      0.00895835
     483      0.00886524
     484      0.00879651
     485      0.00870292
     486      0.00867619
     487      0.00854112
     488      0.00838185
     489      0.00843889
     490      0.00843976
     491      0.00832678
     492      0.00834912
     493      0.00832368
     494      0.00813618
     495      0.00796894
     496      0.00778499
     497      0.00758932
     498      0.00739842
     499      0.00721722
     500      0.00698283
     501      0.00679488
     502      0.00673201
     503      0.00665720
     504      0.00646767
     505      0.00631436
     506      0.00627526
     507      0.00618441
     508      0.00615073
     509      0.00614075
     510      0.00602356
     511      0.00593440
     512      0.00589603
     513      0.00582742
     514      0.00582622
     515      0.00574836
     516      0.00564400
     517      0.00562110
     518      0.00551776
     519      0.00537236
     520      0.00526242
     521      0.00511567
     522      0.00492357
     523      0.00486107
     524      0.00485122
     525      0.00482824
     526      0.00477535
     527      0.00461864
     528      0.00444709
     529      0.00427395
     530      0.00410177
     531      0.00402787
     532      0.00402399
     533      0.00396613
     534      0.00390643
     535      0.00385660
     536      0.00385621
     537      0.00393447
     538      0.00395960
     539      0.00402945
     540      0.00402267
     541      0.00388667
     542      0.00384805
     543      0.00387065
     544      0.00387416
     545      0.00384040
     546      0.00391467
     547      0.00408125
     548      0.00406175
     549      0.00394623
     550      0.00392393
     551      0.00382498
     552      0.00371265
     553      0.00371381
     554      0.00367416
     555      0.00365635
     556      0.00370482
     557      0.00377808
     558      0.00380226
     559      0.00383033
     560      0.00384807
     561      0.00370305
     562      0.00364234
     563      0.00367584
     564      0.00367605
     565      0.00360585
     566      0.00338962
     567      0.00326519
     568      0.00321212
     569      0.00308391
     570      0.00296833
     571      0.00290334
     572      0.00281244
     573      0.00282194
     574      0.00287388
     575      0.00271099
     576      0.00265804
     577      0.00276449
     578      0.00283454
     579      0.00279432
     580      0.00267243
     581      0.00258550
     582      0.00255274
     583      0.00252880
     584      0.00245343
     585      0.00234957
     586      0.00233443
     587      0.00240215
     588      0.00244464
     589      0.00239300
     590      0.00228424
     591      0.00209535
     592      0.00188840
     593      0.00188882
     594      0.00189939
     595      0.00181584
     596      0.00179672
     597      0.00190784
     598      0.00194719
     599      0.00193123
     600      0.00192016
     601      0.00187930
     602      0.00184834
     603      0.00180739
     604      0.00182976
     605      0.00193555
     606      0.00193440
     607      0.00198163
     608      0.00200094
     609      0.00188129
     610      0.00181056
     611      0.00181996
     612      0.00191592
     613      0.00195486
     614      0.00190528
     615      0.00187873
     616      0.00198305
     617      0.00209546
     618      0.00214783
     619      0.00222338
     620      0.00233865
     621      0.00237678
     622      0.00239606
     623      0.00244504
     624      0.00246289
     625      0.00247273
     626      0.00234050
     627      0.00217136
     628      0.00213439
     629      0.00213595
     630      0.00209009
     631      0.00190616
     632      0.00185659
     633      0.00188772
     634      0.00184571
     635      0.00182976
     636      0.00182162
     637      0.00189196
     638      0.00191002
     639      0.00191828
     640      0.00201202
     641      0.00201602
     642      0.00196496
     643      0.00198959
     644      0.00199064
     645      0.00185327
     646      0.00172726
     647      0.00158969
     648      0.00148722
     649      0.00148453
     650      0.00147076
     651      0.00150127
     652      0.00152330
     653      0.00151694
     654      0.00152201
     655      0.00144294
     656      0.00138923
     657      0.00137529
     658      0.00135511
     659      0.00136265
     660      0.00134723
     661      0.00140018
     662      0.00144435
     663      0.00138271
     664      0.00132361
     665      0.00142186
     666      0.00155825
     667      0.00153743
     668      0.00153714
     669      0.00154458
     670      0.00151934
     671      0.00153423
     672      0.00152916
     673      0.00146279
     674      0.00154214
     675      0.00159382
     676      0.00145783
     677      0.00140958
     678      0.00139186
     679      0.00132573
     680      0.00133127
     681      0.00132675
     682      0.00121082
     683      0.00115392
     684      0.00115407
     685      0.00119226
     686      0.00118365
     687      0.00116686
     688      0.00117171
     689      0.00119299
     690      0.00120457
     691      0.00125001
     692      0.00134184
     693      0.00128751
     694      0.00136381
     695      0.00156261
     696      0.00147785
     697      0.00133178
     698      0.00143249
     699      0.00152544
     700      0.00162898
     701      0.00173700
     702      0.00163387
     703      0.00154036
     704      0.00168816
     705      0.00170866
     706      0.00157484
     707      0.00152505
     708      0.00146612
     709      0.00144844
     710      0.00137643
     711      0.00127200
     712      0.00127932
     713      0.00136195
     714      0.00142762
     715      0.00137800
     716      0.00134811
     717      0.00144824
     718      0.00162017
     719      0.00172491
     720      0.00168482
     721      0.00164905
     722      0.00163336
     723      0.00167794
     724      0.00176773
     725      0.00183513
     726      0.00185612
     727      0.00173175
     728      0.00161625
     729      0.00152203
     730      0.00137552
     731      0.00132351
     732      0.00135926
     733      0.00142622
     734      0.00147960
     735      0.00152037
     736      0.00157250
     737      0.00165516
     738      0.00166443
     739      0.00158787
     740      0.00153050
     741      0.00157026
     742      0.00160133
     743      0.00155676
     744      0.00158576
     745      0.00146988
     746      0.00133357
     747      0.00139286
     748      0.00143968
     749      0.00148898
