       0      0.99604072
       1      0.99307505
       2      0.98800339
       3      0.98357245
       4      0.97873902
       5      0.97410824
       6      0.96935716
       7      0.96480040
       8      0.96042945
       9      0.95604042
      10      0.95130442
      11      0.94684066
      12      0.94277035
      13      0.93863517
      14      0.93449423
      15      0.93049672
      16      0.92617004
      17      0.92156411
      18      0.91748754
      19      0.91372929
      20      0.90976414
      21      0.90557450
      22      0.90161485
      23      0.89745657
      24      0.89305817
      25      0.88881587
      26      0.88462895
      27      0.88076014
      28      0.87702673
      29      0.87346739
      30      0.86995666
      31      0.86619866
      32      0.86225166
      33      0.85798848
      34      0.85395918
      35      0.84978612
      36      0.84544151
      37      0.84143953
      38      0.83802805
      39      0.83439303
      40      0.83063232
      41      0.82721518
      42      0.82332118
      43      0.81922747
      44      0.81514123
      45      0.81121745
      46      0.80740787
      47      0.80388541
      48      0.80039617
      49      0.79647602
      50      0.79227025
      51      0.78796969
      52      0.78429035
      53      0.78097253
      54      0.77743234
      55      0.77368767
      56      0.77014074
      57      0.76662152
      58      0.76279419
      59      0.75935724
      60      0.75594625
      61      0.75217646
      62      0.74866059
      63      0.74526134
      64      0.74227763
      65      0.73913416
      66      0.73548564
      67      0.73228425
      68      0.72924926
      69      0.72606789
      70      0.72286515
      71      0.71971687
      72      0.71630988
      73      0.71282289
      74      0.70983237
      75      0.70667190
      76      0.70333792
      77      0.69984588
      78      0.69632372
      79      0.69322278
      80      0.69021078
      81      0.68743153
      82      0.68425123
      83      0.68096471
      84      0.67777432
      85      0.67458047
      86      0.67153046
      87      0.66813292
      88      0.66498296
      89      0.66223588
      90      0.65927225
      91      0.65623930
      92      0.65341836
      93      0.65038793
      94      0.64744903
      95      0.64469764
      96      0.64177896
      97      0.63905764
      98      0.63618848
      99      0.63325492
     100      0.63076818
     101      0.62793437
     102      0.62491923
     103      0.62228903
     104      0.61982235
     105      0.61692299
     106      0.61386829
     107      0.61103123
     108      0.60839658
     109      0.60590441
     110      0.60337267
     111      0.60057950
     112      0.59767151
     113      0.59494530
     114      0.59237694
     115      0.58967285
     116      0.58686473
     117      0.58417631
     118      0.58124921
     119      0.57842161
     120      0.57600017
     121      0.57360726
     122      0.57089007
     123      0.56805653
     124      0.56542166
     125      0.56291680
     126      0.56061742
     127      0.55805367
     128      0.55553922
     129      0.55307627
     130      0.55050327
     131      0.54823052
     132      0.54570718
     133      0.54283074
     134      0.54009344
     135      0.53759847
     136      0.53478251
     137      0.53202275
     138      0.52964927
     139      0.52732362
     140      0.52502280
     141      0.52269976
     142      0.52062914
     143      0.51850299
     144      0.51607287
     145      0.51373052
     146      0.51141581
     147      0.50896118
     148      0.50655183
     149      0.50441003
     150      0.50225205
     151      0.49996124
     152      0.49735955
     153      0.49466225
     154      0.49224848
     155      0.49011961
     156      0.48783531
     157      0.48551805
     158      0.48337121
     159      0.48117048
     160      0.47897375
     161      0.47665698
     162      0.47419237
     163      0.47177106
     164      0.46945934
     165      0.46735245
     166      0.46523950
     167      0.46304227
     168      0.46103064
     169      0.45912263
     170      0.45702986
     171      0.45485872
     172      0.45285539
     173      0.45074835
     174      0.44866936
     175      0.44670955
     176      0.44482519
     177      0.44285930
     178      0.44068200
     179      0.43840651
     180      0.43633568
     181      0.43439115
     182      0.43230004
     183      0.43000826
     184      0.42779767
     185      0.42566954
     186      0.42370141
     187      0.42165827
     188      0.41966565
     189      0.41750123
     190      0.41525010
     191      0.41337905
     192      0.41148372
     193      0.40972245
     194      0.40807186
     195      0.40618790
     196      0.40439179
     197      0.40274231
     198      0.40095236
     199      0.39920005
     200      0.39734584
     201      0.39540855
     202      0.39339018
     203      0.39144101
     204      0.38957864
     205      0.38775390
     206      0.38627160
     207      0.38435173
     208      0.38243008
     209      0.38079187
     210      0.37885362
     211      0.37715527
     212      0.37539967
     213      0.37374132
     214      0.37224267
     215      0.37043466
     216      0.36852274
     217      0.36654825
     218      0.36483703
     219      0.36312965
     220      0.36135173
     221      0.35996995
     222      0.35839777
     223      0.35670213
     224      0.35505253
     225      0.35336812
     226      0.35181273
     227      0.35029232
     228      0.34844105
     229      0.34714524
     230      0.34587802
     231      0.34407478
     232      0.34265167
     233      0.34114600
     234      0.33961435
     235      0.33820244
     236      0.33672322
     237      0.33526381
     238      0.33369555
     239      0.33215096
     240      0.33061060
     241      0.32896354
     242      0.32746447
     243      0.32597292
     244      0.32428758
     245      0.32258798
     246      0.32101330
     247      0.31943543
     248      0.31802023
     249      0.31680413
     250      0.31548526
     251      0.31399662
     252      0.31245098
     253      0.31089599
     254      0.30943194
     255      0.30812594
     256      0.30664051
     257      0.30497428
     258      0.30357521
     259      0.30228216
     260      0.30103162
     261      0.29983523
     262      0.29867472
     263      0.29734080
     264      0.29578213
     265      0.29461379
     266      0.29338322
     267      0.29181920
     268      0.29029373
     269      0.28886339
     270      0.28766873
     271      0.28626928
     272      0.28489833
     273      0.28382876
     274      0.28253706
     275      0.28131531
     276      0.28021672
     277      0.27903584
     278      0.27782108
     279      0.27646200
     280      0.27521785
     281      0.27385118
     282      0.27230885
     283      0.27108087
     284      0.26998756
     285      0.26884568
     286      0.26767872
     287      0.26624328
     288      0.26497263
     289      0.26375609
     290      0.26255380
     291      0.26168227
     292      0.26058054
     293      0.25937296
     294      0.25831147
     295      0.25714379
     296      0.25609031
     297      0.25474221
     298      0.25338210
     299      0.25233081
     300      0.25117183
     301      0.25004899
     302      0.24898923
     303      0.24804659
     304      0.24699596
     305      0.24591425
     306      0.24471265
     307      0.24350530
     308      0.24250829
     309      0.24135524
     310      0.24011559
     311      0.23891574
     312      0.23776260
     313      0.23677608
     314      0.23571906
     315      0.23468294
     316      0.23364934
     317      0.23255238
     318      0.23132139
     319      0.23002479
     320      0.22878101
     321      0.22773579
     322      0.22681054
     323      0.22568663
     324      0.22475746
     325      0.22386251
     326      0.22276440
     327      0.22178465
     328      0.22071197
     329      0.21947515
     330      0.21836047
     331      0.21738523
     332      0.21633678
     333      0.21537011
     334      0.21437039
     335      0.21319451
     336      0.21238494
     337      0.21154541
     338      0.21026882
     339      0.20906136
     340      0.20801424
     341      0.20698091
     342      0.20610559
     343      0.20518408
     344      0.20413923
     345      0.20323558
     346      0.20212271
     347      0.20100807
     348      0.20022837
     349      0.19955268
     350      0.19865169
     351      0.19774947
     352      0.19668350
     353      0.19550525
     354      0.19462719
     355      0.19362707
     356      0.19259627
     357      0.19171839
     358      0.19099003
     359      0.19006049
     360      0.18894908
     361      0.18805319
     362      0.18740626
     363      0.18680417
     364      0.18600520
     365      0.18502326
     366      0.18410183
     367      0.18323489
     368      0.18207739
     369      0.18106452
     370      0.18033430
     371      0.17966657
     372      0.17904560
     373      0.17827516
     374      0.17744120
     375      0.17669802
     376      0.17608803
     377      0.17537470
     378      0.17448908
     379      0.17373753
     380      0.17322090
     381      0.17239500
     382      0.17157285
     383      0.17079634
     384      0.17016748
     385      0.16956612
     386      0.16878526
     387      0.16819463
     388      0.16748748
     389      0.16677541
     390      0.16595119
     391      0.16511171
     392      0.16422150
     393      0.16338467
     394      0.16268540
     395      0.16183074
     396      0.16101415
     397      0.16018345
     398      0.15940933
     399      0.15869822
     400      0.15784095
     401      0.15690189
     402      0.15622683
     403      0.15541499
     404      0.15447247
     405      0.15376100
     406      0.15296095
     407      0.15226605
     408      0.15157196
     409      0.15091514
     410      0.15031286
     411      0.14938703
     412      0.14859534
     413      0.14811403
     414      0.14750793
     415      0.14681202
     416      0.14623328
     417      0.14562981
     418      0.14492907
     419      0.14418198
     420      0.14358127
     421      0.14295620
     422      0.14221089
     423      0.14151074
     424      0.14084581
     425      0.14029031
     426      0.13980906
     427      0.13939583
     428      0.13891018
     429      0.13834303
     430      0.13781220
     431      0.13720994
     432      0.13655544
     433      0.13592421
     434      0.13531068
     435      0.13468407
     436      0.13413049
     437      0.13359631
     438      0.13299082
     439      0.13232249
     440      0.13166263
     441      0.13104509
     442      0.13027237
     443      0.12969443
     444      0.12918470
     445      0.12858758
     446      0.12801553
     447      0.12727722
     448      0.12654094
     449      0.12593058
     450      0.12534169
     451      0.12460973
     452      0.12405379
     453      0.12373540
     454      0.12328721
     455      0.12271564
     456      0.12201756
     457      0.12144423
     458      0.12093303
     459      0.12018917
     460      0.11949180
     461      0.11901033
     462      0.11830911
     463      0.11752882
     464      0.11689284
     465      0.11615168
     466      0.11564202
     467      0.11526180
     468      0.11477246
     469      0.11411291
     470      0.11363518
     471      0.11303408
     472      0.11229407
     473      0.11170146
     474      0.11105800
     475      0.11060777
     476      0.11011604
     477      0.10960044
     478      0.10900837
     479      0.10851768
     480      0.10805327
     481      0.10740555
     482      0.10692207
     483      0.10645211
     484      0.10589937
     485      0.10540312
     486      0.10492686
     487      0.10447164
     488      0.10387125
     489      0.10328101
     490      0.10265104
     491      0.10214926
     492      0.10198522
     493      0.10156502
     494      0.10125461
     495      0.10086052
     496      0.10026575
     497      0.09994667
     498      0.09954746
     499      0.09899721
     500      0.09850809
     501      0.09816441
     502      0.09779224
     503      0.09746323
     504      0.09713802
     505      0.09658823
     506      0.09613833
     507      0.09571114
     508      0.09541484
     509      0.09516574
     510      0.09478174
     511      0.09433282
     512      0.09387728
     513      0.09337232
     514      0.09284088
     515      0.09242269
     516      0.09184010
     517      0.09142051
     518      0.09106113
     519      0.09052183
     520      0.09001533
     521      0.08979665
     522      0.08953453
     523      0.08902599
     524      0.08861759
     525      0.08828721
     526      0.08786363
     527      0.08738254
     528      0.08688120
     529      0.08642246
     530      0.08599492
     531      0.08564890
     532      0.08535961
     533      0.08486671
     534      0.08459512
     535      0.08429786
     536      0.08382431
     537      0.08327490
     538      0.08268368
     539      0.08236796
     540      0.08199521
     541      0.08164273
     542      0.08128950
     543      0.08097672
     544      0.08086345
     545      0.08043212
     546      0.07993037
     547      0.07964557
     548      0.07926461
     549      0.07897191
     550      0.07859065
     551      0.07828138
     552      0.07801846
     553      0.07762464
     554      0.07733835
     555      0.07695227
     556      0.07652851
     557      0.07626038
     558      0.07585457
     559      0.07549636
     560      0.07544667
     561      0.07512195
     562      0.07464409
     563      0.07441570
     564      0.07408622
     565      0.07371194
     566      0.07361406
     567      0.07324669
     568      0.07280868
     569      0.07264841
     570      0.07223525
     571      0.07176161
     572      0.07148457
     573      0.07120165
     574      0.07085229
     575      0.07045957
     576      0.07015731
     577      0.06980779
     578      0.06956774
     579      0.06941809
     580      0.06894987
     581      0.06853724
     582      0.06837836
     583      0.06808809
     584      0.06774876
     585      0.06757781
     586      0.06718065
     587      0.06677924
     588      0.06648115
     589      0.06613519
     590      0.06581084
     591      0.06558445
     592      0.06540813
     593      0.06490019
     594      0.06447630
     595      0.06410058
     596      0.06350237
     597      0.06309621
     598      0.06289644
     599      0.06252570
     600      0.06210929
     601      0.06183265
     602      0.06164515
     603      0.06147839
     604      0.06133024
     605      0.06128910
     606      0.06107075
     607      0.06070211
     608      0.06034216
     609      0.06000544
     610      0.05973917
     611      0.05960770
     612      0.05952130
     613      0.05917390
     614      0.05872232
     615      0.05842911
     616      0.05819312
     617      0.05797726
     618      0.05778958
     619      0.05768328
     620      0.05740060
     621      0.05684439
     622      0.05668773
     623      0.05663805
     624      0.05640546
     625      0.05621657
     626      0.05595273
     627      0.05548641
     628      0.05512170
     629      0.05497938
     630      0.05471068
     631      0.05446854
     632      0.05422346
     633      0.05402286
     634      0.05388538
     635      0.05366943
     636      0.05334348
     637      0.05296999
     638      0.05275165
     639      0.05263679
     640      0.05234165
     641      0.05205970
     642      0.05179165
     643      0.05141512
     644      0.05120058
     645      0.05115995
     646      0.05101268
     647      0.05051461
     648      0.05010668
     649      0.04991976
     650      0.04975308
     651      0.04946181
     652      0.04913954
     653      0.04881936
     654      0.04836019
     655      0.04806366
     656      0.04802001
     657      0.04792888
     658      0.04765929
     659      0.04741704
     660      0.04713574
     661      0.04686813
     662      0.04647036
     663      0.04606482
     664      0.04589211
     665      0.04567989
     666      0.04543762
     667      0.04515863
     668      0.04497550
     669      0.04471764
     670      0.04431349
     671      0.04393595
     672      0.04370680
     673      0.04363501
     674      0.04347252
     675      0.04324631
     676      0.04300349
     677      0.04255537
     678      0.04222955
     679      0.04219736
     680      0.04220926
     681      0.04199735
     682      0.04173864
     683      0.04169515
     684      0.04153726
     685      0.04134668
     686      0.04107141
     687      0.04087706
     688      0.04079699
     689      0.04060616
     690      0.04028185
     691      0.03997088
     692      0.03982999
     693      0.03967788
     694      0.03955342
     695      0.03934844
     696      0.03915115
     697      0.03919504
     698      0.03911265
     699      0.03888131
     700      0.03852677
     701      0.03821004
     702      0.03795778
     703      0.03767087
     704      0.03746178
     705      0.03727843
     706      0.03720731
     707      0.03713654
     708      0.03694951
     709      0.03682184
     710      0.03661342
     711      0.03637736
     712      0.03620821
     713      0.03589568
     714      0.03575197
     715      0.03552985
     716      0.03522038
     717      0.03512447
     718      0.03499376
     719      0.03484124
     720      0.03475441
     721      0.03459370
     722      0.03426335
     723      0.03405145
     724      0.03375460
     725      0.03348889
     726      0.03326219
     727      0.03313460
     728      0.03299719
     729      0.03276731
     730      0.03267270
     731      0.03260034
     732      0.03241162
     733      0.03197389
     734      0.03162815
     735      0.03163366
     736      0.03146793
     737      0.03130294
     738      0.03124153
     739      0.03111844
     740      0.03096423
     741      0.03071049
     742      0.03054302
     743      0.03039524
     744      0.03027880
     745      0.03019299
     746      0.03007217
     747      0.02984179
     748      0.02970557
     749      0.02941371
     750      0.02920868
     751      0.02933573
     752      0.02923752
     753      0.02919180
     754      0.02905847
     755      0.02883613
     756      0.02867981
     757      0.02848064
     758      0.02835863
     759      0.02823320
     760      0.02819218
     761      0.02802861
     762      0.02789689
     763      0.02764979
     764      0.02758312
     765      0.02758541
     766      0.02720538
     767      0.02709428
     768      0.02710133
     769      0.02706579
     770      0.02703207
     771      0.02700823
     772      0.02693448
     773      0.02678301
     774      0.02672496
     775      0.02645689
     776      0.02620139
     777      0.02616607
     778      0.02604340
     779      0.02576573
     780      0.02555525
     781      0.02568746
     782      0.02565886
     783      0.02545162
     784      0.02534550
     785      0.02525727
     786      0.02513929
     787      0.02494048
     788      0.02468169
     789      0.02468840
     790      0.02477724
     791      0.02441653
     792      0.02410353
     793      0.02391539
     794      0.02355872
     795      0.02343758
     796      0.02337251
     797      0.02341467
     798      0.02332982
     799      0.02307900
     800      0.02301565
     801      0.02283312
     802      0.02259374
     803      0.02238954
     804      0.02243538
     805      0.02251608
     806      0.02255117
     807      0.02263790
     808      0.02244013
     809      0.02226928
     810      0.02222475
     811      0.02205804
     812      0.02186424
     813      0.02168391
     814      0.02164732
     815      0.02151507
     816      0.02135931
     817      0.02137867
     818      0.02130187
     819      0.02130814
     820      0.02123105
     821      0.02114305
     822      0.02109691
     823      0.02083689
     824      0.02059190
     825      0.02061627
     826      0.02055267
     827      0.02026220
     828      0.02016278
     829      0.02023854
     830      0.02018720
     831      0.02009849
     832      0.01999651
     833      0.01978389
     834      0.01968901
     835      0.01958648
     836      0.01944156
     837      0.01933574
     838      0.01931835
     839      0.01919749
     840      0.01919918
     841      0.01917815
     842      0.01902943
     843      0.01897592
     844      0.01885593
     845      0.01890422
     846      0.01887481
     847      0.01867093
     848      0.01860301
     849      0.01848379
     850      0.01830956
     851      0.01823311
     852      0.01817114
     853      0.01797898
     854      0.01779926
     855      0.01773025
     856      0.01767855
     857      0.01757658
     858      0.01756420
     859      0.01752792
     860      0.01741686
     861      0.01744062
     862      0.01739049
     863      0.01725588
     864      0.01719120
     865      0.01708885
     866      0.01693862
     867      0.01676254
     868      0.01653944
     869      0.01638300
     870      0.01617171
     871      0.01604660
     872      0.01613946
     873      0.01611692
     874      0.01596371
     875      0.01590672
     876      0.01586612
     877      0.01571124
     878      0.01560385
     879      0.01561611
     880      0.01560030
     881      0.01568269
     882      0.01570626
     883      0.01546420
     884      0.01519602
     885      0.01508584
     886      0.01522897
     887      0.01518498
     888      0.01503828
     889      0.01493702
     890      0.01478719
     891      0.01459996
     892      0.01443710
     893      0.01444940
     894      0.01432477
     895      0.01423005
     896      0.01420429
     897      0.01401304
     898      0.01394238
     899      0.01377067
     900      0.01358046
     901      0.01360184
     902      0.01352281
     903      0.01345682
     904      0.01340500
     905      0.01323184
     906      0.01319591
     907      0.01318939
     908      0.01318321
     909      0.01321339
     910      0.01322200
     911      0.01310778
     912      0.01286921
     913      0.01285883
     914      0.01283055
     915      0.01266744
     916      0.01248920
     917      0.01229915
     918      0.01227213
     919      0.01230054
     920      0.01212131
     921      0.01202954
     922      0.01198251
     923      0.01182452
     924      0.01155113
     925      0.01131347
     926      0.01123224
     927      0.01124170
     928      0.01137412
     929      0.01131738
     930      0.01130664
     931      0.01136530
     932      0.01136748
     933      0.01131287
     934      0.01124137
     935      0.01138831
     936      0.01121003
     937      0.01115138
     938      0.01133953
     939      0.01128396
     940      0.01119892
     941      0.01112964
     942      0.01123397
     943      0.01128359
     944      0.01116931
     945      0.01113397
     946      0.01100686
     947      0.01094010
     948      0.01079734
     949      0.01081509
     950      0.01082099
     951      0.01063640
     952      0.01066695
     953      0.01056916
     954      0.01049754
     955      0.01056873
     956      0.01053379
     957      0.01049965
     958      0.01043943
     959      0.01041869
     960      0.01039639
     961      0.01036352
     962      0.01027498
     963      0.01013849
     964      0.01015380
     965      0.01014995
     966      0.01017056
     967      0.01006323
     968      0.00999835
     969      0.00997850
     970      0.00988377
     971      0.00984433
     972      0.00966642
     973      0.00936846
     974      0.00936570
     975      0.00942548
     976      0.00942127
     977      0.00953379
     978      0.00942055
     979      0.00929645
     980      0.00922474
     981      0.00930953
     982      0.00923617
     983      0.00906649
     984      0.00884240
     985      0.00876086
     986      0.00883251
     987      0.00868954
     988      0.00875418
     989      0.00865407
     990      0.00858298
     991      0.00862728
     992      0.00848458
     993      0.00833718
     994      0.00841702
     995      0.00863698
     996      0.00872140
     997      0.00871548
     998      0.00870228
     999      0.00882096
    1000      0.00903364
    1001      0.00908755
    1002      0.00921254
    1003      0.00921425
    1004      0.00909707
    1005      0.00890958
    1006      0.00871411
    1007      0.00871156
    1008      0.00856486
    1009      0.00849156
    1010      0.00848316
    1011      0.00841644
    1012      0.00836483
    1013      0.00826350
    1014      0.00841913
    1015      0.00837999
    1016      0.00828333
    1017      0.00829239
    1018      0.00818758
    1019      0.00815548
    1020      0.00800112
    1021      0.00799831
    1022      0.00809858
    1023      0.00804155
    1024      0.00808768
    1025      0.00810487
    1026      0.00799239
    1027      0.00788578
    1028      0.00787180
    1029      0.00778625
    1030      0.00772987
    1031      0.00776330
    1032      0.00768252
    1033      0.00757878
    1034      0.00741862
    1035      0.00722593
    1036      0.00715619
    1037      0.00719729
    1038      0.00699699
    1039      0.00684791
    1040      0.00669652
    1041      0.00653270
    1042      0.00646097
    1043      0.00631307
    1044      0.00630015
    1045      0.00632085
    1046      0.00627751
    1047      0.00630635
    1048      0.00632762
    1049      0.00624126
    1050      0.00610578
    1051      0.00595473
    1052      0.00594757
    1053      0.00589075
    1054      0.00563096
    1055      0.00540526
    1056      0.00519810
    1057      0.00502810
    1058      0.00480706
    1059      0.00470232
    1060      0.00485834
    1061      0.00491178
    1062      0.00496177
    1063      0.00501827
    1064      0.00501754
    1065      0.00511929
    1066      0.00513976
    1067      0.00504898
    1068      0.00501468
    1069      0.00504371
    1070      0.00506672
    1071      0.00512793
    1072      0.00519139
    1073      0.00527922
    1074      0.00548194
    1075      0.00558978
    1076      0.00548057
    1077      0.00551412
    1078      0.00574878
    1079      0.00576434
    1080      0.00595112
    1081      0.00589864
    1082      0.00558213
    1083      0.00543475
    1084      0.00550557
    1085      0.00562694
    1086      0.00562380
    1087      0.00566971
    1088      0.00565019
    1089      0.00570373
    1090      0.00560405
    1091      0.00549297
    1092      0.00548573
    1093      0.00556149
    1094      0.00567081
    1095      0.00559664
    1096      0.00554419
    1097      0.00562607
    1098      0.00565995
    1099      0.00562915
    1100      0.00565948
    1101      0.00569913
    1102      0.00556096
    1103      0.00558501
    1104      0.00572582
    1105      0.00568173
    1106      0.00576557
    1107      0.00573862
    1108      0.00558820
    1109      0.00555704
    1110      0.00537025
    1111      0.00524578
    1112      0.00531887
    1113      0.00537467
    1114      0.00542126
    1115      0.00546110
    1116      0.00538649
    1117      0.00535555
    1118      0.00531148
    1119      0.00533626
    1120      0.00539726
    1121      0.00527386
    1122      0.00516528
    1123      0.00515721
    1124      0.00520120
    1125      0.00514355
    1126      0.00505799
    1127      0.00499064
    1128      0.00490743
    1129      0.00495733
    1130      0.00502079
    1131      0.00506228
    1132      0.00519986
    1133      0.00529390
    1134      0.00533828
    1135      0.00542404
    1136      0.00544066
    1137      0.00537873
    1138      0.00532880
    1139      0.00524931
    1140      0.00517167
    1141      0.00516499
    1142      0.00513493
    1143      0.00513373
    1144      0.00508613
    1145      0.00497177
    1146      0.00487825
    1147      0.00488525
    1148      0.00478317
    1149      0.00463935
    1150      0.00460618
    1151      0.00451557
    1152      0.00433050
    1153      0.00408736
    1154      0.00404088
    1155      0.00407993
    1156      0.00398468
    1157      0.00398056
    1158      0.00404296
    1159      0.00407214
    1160      0.00407042
    1161      0.00407117
    1162      0.00406748
    1163      0.00405190
    1164      0.00418740
    1165      0.00427785
    1166      0.00428042
    1167      0.00432492
    1168      0.00441632
    1169      0.00441808
    1170      0.00443471
    1171      0.00446943
    1172      0.00430083
    1173      0.00422990
    1174      0.00432058
    1175      0.00432674
    1176      0.00419386
    1177      0.00419340
    1178      0.00424975
    1179      0.00423326
    1180      0.00419558
    1181      0.00416492
    1182      0.00429341
    1183      0.00442269
    1184      0.00433024
    1185      0.00437393
    1186      0.00445261
    1187      0.00438899
    1188      0.00440067
    1189      0.00433914
    1190      0.00435557
    1191      0.00441860
    1192      0.00433860
    1193      0.00432294
    1194      0.00423558
    1195      0.00404106
    1196      0.00409232
    1197      0.00428372
    1198      0.00417611
    1199      0.00406627
    1200      0.00403552
    1201      0.00412523
    1202      0.00428782
    1203      0.00433434
    1204      0.00442570
    1205      0.00449858
    1206      0.00458594
    1207      0.00455836
    1208      0.00439751
    1209      0.00447389
    1210      0.00460182
    1211      0.00458982
    1212      0.00466356
    1213      0.00472834
    1214      0.00474838
    1215      0.00477470
    1216      0.00488281
    1217      0.00507801
    1218      0.00501226
    1219      0.00493425
    1220      0.00495680
    1221      0.00500924
    1222      0.00512203
    1223      0.00506671
    1224      0.00494033
    1225      0.00480290
    1226      0.00479178
    1227      0.00468137
    1228      0.00454622
    1229      0.00453153
    1230      0.00448592
    1231      0.00445639
    1232      0.00437845
    1233      0.00447088
    1234      0.00433635
    1235      0.00422355
    1236      0.00430388
    1237      0.00415575
    1238      0.00418140
    1239      0.00431597
    1240      0.00440453
    1241      0.00441074
    1242      0.00429841
    1243      0.00413198
    1244      0.00421905
    1245      0.00431695
    1246      0.00417091
    1247      0.00415547
    1248      0.00418168
    1249      0.00416855
    1250      0.00413378
    1251      0.00424995
    1252      0.00431090
    1253      0.00431935
    1254      0.00433270
    1255      0.00415573
    1256      0.00408451
    1257      0.00405531
    1258      0.00412266
    1259      0.00412043
    1260      0.00422576
    1261      0.00439735
    1262      0.00454823
    1263      0.00459850
    1264      0.00448020
    1265      0.00451037
    1266      0.00446082
    1267      0.00422363
    1268      0.00419207
    1269      0.00428415
    1270      0.00417792
    1271      0.00430111
    1272      0.00446149
    1273      0.00433403
    1274      0.00415667
    1275      0.00405678
    1276      0.00404399
    1277      0.00401522
    1278      0.00395699
    1279      0.00387019
    1280      0.00386304
    1281      0.00400801
    1282      0.00416352
    1283      0.00419472
    1284      0.00407728
    1285      0.00400833
    1286      0.00403466
    1287      0.00409323
    1288      0.00397805
    1289      0.00403355
    1290      0.00417535
    1291      0.00404657
    1292      0.00403277
    1293      0.00399306
    1294      0.00398686
    1295      0.00404992
    1296      0.00400263
    1297      0.00403258
    1298      0.00395971
    1299      0.00398647
    1300      0.00411169
    1301      0.00399785
    1302      0.00389873
    1303      0.00386439
    1304      0.00389208
    1305      0.00388979
    1306      0.00391621
    1307      0.00389407
    1308      0.00366280
    1309      0.00356846
    1310      0.00343299
    1311      0.00353447
    1312      0.00363901
    1313      0.00355607
    1314      0.00378356
    1315      0.00399474
    1316      0.00397602
    1317      0.00400282
    1318      0.00414238
    1319      0.00407128
    1320      0.00377967
    1321      0.00364737
    1322      0.00372267
    1323      0.00369099
    1324      0.00370141
    1325      0.00363271
    1326      0.00340020
    1327      0.00334815
    1328      0.00336950
    1329      0.00339580
    1330      0.00334203
    1331      0.00317146
    1332      0.00321289
    1333      0.00319345
    1334      0.00318538
    1335      0.00324396
    1336      0.00314982
    1337      0.00305068
    1338      0.00309042
    1339      0.00326357
    1340      0.00317232
    1341      0.00302644
    1342      0.00292979
    1343      0.00283695
    1344      0.00281740
    1345      0.00289527
    1346      0.00296149
    1347      0.00295896
    1348      0.00301931
    1349      0.00295855
    1350      0.00293314
    1351      0.00303874
    1352      0.00301169
    1353      0.00295621
    1354      0.00280703
    1355      0.00276138
    1356      0.00279524
    1357      0.00280758
    1358      0.00272716
    1359      0.00258086
    1360      0.00256409
    1361      0.00251846
    1362      0.00259427
    1363      0.00274539
    1364      0.00274922
    1365      0.00274328
    1366      0.00283656
    1367      0.00288097
    1368      0.00291693
    1369      0.00295433
    1370      0.00308058
    1371      0.00313971
    1372      0.00310844
    1373      0.00310062
    1374      0.00288261
    1375      0.00280954
    1376      0.00284918
    1377      0.00289270
    1378      0.00272393
    1379      0.00269121
    1380      0.00288369
    1381      0.00295231
    1382      0.00297255
    1383      0.00290839
    1384      0.00292234
    1385      0.00281430
    1386      0.00274736
    1387      0.00273289
    1388      0.00281859
    1389      0.00298841
    1390      0.00298975
    1391      0.00280316
    1392      0.00262006
    1393      0.00257645
    1394      0.00266251
    1395      0.00265202
    1396      0.00252026
    1397      0.00256059
    1398      0.00253506
    1399      0.00266940
    1400      0.00283607
    1401      0.00273436
    1402      0.00270048
    1403      0.00270310
    1404      0.00267530
    1405      0.00269547
    1406      0.00272725
    1407      0.00271511
    1408      0.00283972
    1409      0.00287836
    1410      0.00283623
    1411      0.00291366
    1412      0.00287607
    1413      0.00281473
    1414      0.00289830
    1415      0.00309593
    1416      0.00323662
    1417      0.00321499
    1418      0.00324108
    1419      0.00333914
    1420      0.00342886
    1421      0.00349307
    1422      0.00351014
    1423      0.00350048
    1424      0.00336882
    1425      0.00319650
    1426      0.00293268
    1427      0.00279438
    1428      0.00283139
    1429      0.00287097
    1430      0.00285238
    1431      0.00287979
    1432      0.00293443
    1433      0.00307388
    1434      0.00322441
    1435      0.00320633
    1436      0.00316692
    1437      0.00320363
    1438      0.00327669
    1439      0.00317010
    1440      0.00307653
    1441      0.00309358
    1442      0.00312293
    1443      0.00306276
    1444      0.00299623
    1445      0.00304463
    1446      0.00314649
    1447      0.00313991
    1448      0.00292565
    1449      0.00274349
    1450      0.00264183
    1451      0.00260700
    1452      0.00267597
    1453      0.00272311
    1454      0.00284118
    1455      0.00282510
    1456      0.00280752
    1457      0.00279143
    1458      0.00270052
    1459      0.00271391
    1460      0.00279182
    1461      0.00288788
    1462      0.00312589
    1463      0.00312399
    1464      0.00306245
    1465      0.00321338
    1466      0.00320630
    1467      0.00330646
    1468      0.00356692
    1469      0.00359543
    1470      0.00352412
    1471      0.00342955
    1472      0.00344057
    1473      0.00348219
    1474      0.00355284
    1475      0.00362613
    1476      0.00343703
    1477      0.00333796
    1478      0.00342131
    1479      0.00339708
    1480      0.00326674
    1481      0.00330923
    1482      0.00337957
    1483      0.00329501
    1484      0.00333969
    1485      0.00325821
    1486      0.00310435
    1487      0.00304735
    1488      0.00302960
    1489      0.00310213
    1490      0.00315472
    1491      0.00310052
    1492      0.00308939
    1493      0.00315770
    1494      0.00313357
    1495      0.00324816
    1496      0.00343562
    1497      0.00349203
    1498      0.00360946
    1499      0.00371481
    1500      0.00366804
    1501      0.00355425
    1502      0.00353027
    1503      0.00355722
    1504      0.00347587
    1505      0.00341081
    1506      0.00344208
    1507      0.00355605
    1508      0.00359844
    1509      0.00355920
    1510      0.00333396
    1511      0.00323459
    1512      0.00314192
    1513      0.00313002
    1514      0.00331264
    1515      0.00329446
    1516      0.00311339
    1517      0.00289850
    1518      0.00283705
    1519      0.00269864
    1520      0.00247547
    1521      0.00246004
    1522      0.00238257
    1523      0.00224958
    1524      0.00229823
    1525      0.00225391
    1526      0.00214451
    1527      0.00206870
    1528      0.00196020
    1529      0.00186191
    1530      0.00196596
    1531      0.00219585
    1532      0.00209449
    1533      0.00199811
    1534      0.00194246
    1535      0.00188317
    1536      0.00191166
    1537      0.00192419
    1538      0.00180383
    1539      0.00172289
    1540      0.00191841
    1541      0.00194570
    1542      0.00188952
    1543      0.00191863
    1544      0.00189163
    1545      0.00189585
    1546      0.00187478
    1547      0.00180229
    1548      0.00174162
    1549      0.00180781
    1550      0.00171982
    1551      0.00160693
    1552      0.00170720
    1553      0.00162274
    1554      0.00164798
    1555      0.00176374
    1556      0.00185497
    1557      0.00180241
    1558      0.00171978
    1559      0.00180991
    1560      0.00169835
    1561      0.00153026
    1562      0.00153493
    1563      0.00150053
    1564      0.00153361
    1565      0.00153192
    1566      0.00142737
    1567      0.00145876
    1568      0.00144326
    1569      0.00130433
    1570      0.00143314
    1571      0.00148540
    1572      0.00139846
    1573      0.00148644
    1574      0.00153597
    1575      0.00154676
    1576      0.00151164
    1577      0.00145924
    1578      0.00139348
    1579      0.00150271
    1580      0.00177221
    1581      0.00190042
    1582      0.00179092
    1583      0.00176258
    1584      0.00177247
    1585      0.00186163
    1586      0.00191021
    1587      0.00183072
    1588      0.00174183
    1589      0.00165048
    1590      0.00156547
    1591      0.00147708
    1592      0.00163835
    1593      0.00169524
    1594      0.00163993
    1595      0.00169156
    1596      0.00165890
    1597      0.00148189
    1598      0.00135289
    1599      0.00136856
    1600      0.00137608
    1601      0.00128166
    1602      0.00124443
    1603      0.00123941
    1604      0.00121518
    1605      0.00134559
    1606      0.00137701
    1607      0.00119007
    1608      0.00120082
    1609      0.00125757
    1610      0.00124534
    1611      0.00126342
    1612      0.00130351
    1613      0.00131171
    1614      0.00140311
    1615      0.00148420
    1616      0.00143751
    1617      0.00153448
    1618      0.00151931
    1619      0.00153586
    1620      0.00156770
    1621      0.00151875
    1622      0.00157150
    1623      0.00158089
    1624      0.00157474
    1625      0.00144071
    1626      0.00145447
    1627      0.00141057
    1628      0.00130267
    1629      0.00132485
    1630      0.00143974
    1631      0.00150147
    1632      0.00142899
    1633      0.00144913
    1634      0.00142461
    1635      0.00133643
    1636      0.00139717
    1637      0.00147482
    1638      0.00144530
    1639      0.00155565
    1640      0.00157256
    1641      0.00149525
    1642      0.00147069
    1643      0.00149664
    1644      0.00152549
    1645      0.00154317
    1646      0.00162622
    1647      0.00169221
    1648      0.00155155
    1649      0.00141409
    1650      0.00144954
    1651      0.00148518
    1652      0.00154065
    1653      0.00160391
    1654      0.00168805
    1655      0.00158309
    1656      0.00157159
    1657      0.00172701
    1658      0.00172008
    1659      0.00185239
    1660      0.00189187
    1661      0.00190530
    1662      0.00197451
    1663      0.00196951
    1664      0.00205795
    1665      0.00201932
    1666      0.00195014
    1667      0.00212208
    1668      0.00218440
    1669      0.00206148
    1670      0.00209212
    1671      0.00223336
    1672      0.00240747
    1673      0.00240338
    1674      0.00225172
    1675      0.00216422
    1676      0.00204894
    1677      0.00189179
    1678      0.00173703
    1679      0.00173011
    1680      0.00182491
    1681      0.00177883
    1682      0.00169132
    1683      0.00147847
    1684      0.00134522
    1685      0.00135731
    1686      0.00129429
    1687      0.00111784
    1688      0.00112987
    1689      0.00123227
    1690      0.00110304
    1691      0.00112634
    1692      0.00112890
    1693      0.00101146
    1694      0.00089515
    1695      0.00086523
    1696      0.00070787
    1697      0.00065132
    1698      0.00064740
    1699      0.00058916
    1700      0.00078365
    1701      0.00082509
    1702      0.00080767
    1703      0.00074212
    1704      0.00073860
    1705      0.00081939
    1706      0.00091863
    1707      0.00092934
    1708      0.00084141
    1709      0.00089661
    1710      0.00103489
    1711      0.00105091
    1712      0.00086639
    1713      0.00076991
    1714      0.00079295
    1715      0.00086106
    1716      0.00095818
    1717      0.00097631
    1718      0.00082118
    1719      0.00067001
    1720      0.00076006
    1721      0.00103363
    1722      0.00120445
    1723      0.00118350
    1724      0.00112669
    1725      0.00106959
    1726      0.00107373
    1727      0.00093956
    1728      0.00091598
    1729      0.00097224
    1730      0.00086390
    1731      0.00087837
    1732      0.00085621
    1733      0.00077544
    1734      0.00075451
    1735      0.00073882
    1736      0.00063361
    1737      0.00068069
    1738      0.00066119
    1739      0.00054777
    1740      0.00063265
    1741      0.00074938
    1742      0.00092997
    1743      0.00096932
    1744      0.00087908
    1745      0.00087995
    1746      0.00085653
    1747      0.00079976
    1748      0.00089405
    1749      0.00102878
    1750      0.00109379
    1751      0.00102911
    1752      0.00090585
    1753      0.00095214
    1754      0.00103329
    1755      0.00096247
    1756      0.00083409
    1757      0.00083857
    1758      0.00089014
    1759      0.00091529
    1760      0.00081416
    1761      0.00066322
    1762      0.00053197
    1763      0.00048587
    1764      0.00058104
    1765      0.00060192
    1766      0.00057611
    1767      0.00058666
    1768      0.00051020
    1769      0.00058160
    1770      0.00060841
    1771      0.00045588
    1772      0.00040064
    1773      0.00037866
    1774      0.00047412
    1775      0.00054455
    1776      0.00044776
    1777      0.00045087
    1778      0.00051800
    1779      0.00058813
    1780      0.00075480
    1781      0.00071622
    1782      0.00062806
    1783      0.00063406
    1784      0.00066723
    1785      0.00068530
    1786      0.00057555
    1787      0.00045520
    1788      0.00023832
    1789      0.00020017
    1790      0.00021763
    1791      0.00019924
    1792      0.00023718
    1793      0.00031781
    1794      0.00044449
    1795      0.00045276
    1796      0.00030008
    1797      0.00016683
    1798      0.00028472
    1799      0.00025939
    1800      0.00012927
    1801      0.00010340
    1802     -0.00000866
    1803     -0.00015007
    1804     -0.00019578
    1805     -0.00012302
    1806      0.00004918
    1807      0.00017367
    1808      0.00022948
    1809      0.00009163
    1810      0.00001323
    1811      0.00003076
    1812      0.00008599
    1813      0.00019378
    1814      0.00022865
    1815      0.00021616
    1816      0.00012588
    1817      0.00005260
    1818      0.00004096
    1819     -0.00001434
    1820     -0.00001697
    1821     -0.00000399
    1822     -0.00012930
    1823     -0.00007853
    1824      0.00002097
    1825      0.00002075
    1826     -0.00013000
    1827     -0.00020204
    1828     -0.00004445
    1829     -0.00004653
    1830     -0.00008087
    1831     -0.00007897
    1832     -0.00008970
    1833     -0.00019194
    1834     -0.00027422
    1835     -0.00039968
    1836     -0.00049979
    1837     -0.00053826
    1838     -0.00055841
    1839     -0.00051992
    1840     -0.00048611
    1841     -0.00040780
    1842     -0.00036733
    1843     -0.00030149
    1844     -0.00018618
    1845     -0.00009306
    1846     -0.00000569
    1847      0.00017614
    1848      0.00003363
    1849      0.00014839
    1850      0.00038713
    1851      0.00040732
    1852      0.00054808
    1853      0.00047776
    1854      0.00045498
    1855      0.00039864
    1856      0.00023362
    1857      0.00023153
    1858      0.00026784
    1859      0.00028133
    1860      0.00022444
    1861      0.00003423
    1862      0.00007905
    1863      0.00029432
    1864      0.00030260
    1865      0.00021913
    1866      0.00017018
    1867      0.00021838
    1868      0.00021727
    1869      0.00012246
    1870      0.00013834
    1871      0.00024069
    1872      0.00032489
    1873      0.00016383
    1874     -0.00005328
    1875     -0.00001809
    1876     -0.00005542
    1877     -0.00005140
    1878     -0.00010358
    1879     -0.00026838
    1880     -0.00034361
    1881     -0.00044183
    1882     -0.00045778
    1883     -0.00038832
    1884     -0.00045717
    1885     -0.00063386
    1886     -0.00069942
    1887     -0.00063075
    1888     -0.00053924
    1889     -0.00046289
    1890     -0.00044276
    1891     -0.00059513
    1892     -0.00069330
    1893     -0.00073931
    1894     -0.00075079
    1895     -0.00083470
    1896     -0.00090047
    1897     -0.00089220
    1898     -0.00107457
    1899     -0.00115274
    1900     -0.00106851
    1901     -0.00098108
    1902     -0.00101816
    1903     -0.00108517
    1904     -0.00097961
    1905     -0.00088335
    1906     -0.00089580
    1907     -0.00094398
    1908     -0.00103004
    1909     -0.00107735
    1910     -0.00119000
    1911     -0.00128320
    1912     -0.00120307
    1913     -0.00103962
    1914     -0.00091015
    1915     -0.00087864
    1916     -0.00094439
    1917     -0.00085213
    1918     -0.00060172
    1919     -0.00044951
    1920     -0.00037222
    1921     -0.00035124
    1922     -0.00023454
    1923     -0.00017425
    1924     -0.00009648
    1925     -0.00007691
    1926     -0.00018473
    1927     -0.00024915
    1928     -0.00033379
    1929     -0.00058316
    1930     -0.00076786
    1931     -0.00071649
    1932     -0.00062677
    1933     -0.00057498
    1934     -0.00058864
    1935     -0.00042020
    1936     -0.00014698
    1937      0.00002729
    1938      0.00005364
    1939     -0.00001833
    1940     -0.00008344
    1941     -0.00020231
    1942     -0.00021803
    1943     -0.00017715
    1944     -0.00018875
    1945     -0.00014298
    1946     -0.00000391
    1947      0.00015346
    1948      0.00020447
    1949      0.00018643
    1950      0.00012045
    1951      0.00009153
    1952      0.00035718
    1953      0.00049578
    1954      0.00050126
    1955      0.00044372
    1956      0.00027690
    1957      0.00024347
    1958      0.00018545
    1959      0.00005023
    1960     -0.00012716
    1961     -0.00012236
    1962     -0.00013399
    1963     -0.00023176
    1964     -0.00030584
    1965     -0.00012578
    1966     -0.00004569
    1967     -0.00013592
    1968     -0.00019967
    1969     -0.00028972
    1970     -0.00014635
    1971     -0.00007869
    1972     -0.00009243
    1973     -0.00006342
    1974      0.00009693
    1975      0.00026498
    1976      0.00043377
    1977      0.00055261
    1978      0.00049697
    1979      0.00050482
    1980      0.00048854
    1981      0.00043212
    1982      0.00043895
    1983      0.00039132
    1984      0.00035741
    1985      0.00036052
    1986      0.00042417
    1987      0.00038165
    1988      0.00028489
    1989      0.00021077
    1990      0.00001205
    1991     -0.00005410
    1992      0.00009647
    1993      0.00012946
    1994      0.00002967
    1995      0.00013481
    1996      0.00017062
    1997      0.00028587
    1998      0.00027260
    1999      0.00018323
