       0      0.99637838
       1      0.99513137
       2      0.99259790
       3      0.98991197
       4      0.98735291
       5      0.98483872
       6      0.98246600
       7      0.98013915
       8      0.97749883
       9      0.97496994
      10      0.97271284
      11      0.97026620
      12      0.96769106
      13      0.96525730
      14      0.96290909
      15      0.96046781
      16      0.95799782
      17      0.95550540
      18      0.95309382
      19      0.95097710
      20      0.94876518
      21      0.94629331
      22      0.94393836
      23      0.94175901
      24      0.93945989
      25      0.93714702
      26      0.93492594
      27      0.93257625
      28      0.93020511
      29      0.92794413
      30      0.92569580
      31      0.92351495
      32      0.92135407
      33      0.91911001
      34      0.91688169
      35      0.91463608
      36      0.91226667
      37      0.91002066
      38      0.90788670
      39      0.90569586
      40      0.90348871
      41      0.90125885
      42      0.89913513
      43      0.89694705
      44      0.89458754
      45      0.89233674
      46      0.89019000
      47      0.88790603
      48      0.88563535
      49      0.88332924
      50      0.88104709
      51      0.87888938
      52      0.87663504
      53      0.87444460
      54      0.87240736
      55      0.87041638
      56      0.86831372
      57      0.86621920
      58      0.86422449
      59      0.86230686
      60      0.86048321
      61      0.85834817
      62      0.85602196
      63      0.85382850
      64      0.85170083
      65      0.84961363
      66      0.84735842
      67      0.84498528
      68      0.84284575
      69      0.84083083
      70      0.83866319
      71      0.83648368
      72      0.83431815
      73      0.83220121
      74      0.83015780
      75      0.82815451
      76      0.82618902
      77      0.82428090
      78      0.82229577
      79      0.82020734
      80      0.81805735
      81      0.81603721
      82      0.81420558
      83      0.81247113
      84      0.81067320
      85      0.80871635
      86      0.80663596
      87      0.80448656
      88      0.80231198
      89      0.80025009
      90      0.79839768
      91      0.79644968
      92      0.79452038
      93      0.79265556
      94      0.79066760
      95      0.78865881
      96      0.78670096
      97      0.78480777
      98      0.78280091
      99      0.78072438
     100      0.77871622
     101      0.77686552
     102      0.77490617
     103      0.77293559
     104      0.77116987
     105      0.76930026
     106      0.76738398
     107      0.76556383
     108      0.76390875
     109      0.76224456
     110      0.76040786
     111      0.75858354
     112      0.75681422
     113      0.75497758
     114      0.75311026
     115      0.75141494
     116      0.74978749
     117      0.74799089
     118      0.74597325
     119      0.74394699
     120      0.74203437
     121      0.74007893
     122      0.73822890
     123      0.73655001
     124      0.73490101
     125      0.73306532
     126      0.73105140
     127      0.72903856
     128      0.72713455
     129      0.72533275
     130      0.72349040
     131      0.72166336
     132      0.71998251
     133      0.71824077
     134      0.71637846
     135      0.71462303
     136      0.71285410
     137      0.71106031
     138      0.70940270
     139      0.70773383
     140      0.70608596
     141      0.70443853
     142      0.70267941
     143      0.70091555
     144      0.69919708
     145      0.69742575
     146      0.69559363
     147      0.69376792
     148      0.69206110
     149      0.69049628
     150      0.68889606
     151      0.68717858
     152      0.68545370
     153      0.68376485
     154      0.68206838
     155      0.68026819
     156      0.67834572
     157      0.67650635
     158      0.67485054
     159      0.67329062
     160      0.67166804
     161      0.67000876
     162      0.66829132
     163      0.66667948
     164      0.66513015
     165      0.66324564
     166      0.66153621
     167      0.66003737
     168      0.65837445
     169      0.65665983
     170      0.65495164
     171      0.65336484
     172      0.65181181
     173      0.65004364
     174      0.64827310
     175      0.64658312
     176      0.64491854
     177      0.64335146
     178      0.64187548
     179      0.64038783
     180      0.63877777
     181      0.63717623
     182      0.63554961
     183      0.63397874
     184      0.63241166
     185      0.63067821
     186      0.62901099
     187      0.62741821
     188      0.62577274
     189      0.62417087
     190      0.62252495
     191      0.62060666
     192      0.61861192
     193      0.61690187
     194      0.61547441
     195      0.61404844
     196      0.61259201
     197      0.61124413
     198      0.60975596
     199      0.60813728
     200      0.60667336
     201      0.60518581
     202      0.60367413
     203      0.60217924
     204      0.60072444
     205      0.59917397
     206      0.59747347
     207      0.59590236
     208      0.59441193
     209      0.59296642
     210      0.59154953
     211      0.59000995
     212      0.58841595
     213      0.58684108
     214      0.58535454
     215      0.58391978
     216      0.58238928
     217      0.58104473
     218      0.57969218
     219      0.57826244
     220      0.57692151
     221      0.57555882
     222      0.57419310
     223      0.57279103
     224      0.57141504
     225      0.57003488
     226      0.56852275
     227      0.56708013
     228      0.56571953
     229      0.56429358
     230      0.56300374
     231      0.56175870
     232      0.56047034
     233      0.55922631
     234      0.55797449
     235      0.55671262
     236      0.55538778
     237      0.55388108
     238      0.55240354
     239      0.55112832
     240      0.54981813
     241      0.54833500
     242      0.54685363
     243      0.54557026
     244      0.54425485
     245      0.54285533
     246      0.54145561
     247      0.54004502
     248      0.53864448
     249      0.53723258
     250      0.53583609
     251      0.53448044
     252      0.53303842
     253      0.53154294
     254      0.53019961
     255      0.52897292
     256      0.52763925
     257      0.52630180
     258      0.52501482
     259      0.52365900
     260      0.52237299
     261      0.52101867
     262      0.51961611
     263      0.51831022
     264      0.51718415
     265      0.51600006
     266      0.51465463
     267      0.51328529
     268      0.51189295
     269      0.51071503
     270      0.50968253
     271      0.50846983
     272      0.50712333
     273      0.50576907
     274      0.50449256
     275      0.50322120
     276      0.50198103
     277      0.50086613
     278      0.49969696
     279      0.49830824
     280      0.49693963
     281      0.49572730
     282      0.49458168
     283      0.49339589
     284      0.49205979
     285      0.49074315
     286      0.48957402
     287      0.48840150
     288      0.48717654
     289      0.48598197
     290      0.48484468
     291      0.48364913
     292      0.48255877
     293      0.48145180
     294      0.48026288
     295      0.47909223
     296      0.47780318
     297      0.47666960
     298      0.47560130
     299      0.47443901
     300      0.47327514
     301      0.47210024
     302      0.47092848
     303      0.46962125
     304      0.46818022
     305      0.46686348
     306      0.46558153
     307      0.46439590
     308      0.46337272
     309      0.46236375
     310      0.46113565
     311      0.45980254
     312      0.45867002
     313      0.45748606
     314      0.45612069
     315      0.45488412
     316      0.45384284
     317      0.45276513
     318      0.45154533
     319      0.45037454
     320      0.44933531
     321      0.44817462
     322      0.44689052
     323      0.44568294
     324      0.44456022
     325      0.44346701
     326      0.44234505
     327      0.44112642
     328      0.43988801
     329      0.43881331
     330      0.43781927
     331      0.43671581
     332      0.43557500
     333      0.43439017
     334      0.43323988
     335      0.43208582
     336      0.43080903
     337      0.42967888
     338      0.42863038
     339      0.42750818
     340      0.42644862
     341      0.42541445
     342      0.42437479
     343      0.42342149
     344      0.42251769
     345      0.42149389
     346      0.42026860
     347      0.41907820
     348      0.41799223
     349      0.41694586
     350      0.41592413
     351      0.41479238
     352      0.41370654
     353      0.41269195
     354      0.41156502
     355      0.41041451
     356      0.40933168
     357      0.40823100
     358      0.40712512
     359      0.40615033
     360      0.40513695
     361      0.40396973
     362      0.40284024
     363      0.40183592
     364      0.40080887
     365      0.39992478
     366      0.39906261
     367      0.39797490
     368      0.39692487
     369      0.39601178
     370      0.39501851
     371      0.39398899
     372      0.39300743
     373      0.39206310
     374      0.39117558
     375      0.39020792
     376      0.38916196
     377      0.38817537
     378      0.38730822
     379      0.38642008
     380      0.38544460
     381      0.38449948
     382      0.38364301
     383      0.38280260
     384      0.38186178
     385      0.38093434
     386      0.37996684
     387      0.37891435
     388      0.37796376
     389      0.37688651
     390      0.37579748
     391      0.37485267
     392      0.37385334
     393      0.37283955
     394      0.37198982
     395      0.37115504
     396      0.37022000
     397      0.36924433
     398      0.36835767
     399      0.36759040
     400      0.36672993
     401      0.36568907
     402      0.36464657
     403      0.36376852
     404      0.36284621
     405      0.36184480
     406      0.36090073
     407      0.36003450
     408      0.35916558
     409      0.35829926
     410      0.35748266
     411      0.35662918
     412      0.35570717
     413      0.35475013
     414      0.35386714
     415      0.35303739
     416      0.35219305
     417      0.35126971
     418      0.35032712
     419      0.34942505
     420      0.34850867
     421      0.34766517
     422      0.34673701
     423      0.34584509
     424      0.34503672
     425      0.34411019
     426      0.34304120
     427      0.34200875
     428      0.34106982
     429      0.34021745
     430      0.33942249
     431      0.33868465
     432      0.33794711
     433      0.33723385
     434      0.33665875
     435      0.33610121
     436      0.33546616
     437      0.33468095
     438      0.33391340
     439      0.33312968
     440      0.33227865
     441      0.33137244
     442      0.33054940
     443      0.32987373
     444      0.32910921
     445      0.32821641
     446      0.32737991
     447      0.32659622
     448      0.32592705
     449      0.32529189
     450      0.32444017
     451      0.32351523
     452      0.32262168
     453      0.32167689
     454      0.32082493
     455      0.32009728
     456      0.31934940
     457      0.31860385
     458      0.31778933
     459      0.31695215
     460      0.31619548
     461      0.31541821
     462      0.31466430
     463      0.31389890
     464      0.31300436
     465      0.31222617
     466      0.31153119
     467      0.31067625
     468      0.30976853
     469      0.30904817
     470      0.30844757
     471      0.30768803
     472      0.30695234
     473      0.30625823
     474      0.30547293
     475      0.30464897
     476      0.30376552
     477      0.30297887
     478      0.30223786
     479      0.30141730
     480      0.30063866
     481      0.29988891
     482      0.29910386
     483      0.29832062
     484      0.29752365
     485      0.29674234
     486      0.29615638
     487      0.29559231
     488      0.29496432
     489      0.29427573
     490      0.29341295
     491      0.29261506
     492      0.29189879
     493      0.29114102
     494      0.29040724
     495      0.28961179
     496      0.28886566
     497      0.28824375
     498      0.28748793
     499      0.28668573
     500      0.28602633
     501      0.28537590
     502      0.28466955
     503      0.28396118
     504      0.28331022
     505      0.28267233
     506      0.28198343
     507      0.28130939
     508      0.28067315
     509      0.28002147
     510      0.27934774
     511      0.27858452
     512      0.27778374
     513      0.27709477
     514      0.27652032
     515      0.27585141
     516      0.27515451
     517      0.27459126
     518      0.27401133
     519      0.27326854
     520      0.27237067
     521      0.27151154
     522      0.27081435
     523      0.27020618
     524      0.26959546
     525      0.26891560
     526      0.26814823
     527      0.26738006
     528      0.26670824
     529      0.26605348
     530      0.26525967
     531      0.26454408
     532      0.26386634
     533      0.26311585
     534      0.26233007
     535      0.26160513
     536      0.26098736
     537      0.26027592
     538      0.25955589
     539      0.25884761
     540      0.25817153
     541      0.25757297
     542      0.25704001
     543      0.25643946
     544      0.25581366
     545      0.25523909
     546      0.25462424
     547      0.25396066
     548      0.25322962
     549      0.25257227
     550      0.25198919
     551      0.25127894
     552      0.25058837
     553      0.24998907
     554      0.24939030
     555      0.24889523
     556      0.24837541
     557      0.24780857
     558      0.24719177
     559      0.24653421
     560      0.24584708
     561      0.24515573
     562      0.24452714
     563      0.24387256
     564      0.24335792
     565      0.24290335
     566      0.24243636
     567      0.24188096
     568      0.24121025
     569      0.24048607
     570      0.23971873
     571      0.23905110
     572      0.23843733
     573      0.23784656
     574      0.23730321
     575      0.23675917
     576      0.23622293
     577      0.23562093
     578      0.23501230
     579      0.23448144
     580      0.23397197
     581      0.23335177
     582      0.23268585
     583      0.23222153
     584      0.23166500
     585      0.23101525
     586      0.23051280
     587      0.22997675
     588      0.22937593
     589      0.22880132
     590      0.22820648
     591      0.22753138
     592      0.22689159
     593      0.22635812
     594      0.22581225
     595      0.22516591
     596      0.22457847
     597      0.22412155
     598      0.22366915
     599      0.22319930
     600      0.22271313
     601      0.22226239
     602      0.22177489
     603      0.22114147
     604      0.22055880
     605      0.22003218
     606      0.21954809
     607      0.21905089
     608      0.21854679
     609      0.21808099
     610      0.21758238
     611      0.21707928
     612      0.21651309
     613      0.21595738
     614      0.21548386
     615      0.21503047
     616      0.21454712
     617      0.21401911
     618      0.21347125
     619      0.21297403
     620      0.21245410
     621      0.21196415
     622      0.21146900
     623      0.21089674
     624      0.21042960
     625      0.20990214
     626      0.20933969
     627      0.20888456
     628      0.20842574
     629      0.20794884
     630      0.20742621
     631      0.20697695
     632      0.20649179
     633      0.20584563
     634      0.20533909
     635      0.20489326
     636      0.20446534
     637      0.20417930
     638      0.20375391
     639      0.20319258
     640      0.20264633
     641      0.20211288
     642      0.20165035
     643      0.20109708
     644      0.20052182
     645      0.20010474
     646      0.19968477
     647      0.19922104
     648      0.19877059
     649      0.19836529
     650      0.19793936
     651      0.19732961
     652      0.19674078
     653      0.19623029
     654      0.19572094
     655      0.19521263
     656      0.19465372
     657      0.19417431
     658      0.19369160
     659      0.19316776
     660      0.19270014
     661      0.19231230
     662      0.19192964
     663      0.19145603
     664      0.19103804
     665      0.19050484
     666      0.19001569
     667      0.18966756
     668      0.18919889
     669      0.18876397
     670      0.18831259
     671      0.18775473
     672      0.18730912
     673      0.18694806
     674      0.18652741
     675      0.18606058
     676      0.18554750
     677      0.18494821
     678      0.18440613
     679      0.18389185
     680      0.18334767
     681      0.18289251
     682      0.18244898
     683      0.18199460
     684      0.18159598
     685      0.18122829
     686      0.18090539
     687      0.18054679
     688      0.18011345
     689      0.17964148
     690      0.17916552
     691      0.17872028
     692      0.17820911
     693      0.17772976
     694      0.17727758
     695      0.17676966
     696      0.17626312
     697      0.17580000
     698      0.17535820
     699      0.17492292
     700      0.17445495
     701      0.17401171
     702      0.17367120
     703      0.17338639
     704      0.17302069
     705      0.17258543
     706      0.17207667
     707      0.17158110
     708      0.17120315
     709      0.17083746
     710      0.17047246
     711      0.17014563
     712      0.16975428
     713      0.16936501
     714      0.16902247
     715      0.16862240
     716      0.16818380
     717      0.16769356
     718      0.16720127
     719      0.16678406
     720      0.16642465
     721      0.16610531
     722      0.16579436
     723      0.16541310
     724      0.16501927
     725      0.16459282
     726      0.16414165
     727      0.16375419
     728      0.16338602
     729      0.16298592
     730      0.16266621
     731      0.16232646
     732      0.16180770
     733      0.16129184
     734      0.16091722
     735      0.16045586
     736      0.15991713
     737      0.15948696
     738      0.15905715
     739      0.15867909
     740      0.15838810
     741      0.15808483
     742      0.15781379
     743      0.15743642
     744      0.15692253
     745      0.15644476
     746      0.15595606
     747      0.15549728
     748      0.15508510
     749      0.15466551
     750      0.15431061
     751      0.15396219
     752      0.15356091
     753      0.15313660
     754      0.15265878
     755      0.15224626
     756      0.15193678
     757      0.15150834
     758      0.15098484
     759      0.15057700
     760      0.15011365
     761      0.14963209
     762      0.14921221
     763      0.14874190
     764      0.14835549
     765      0.14799698
     766      0.14759084
     767      0.14720979
     768      0.14679416
     769      0.14641418
     770      0.14615960
     771      0.14583916
     772      0.14542139
     773      0.14501524
     774      0.14467614
     775      0.14434261
     776      0.14397889
     777      0.14373006
     778      0.14342244
     779      0.14294671
     780      0.14246335
     781      0.14207841
     782      0.14175110
     783      0.14144644
     784      0.14116792
     785      0.14084660
     786      0.14048655
     787      0.14011419
     788      0.13972060
     789      0.13929001
     790      0.13899098
     791      0.13876513
     792      0.13849179
     793      0.13820525
     794      0.13786061
     795      0.13746068
     796      0.13710691
     797      0.13683197
     798      0.13653103
     799      0.13611063
     800      0.13568704
     801      0.13529304
     802      0.13489704
     803      0.13457475
     804      0.13434377
     805      0.13402412
     806      0.13368825
     807      0.13352427
     808      0.13327416
     809      0.13282693
     810      0.13243730
     811      0.13214955
     812      0.13181961
     813      0.13143218
     814      0.13107443
     815      0.13074306
     816      0.13047356
     817      0.13018656
     818      0.12989289
     819      0.12961089
     820      0.12924365
     821      0.12887656
     822      0.12853928
     823      0.12825796
     824      0.12803973
     825      0.12782478
     826      0.12759836
     827      0.12726881
     828      0.12691656
     829      0.12664544
     830      0.12638417
     831      0.12605007
     832      0.12566229
     833      0.12527452
     834      0.12490332
     835      0.12460181
     836      0.12430180
     837      0.12403345
     838      0.12376665
     839      0.12343774
     840      0.12311742
     841      0.12280951
     842      0.12253900
     843      0.12227257
     844      0.12196905
     845      0.12164828
     846      0.12131633
     847      0.12097105
     848      0.12065875
     849      0.12034882
     850      0.12000347
     851      0.11965102
     852      0.11923832
     853      0.11892312
     854      0.11870269
     855      0.11843241
     856      0.11808338
     857      0.11773966
     858      0.11745454
     859      0.11709045
     860      0.11670008
     861      0.11635490
     862      0.11601508
     863      0.11566703
     864      0.11546674
     865      0.11528886
     866      0.11492972
     867      0.11457252
     868      0.11422676
     869      0.11394481
     870      0.11372349
     871      0.11351646
     872      0.11325682
     873      0.11292817
     874      0.11264592
     875      0.11242392
     876      0.11221897
     877      0.11200602
     878      0.11179402
     879      0.11154055
     880      0.11126385
     881      0.11091162
     882      0.11060402
     883      0.11035078
     884      0.11006522
     885      0.10974495
     886      0.10946682
     887      0.10921004
     888      0.10892410
     889      0.10859414
     890      0.10824870
     891      0.10801084
     892      0.10774385
     893      0.10746784
     894      0.10714510
     895      0.10677473
     896      0.10646480
     897      0.10621755
     898      0.10596054
     899      0.10566226
     900      0.10534583
     901      0.10506606
     902      0.10484999
     903      0.10467195
     904      0.10444275
     905      0.10417353
     906      0.10391774
     907      0.10365119
     908      0.10347032
     909      0.10329959
     910      0.10306726
     911      0.10283018
     912      0.10265260
     913      0.10247433
     914      0.10222149
     915      0.10195205
     916      0.10174083
     917      0.10155214
     918      0.10131708
     919      0.10101431
     920      0.10071278
     921      0.10052719
     922      0.10024507
     923      0.09992693
     924      0.09969185
     925      0.09937184
     926      0.09901258
     927      0.09875742
     928      0.09848065
     929      0.09810703
     930      0.09784676
     931      0.09760718
     932      0.09737740
     933      0.09712396
     934      0.09687335
     935      0.09673251
     936      0.09651891
     937      0.09626561
     938      0.09600124
     939      0.09576710
     940      0.09562192
     941      0.09540810
     942      0.09516765
     943      0.09493537
     944      0.09461279
     945      0.09430106
     946      0.09411679
     947      0.09396007
     948      0.09373123
     949      0.09339643
     950      0.09316843
     951      0.09299436
     952      0.09276849
     953      0.09256259
     954      0.09234321
     955      0.09217686
     956      0.09199220
     957      0.09177843
     958      0.09153240
     959      0.09134636
     960      0.09112500
     961      0.09080623
     962      0.09059772
     963      0.09047025
     964      0.09030961
     965      0.09006541
     966      0.08977091
     967      0.08951117
     968      0.08926370
     969      0.08905147
     970      0.08880570
     971      0.08852553
     972      0.08835349
     973      0.08827582
     974      0.08818854
     975      0.08796473
     976      0.08768557
     977      0.08740939
     978      0.08729553
     979      0.08718228
     980      0.08698046
     981      0.08682097
     982      0.08660297
     983      0.08630257
     984      0.08605172
     985      0.08590022
     986      0.08576351
     987      0.08562686
     988      0.08542758
     989      0.08526379
     990      0.08509338
     991      0.08483793
     992      0.08462745
     993      0.08439205
     994      0.08410417
     995      0.08389573
     996      0.08366643
     997      0.08343415
     998      0.08329756
     999      0.08318132
    1000      0.08304441
    1001      0.08286931
    1002      0.08262323
    1003      0.08238821
    1004      0.08217827
    1005      0.08192315
    1006      0.08167258
    1007      0.08146713
    1008      0.08130993
    1009      0.08115819
    1010      0.08098641
    1011      0.08076588
    1012      0.08055941
    1013      0.08032709
    1014      0.08009047
    1015      0.07986538
    1016      0.07958625
    1017      0.07934282
    1018      0.07923570
    1019      0.07912372
    1020      0.07881005
    1021      0.07852404
    1022      0.07839759
    1023      0.07823896
    1024      0.07801584
    1025      0.07774237
    1026      0.07755913
    1027      0.07743625
    1028      0.07727571
    1029      0.07717986
    1030      0.07702368
    1031      0.07671122
    1032      0.07644125
    1033      0.07621038
    1034      0.07598240
    1035      0.07579297
    1036      0.07557793
    1037      0.07535999
    1038      0.07513325
    1039      0.07492727
    1040      0.07473942
    1041      0.07446896
    1042      0.07417561
    1043      0.07399324
    1044      0.07386348
    1045      0.07370124
    1046      0.07353298
    1047      0.07336200
    1048      0.07320203
    1049      0.07303213
    1050      0.07283083
    1051      0.07270473
    1052      0.07251639
    1053      0.07227344
    1054      0.07210191
    1055      0.07189766
    1056      0.07166656
    1057      0.07142038
    1058      0.07116401
    1059      0.07095269
    1060      0.07082793
    1061      0.07070001
    1062      0.07053071
    1063      0.07030794
    1064      0.07010973
    1065      0.07000182
    1066      0.06987276
    1067      0.06970742
    1068      0.06954882
    1069      0.06939868
    1070      0.06919148
    1071      0.06903835
    1072      0.06891381
    1073      0.06870523
    1074      0.06859573
    1075      0.06843557
    1076      0.06809930
    1077      0.06777851
    1078      0.06751381
    1079      0.06730404
    1080      0.06708560
    1081      0.06684084
    1082      0.06664363
    1083      0.06646267
    1084      0.06629701
    1085      0.06610137
    1086      0.06589995
    1087      0.06576837
    1088      0.06564613
    1089      0.06543505
    1090      0.06523075
    1091      0.06500492
    1092      0.06474213
    1093      0.06453156
    1094      0.06430137
    1095      0.06406531
    1096      0.06390371
    1097      0.06379826
    1098      0.06362642
    1099      0.06342389
    1100      0.06322405
    1101      0.06302402
    1102      0.06282891
    1103      0.06263329
    1104      0.06242449
    1105      0.06218743
    1106      0.06200941
    1107      0.06187161
    1108      0.06176090
    1109      0.06161054
    1110      0.06138777
    1111      0.06121248
    1112      0.06107046
    1113      0.06086376
    1114      0.06061878
    1115      0.06033490
    1116      0.06007011
    1117      0.05985654
    1118      0.05965559
    1119      0.05950663
    1120      0.05930555
    1121      0.05911807
    1122      0.05903075
    1123      0.05890846
    1124      0.05873401
    1125      0.05858637
    1126      0.05846202
    1127      0.05826887
    1128      0.05812116
    1129      0.05795417
    1130      0.05762711
    1131      0.05742546
    1132      0.05720500
    1133      0.05692418
    1134      0.05679772
    1135      0.05667047
    1136      0.05651726
    1137      0.05636390
    1138      0.05620133
    1139      0.05606125
    1140      0.05590720
    1141      0.05568621
    1142      0.05541509
    1143      0.05512387
    1144      0.05500119
    1145      0.05496286
    1146      0.05479235
    1147      0.05469636
    1148      0.05462569
    1149      0.05440535
    1150      0.05418293
    1151      0.05403212
    1152      0.05399166
    1153      0.05386603
    1154      0.05363831
    1155      0.05347857
    1156      0.05331919
    1157      0.05320107
    1158      0.05318613
    1159      0.05305564
    1160      0.05287591
    1161      0.05277356
    1162      0.05259771
    1163      0.05244191
    1164      0.05234683
    1165      0.05231981
    1166      0.05230901
    1167      0.05214675
    1168      0.05196536
    1169      0.05180321
    1170      0.05168154
    1171      0.05155022
    1172      0.05135348
    1173      0.05125250
    1174      0.05112133
    1175      0.05091249
    1176      0.05075784
    1177      0.05063077
    1178      0.05043479
    1179      0.05024084
    1180      0.05005091
    1181      0.04988775
    1182      0.04977056
    1183      0.04959048
    1184      0.04943667
    1185      0.04932432
    1186      0.04920688
    1187      0.04914987
    1188      0.04910309
    1189      0.04897537
    1190      0.04883953
    1191      0.04877290
    1192      0.04864873
    1193      0.04847110
    1194      0.04825180
    1195      0.04805702
    1196      0.04798140
    1197      0.04793103
    1198      0.04781756
    1199      0.04768625
    1200      0.04762256
    1201      0.04754908
    1202      0.04743342
    1203      0.04739148
    1204      0.04735007
    1205      0.04718546
    1206      0.04707323
    1207      0.04703728
    1208      0.04696109
    1209      0.04680540
    1210      0.04667419
    1211      0.04657732
    1212      0.04645461
    1213      0.04630762
    1214      0.04614165
    1215      0.04605057
    1216      0.04589191
    1217      0.04567072
    1218      0.04552009
    1219      0.04544190
    1220      0.04535031
    1221      0.04521812
    1222      0.04512047
    1223      0.04509212
    1224      0.04505954
    1225      0.04500297
    1226      0.04492241
    1227      0.04487271
    1228      0.04487071
    1229      0.04478193
    1230      0.04472851
    1231      0.04466546
    1232      0.04448897
    1233      0.04431377
    1234      0.04417589
    1235      0.04405728
    1236      0.04389384
    1237      0.04366519
    1238      0.04348046
    1239      0.04338111
    1240      0.04337518
    1241      0.04339256
    1242      0.04334035
    1243      0.04327629
    1244      0.04321381
    1245      0.04304201
    1246      0.04290840
    1247      0.04281058
    1248      0.04272386
    1249      0.04271256
    1250      0.04260448
    1251      0.04244401
    1252      0.04233173
    1253      0.04225931
    1254      0.04215799
    1255      0.04201783
    1256      0.04178333
    1257      0.04162193
    1258      0.04157656
    1259      0.04150299
    1260      0.04147882
    1261      0.04144949
    1262      0.04140441
    1263      0.04130936
    1264      0.04121647
    1265      0.04111041
    1266      0.04097302
    1267      0.04089827
    1268      0.04076724
    1269      0.04066224
    1270      0.04061578
    1271      0.04054851
    1272      0.04046832
    1273      0.04036262
    1274      0.04030659
    1275      0.04030324
    1276      0.04033512
    1277      0.04028891
    1278      0.04015256
    1279      0.04005967
    1280      0.03985879
    1281      0.03962910
    1282      0.03953845
    1283      0.03946169
    1284      0.03934265
    1285      0.03920536
    1286      0.03912201
    1287      0.03906889
    1288      0.03896892
    1289      0.03890832
    1290      0.03881379
    1291      0.03868603
    1292      0.03854322
    1293      0.03836420
    1294      0.03819130
    1295      0.03803471
    1296      0.03796242
    1297      0.03790531
    1298      0.03780993
    1299      0.03767020
    1300      0.03745016
    1301      0.03728361
    1302      0.03719406
    1303      0.03708631
    1304      0.03701963
    1305      0.03694433
    1306      0.03682542
    1307      0.03665438
    1308      0.03653056
    1309      0.03654661
    1310      0.03645341
    1311      0.03623148
    1312      0.03612517
    1313      0.03596853
    1314      0.03569872
    1315      0.03552779
    1316      0.03543786
    1317      0.03538327
    1318      0.03528726
    1319      0.03517770
    1320      0.03512022
    1321      0.03513214
    1322      0.03516072
    1323      0.03510148
    1324      0.03498618
    1325      0.03486504
    1326      0.03475353
    1327      0.03467801
    1328      0.03461041
    1329      0.03447353
    1330      0.03433774
    1331      0.03423460
    1332      0.03411458
    1333      0.03401202
    1334      0.03393033
    1335      0.03382937
    1336      0.03368987
    1337      0.03361661
    1338      0.03357174
    1339      0.03344787
    1340      0.03337813
    1341      0.03333772
    1342      0.03324767
    1343      0.03314375
    1344      0.03307275
    1345      0.03298529
    1346      0.03285919
    1347      0.03276351
    1348      0.03267613
    1349      0.03259293
    1350      0.03253393
    1351      0.03250067
    1352      0.03242168
    1353      0.03230372
    1354      0.03221442
    1355      0.03213203
    1356      0.03209632
    1357      0.03207085
    1358      0.03194145
    1359      0.03177165
    1360      0.03171227
    1361      0.03175192
    1362      0.03168574
    1363      0.03161155
    1364      0.03155822
    1365      0.03147481
    1366      0.03137106
    1367      0.03125166
    1368      0.03108452
    1369      0.03094239
    1370      0.03094324
    1371      0.03090637
    1372      0.03078989
    1373      0.03069520
    1374      0.03060146
    1375      0.03048071
    1376      0.03037584
    1377      0.03030696
    1378      0.03023770
    1379      0.03012180
    1380      0.02996219
    1381      0.02986553
    1382      0.02975594
    1383      0.02964050
    1384      0.02963329
    1385      0.02960037
    1386      0.02948752
    1387      0.02936002
    1388      0.02931453
    1389      0.02936102
    1390      0.02934563
    1391      0.02931259
    1392      0.02926832
    1393      0.02918713
    1394      0.02915749
    1395      0.02911563
    1396      0.02910238
    1397      0.02905976
    1398      0.02898422
    1399      0.02895636
    1400      0.02894668
    1401      0.02894413
    1402      0.02888069
    1403      0.02883208
    1404      0.02876301
    1405      0.02867174
    1406      0.02858351
    1407      0.02850809
    1408      0.02849616
    1409      0.02846280
    1410      0.02842183
    1411      0.02840494
    1412      0.02836542
    1413      0.02829550
    1414      0.02817043
    1415      0.02806630
    1416      0.02803802
    1417      0.02791184
    1418      0.02778652
    1419      0.02763917
    1420      0.02750668
    1421      0.02748561
    1422      0.02736518
    1423      0.02724209
    1424      0.02727339
    1425      0.02733090
    1426      0.02730850
    1427      0.02725822
    1428      0.02719291
    1429      0.02719957
    1430      0.02720759
    1431      0.02708994
    1432      0.02695206
    1433      0.02693402
    1434      0.02694604
    1435      0.02691871
    1436      0.02689078
    1437      0.02687435
    1438      0.02687754
    1439      0.02678009
    1440      0.02672065
    1441      0.02672214
    1442      0.02661876
    1443      0.02644816
    1444      0.02631802
    1445      0.02628806
    1446      0.02622467
    1447      0.02611070
    1448      0.02605390
    1449      0.02608917
    1450      0.02617553
    1451      0.02605946
    1452      0.02586318
    1453      0.02579106
    1454      0.02569786
    1455      0.02561067
    1456      0.02552223
    1457      0.02547296
    1458      0.02546580
    1459      0.02542781
    1460      0.02535658
    1461      0.02525428
    1462      0.02505912
    1463      0.02497270
    1464      0.02502419
    1465      0.02495940
    1466      0.02488808
    1467      0.02479728
    1468      0.02473114
    1469      0.02475382
    1470      0.02473213
    1471      0.02469476
    1472      0.02466469
    1473      0.02461386
    1474      0.02450339
    1475      0.02439382
    1476      0.02434197
    1477      0.02424199
    1478      0.02414867
    1479      0.02404672
    1480      0.02389851
    1481      0.02389956
    1482      0.02396572
    1483      0.02394579
    1484      0.02384963
    1485      0.02379447
    1486      0.02374332
    1487      0.02364564
    1488      0.02356337
    1489      0.02345489
    1490      0.02335424
    1491      0.02326371
    1492      0.02319133
    1493      0.02305872
    1494      0.02296747
    1495      0.02290412
    1496      0.02275707
    1497      0.02262443
    1498      0.02254153
    1499      0.02248427
    1500      0.02242164
    1501      0.02236808
    1502      0.02235508
    1503      0.02234933
    1504      0.02230340
    1505      0.02224255
    1506      0.02220996
    1507      0.02222287
    1508      0.02214729
    1509      0.02200062
    1510      0.02193410
    1511      0.02192180
    1512      0.02191531
    1513      0.02186262
    1514      0.02176923
    1515      0.02168052
    1516      0.02157670
    1517      0.02148901
    1518      0.02140112
    1519      0.02128577
    1520      0.02129879
    1521      0.02138515
    1522      0.02145876
    1523      0.02137262
    1524      0.02119623
    1525      0.02112328
    1526      0.02109119
    1527      0.02107338
    1528      0.02102755
    1529      0.02096401
    1530      0.02091907
    1531      0.02088248
    1532      0.02081470
    1533      0.02073591
    1534      0.02065890
    1535      0.02058115
    1536      0.02049260
    1537      0.02042328
    1538      0.02036009
    1539      0.02024178
    1540      0.02017553
    1541      0.02014871
    1542      0.02012339
    1543      0.02011692
    1544      0.02015713
    1545      0.02019340
    1546      0.02022464
    1547      0.02018839
    1548      0.02001610
    1549      0.01995154
    1550      0.01995339
    1551      0.01987793
    1552      0.01982057
    1553      0.01973814
    1554      0.01957540
    1555      0.01943696
    1556      0.01937402
    1557      0.01934082
    1558      0.01930661
    1559      0.01920976
    1560      0.01910488
    1561      0.01909162
    1562      0.01907629
    1563      0.01901899
    1564      0.01899758
    1565      0.01898495
    1566      0.01893888
    1567      0.01896498
    1568      0.01893949
    1569      0.01882666
    1570      0.01866539
    1571      0.01848384
    1572      0.01836225
    1573      0.01833300
    1574      0.01833402
    1575      0.01827155
    1576      0.01828322
    1577      0.01822518
    1578      0.01810467
    1579      0.01806145
    1580      0.01796048
    1581      0.01783874
    1582      0.01779249
    1583      0.01780122
    1584      0.01784183
    1585      0.01778676
    1586      0.01768387
    1587      0.01765456
    1588      0.01764123
    1589      0.01762951
    1590      0.01759617
    1591      0.01761860
    1592      0.01764532
    1593      0.01762103
    1594      0.01760054
    1595      0.01753739
    1596      0.01739969
    1597      0.01743598
    1598      0.01747508
    1599      0.01743648
    1600      0.01748862
    1601      0.01745276
    1602      0.01738058
    1603      0.01733758
    1604      0.01730399
    1605      0.01726830
    1606      0.01719602
    1607      0.01712729
    1608      0.01710848
    1609      0.01709236
    1610      0.01701311
    1611      0.01691819
    1612      0.01688368
    1613      0.01684833
    1614      0.01672562
    1615      0.01662816
    1616      0.01659489
    1617      0.01656168
    1618      0.01657544
    1619      0.01654072
    1620      0.01650696
    1621      0.01651014
    1622      0.01644405
    1623      0.01631813
    1624      0.01622003
    1625      0.01615025
    1626      0.01613520
    1627      0.01609315
    1628      0.01598160
    1629      0.01588540
    1630      0.01585356
    1631      0.01587694
    1632      0.01591969
    1633      0.01601253
    1634      0.01600813
    1635      0.01585298
    1636      0.01567433
    1637      0.01559803
    1638      0.01552519
    1639      0.01539973
    1640      0.01530805
    1641      0.01523926
    1642      0.01520671
    1643      0.01521082
    1644      0.01518473
    1645      0.01515084
    1646      0.01522357
    1647      0.01531786
    1648      0.01536871
    1649      0.01541078
    1650      0.01543290
    1651      0.01542540
    1652      0.01542107
    1653      0.01533476
    1654      0.01524579
    1655      0.01522769
    1656      0.01521202
    1657      0.01521698
    1658      0.01517073
    1659      0.01519555
    1660      0.01529921
    1661      0.01529308
    1662      0.01525511
    1663      0.01522697
    1664      0.01517193
    1665      0.01511685
    1666      0.01503480
    1667      0.01495394
    1668      0.01490652
    1669      0.01483043
    1670      0.01471099
    1671      0.01466755
    1672      0.01465504
    1673      0.01460758
    1674      0.01451761
    1675      0.01443633
    1676      0.01440877
    1677      0.01432949
    1678      0.01421063
    1679      0.01415935
    1680      0.01413382
    1681      0.01406714
    1682      0.01402993
    1683      0.01402668
    1684      0.01403350
    1685      0.01401887
    1686      0.01399746
    1687      0.01399251
    1688      0.01397092
    1689      0.01393426
    1690      0.01384826
    1691      0.01374420
    1692      0.01371829
    1693      0.01369094
    1694      0.01364553
    1695      0.01356404
    1696      0.01351048
    1697      0.01349026
    1698      0.01346993
    1699      0.01343825
    1700      0.01336420
    1701      0.01331958
    1702      0.01329554
    1703      0.01327520
    1704      0.01324309
    1705      0.01324298
    1706      0.01326863
    1707      0.01316969
    1708      0.01309834
    1709      0.01307392
    1710      0.01301160
    1711      0.01299183
    1712      0.01292543
    1713      0.01284098
    1714      0.01276892
    1715      0.01273762
    1716      0.01276203
    1717      0.01277230
    1718      0.01273194
    1719      0.01271580
    1720      0.01265292
    1721      0.01252637
    1722      0.01247545
    1723      0.01238173
    1724      0.01226884
    1725      0.01227651
    1726      0.01226917
    1727      0.01218481
    1728      0.01213937
    1729      0.01212600
    1730      0.01207641
    1731      0.01199051
    1732      0.01187393
    1733      0.01180748
    1734      0.01179622
    1735      0.01174595
    1736      0.01165799
    1737      0.01159538
    1738      0.01160355
    1739      0.01160557
    1740      0.01160000
    1741      0.01162256
    1742      0.01155153
    1743      0.01146572
    1744      0.01139326
    1745      0.01130564
    1746      0.01127282
    1747      0.01127454
    1748      0.01127575
    1749      0.01121427
    1750      0.01108629
    1751      0.01099473
    1752      0.01097326
    1753      0.01089903
    1754      0.01077529
    1755      0.01070081
    1756      0.01064277
    1757      0.01069506
    1758      0.01081197
    1759      0.01084788
    1760      0.01083137
    1761      0.01076115
    1762      0.01064776
    1763      0.01058823
    1764      0.01054657
    1765      0.01052300
    1766      0.01053776
    1767      0.01046192
    1768      0.01033075
    1769      0.01022946
    1770      0.01021325
    1771      0.01020227
    1772      0.01012621
    1773      0.01013472
    1774      0.01018184
    1775      0.01012691
    1776      0.01005592
    1777      0.01000174
    1778      0.00999295
    1779      0.01000011
    1780      0.00997632
    1781      0.00990690
    1782      0.00980011
    1783      0.00972008
    1784      0.00968905
    1785      0.00962497
    1786      0.00956607
    1787      0.00953839
    1788      0.00953873
    1789      0.00951828
    1790      0.00946161
    1791      0.00948301
    1792      0.00955372
    1793      0.00958284
    1794      0.00955076
    1795      0.00947834
    1796      0.00938998
    1797      0.00930615
    1798      0.00916324
    1799      0.00907744
    1800      0.00909166
    1801      0.00908190
    1802      0.00909109
    1803      0.00911004
    1804      0.00909837
    1805      0.00908649
    1806      0.00908311
    1807      0.00898882
    1808      0.00888118
    1809      0.00881207
    1810      0.00871120
    1811      0.00868258
    1812      0.00870310
    1813      0.00873395
    1814      0.00877447
    1815      0.00882729
    1816      0.00882690
    1817      0.00877185
    1818      0.00873045
    1819      0.00874875
    1820      0.00877104
    1821      0.00865950
    1822      0.00854016
    1823      0.00849154
    1824      0.00848027
    1825      0.00847357
    1826      0.00848525
    1827      0.00840806
    1828      0.00831250
    1829      0.00833216
    1830      0.00831130
    1831      0.00833078
    1832      0.00835161
    1833      0.00824118
    1834      0.00815691
    1835      0.00811986
    1836      0.00804414
    1837      0.00803075
    1838      0.00803529
    1839      0.00806815
    1840      0.00809474
    1841      0.00800014
    1842      0.00794566
    1843      0.00795775
    1844      0.00792670
    1845      0.00789376
    1846      0.00788758
    1847      0.00788949
    1848      0.00783637
    1849      0.00779778
    1850      0.00780249
    1851      0.00776682
    1852      0.00768214
    1853      0.00761136
    1854      0.00761273
    1855      0.00761331
    1856      0.00767352
    1857      0.00775138
    1858      0.00782192
    1859      0.00789141
    1860      0.00790285
    1861      0.00801758
    1862      0.00812772
    1863      0.00816250
    1864      0.00820015
    1865      0.00823437
    1866      0.00822062
    1867      0.00819838
    1868      0.00819781
    1869      0.00811269
    1870      0.00802098
    1871      0.00793068
    1872      0.00787815
    1873      0.00789783
    1874      0.00788294
    1875      0.00786994
    1876      0.00789200
    1877      0.00791635
    1878      0.00796193
    1879      0.00800156
    1880      0.00797195
    1881      0.00799151
    1882      0.00809265
    1883      0.00811469
    1884      0.00808554
    1885      0.00809885
    1886      0.00809020
    1887      0.00802581
    1888      0.00800644
    1889      0.00796883
    1890      0.00791414
    1891      0.00788558
    1892      0.00789042
    1893      0.00791497
    1894      0.00787101
    1895      0.00780900
    1896      0.00781998
    1897      0.00783680
    1898      0.00783536
    1899      0.00791943
    1900      0.00802962
    1901      0.00806957
    1902      0.00804398
    1903      0.00803445
    1904      0.00800486
    1905      0.00795368
    1906      0.00791396
    1907      0.00787341
    1908      0.00785456
    1909      0.00785986
    1910      0.00783545
    1911      0.00776912
    1912      0.00767364
    1913      0.00754493
    1914      0.00743925
    1915      0.00740030
    1916      0.00739064
    1917      0.00743439
    1918      0.00745094
    1919      0.00734964
    1920      0.00727811
    1921      0.00723289
    1922      0.00721039
    1923      0.00719740
    1924      0.00716787
    1925      0.00709558
    1926      0.00700774
    1927      0.00702040
    1928      0.00711687
    1929      0.00711775
    1930      0.00697640
    1931      0.00682628
    1932      0.00667722
    1933      0.00660207
    1934      0.00666292
    1935      0.00669792
    1936      0.00667295
    1937      0.00664475
    1938      0.00660100
    1939      0.00652374
    1940      0.00647775
    1941      0.00653352
    1942      0.00659423
    1943      0.00663757
    1944      0.00663695
    1945      0.00668353
    1946      0.00671319
    1947      0.00667894
    1948      0.00666664
    1949      0.00666271
    1950      0.00664093
    1951      0.00662951
    1952      0.00667299
    1953      0.00676514
    1954      0.00678464
    1955      0.00676602
    1956      0.00681526
    1957      0.00679939
    1958      0.00678741
    1959      0.00679495
    1960      0.00671618
    1961      0.00665987
    1962      0.00665589
    1963      0.00663160
    1964      0.00662423
    1965      0.00665825
    1966      0.00670837
    1967      0.00680432
    1968      0.00680132
    1969      0.00673088
    1970      0.00668013
    1971      0.00654219
    1972      0.00645820
    1973      0.00646261
    1974      0.00641907
    1975      0.00637481
    1976      0.00638037
    1977      0.00641634
    1978      0.00644087
    1979      0.00637212
    1980      0.00627722
    1981      0.00621923
    1982      0.00621960
    1983      0.00623894
    1984      0.00624778
    1985      0.00624956
    1986      0.00629023
    1987      0.00634218
    1988      0.00634015
    1989      0.00631929
    1990      0.00633416
    1991      0.00636035
    1992      0.00632938
    1993      0.00631186
    1994      0.00631744
    1995      0.00633368
    1996      0.00634741
    1997      0.00628476
    1998      0.00624675
    1999      0.00624086
    2000      0.00616188
    2001      0.00611863
    2002      0.00611465
    2003      0.00609894
    2004      0.00612178
    2005      0.00617654
    2006      0.00625450
    2007      0.00628322
    2008      0.00625377
    2009      0.00616733
    2010      0.00606426
    2011      0.00604514
    2012      0.00604222
    2013      0.00594702
    2014      0.00584579
    2015      0.00580871
    2016      0.00571851
    2017      0.00558233
    2018      0.00559723
    2019      0.00560261
    2020      0.00547311
    2021      0.00539070
    2022      0.00540162
    2023      0.00540270
    2024      0.00537278
    2025      0.00533752
    2026      0.00525076
    2027      0.00515282
    2028      0.00511344
    2029      0.00508782
    2030      0.00505121
    2031      0.00514153
    2032      0.00521843
    2033      0.00519198
    2034      0.00518626
    2035      0.00515907
    2036      0.00517822
    2037      0.00522055
    2038      0.00515769
    2039      0.00508446
    2040      0.00512246
    2041      0.00515733
    2042      0.00503844
    2043      0.00497450
    2044      0.00501541
    2045      0.00496882
    2046      0.00494231
    2047      0.00499583
    2048      0.00492842
    2049      0.00482507
    2050      0.00484332
    2051      0.00489037
    2052      0.00492443
    2053      0.00494857
    2054      0.00495015
    2055      0.00489192
    2056      0.00480853
    2057      0.00480192
    2058      0.00485529
    2059      0.00484887
    2060      0.00483152
    2061      0.00486269
    2062      0.00483595
    2063      0.00489764
    2064      0.00494603
    2065      0.00489405
    2066      0.00493601
    2067      0.00501259
    2068      0.00502907
    2069      0.00503782
    2070      0.00504900
    2071      0.00500551
    2072      0.00498151
    2073      0.00501171
    2074      0.00509928
    2075      0.00512916
    2076      0.00507416
    2077      0.00504547
    2078      0.00505888
    2079      0.00502493
    2080      0.00495425
    2081      0.00486347
    2082      0.00484095
    2083      0.00481580
    2084      0.00474904
    2085      0.00477717
    2086      0.00473219
    2087      0.00470310
    2088      0.00475790
    2089      0.00477594
    2090      0.00479301
    2091      0.00485757
    2092      0.00474645
    2093      0.00459208
    2094      0.00456349
    2095      0.00449957
    2096      0.00449904
    2097      0.00452212
    2098      0.00452325
    2099      0.00460854
    2100      0.00461243
    2101      0.00453361
    2102      0.00446302
    2103      0.00440491
    2104      0.00440187
    2105      0.00438633
    2106      0.00437720
    2107      0.00432401
    2108      0.00424610
    2109      0.00426195
    2110      0.00433394
    2111      0.00434796
    2112      0.00434100
    2113      0.00432092
    2114      0.00425412
    2115      0.00420819
    2116      0.00421988
    2117      0.00424829
    2118      0.00427641
    2119      0.00428965
    2120      0.00427545
    2121      0.00427522
    2122      0.00427090
    2123      0.00425389
    2124      0.00426273
    2125      0.00422593
    2126      0.00417250
    2127      0.00416237
    2128      0.00408538
    2129      0.00400090
    2130      0.00393706
    2131      0.00388311
    2132      0.00382332
    2133      0.00376190
    2134      0.00371605
    2135      0.00369630
    2136      0.00370997
    2137      0.00366879
    2138      0.00363084
    2139      0.00368058
    2140      0.00366628
    2141      0.00351025
    2142      0.00342552
    2143      0.00334995
    2144      0.00329742
    2145      0.00330619
    2146      0.00331144
    2147      0.00333686
    2148      0.00339055
    2149      0.00346125
    2150      0.00348737
    2151      0.00348404
    2152      0.00345374
    2153      0.00342778
    2154      0.00337885
    2155      0.00335541
    2156      0.00336647
    2157      0.00337605
    2158      0.00336666
    2159      0.00332145
    2160      0.00322376
    2161      0.00305863
    2162      0.00296357
    2163      0.00297591
    2164      0.00305437
    2165      0.00312930
    2166      0.00314284
    2167      0.00312033
    2168      0.00307630
    2169      0.00293621
    2170      0.00279811
    2171      0.00275113
    2172      0.00275991
    2173      0.00283342
    2174      0.00288530
    2175      0.00291853
    2176      0.00289705
    2177      0.00279516
    2178      0.00273265
    2179      0.00266802
    2180      0.00256417
    2181      0.00246387
    2182      0.00238336
    2183      0.00232018
    2184      0.00230482
    2185      0.00229696
    2186      0.00221771
    2187      0.00217775
    2188      0.00218926
    2189      0.00217495
    2190      0.00211793
    2191      0.00206505
    2192      0.00208985
    2193      0.00217103
    2194      0.00216854
    2195      0.00210199
    2196      0.00207467
    2197      0.00209837
    2198      0.00218530
    2199      0.00211840
    2200      0.00201313
    2201      0.00201975
    2202      0.00198952
    2203      0.00201065
    2204      0.00205996
    2205      0.00204005
    2206      0.00201143
    2207      0.00199889
    2208      0.00206178
    2209      0.00210117
    2210      0.00209304
    2211      0.00207059
    2212      0.00204767
    2213      0.00204829
    2214      0.00206390
    2215      0.00210214
    2216      0.00208812
    2217      0.00196669
    2218      0.00183301
    2219      0.00176603
    2220      0.00172115
    2221      0.00172690
    2222      0.00175637
    2223      0.00173733
    2224      0.00166086
    2225      0.00158146
    2226      0.00148145
    2227      0.00141037
    2228      0.00138864
    2229      0.00132969
    2230      0.00135504
    2231      0.00144833
    2232      0.00156864
    2233      0.00170943
    2234      0.00176798
    2235      0.00177892
    2236      0.00178275
    2237      0.00178105
    2238      0.00177901
    2239      0.00169839
    2240      0.00156615
    2241      0.00154142
    2242      0.00155547
    2243      0.00152351
    2244      0.00146265
    2245      0.00140147
    2246      0.00138657
    2247      0.00136353
    2248      0.00130443
    2249      0.00128467
    2250      0.00129303
    2251      0.00126623
    2252      0.00128097
    2253      0.00135357
    2254      0.00140439
    2255      0.00141987
    2256      0.00145728
    2257      0.00146294
    2258      0.00139307
    2259      0.00135511
    2260      0.00135344
    2261      0.00138304
    2262      0.00147593
    2263      0.00151258
    2264      0.00144055
    2265      0.00136556
    2266      0.00128879
    2267      0.00129128
    2268      0.00133860
    2269      0.00130341
    2270      0.00125578
    2271      0.00120779
    2272      0.00115915
    2273      0.00110602
    2274      0.00103649
    2275      0.00093885
    2276      0.00086408
    2277      0.00079039
    2278      0.00075790
    2279      0.00081458
    2280      0.00080845
    2281      0.00077031
    2282      0.00077477
    2283      0.00075690
    2284      0.00078089
    2285      0.00079960
    2286      0.00074184
    2287      0.00078165
    2288      0.00087607
    2289      0.00088167
    2290      0.00083220
    2291      0.00075188
    2292      0.00067801
    2293      0.00066902
    2294      0.00065461
    2295      0.00068665
    2296      0.00071886
    2297      0.00068903
    2298      0.00066790
    2299      0.00065580
    2300      0.00060406
    2301      0.00058323
    2302      0.00062950
    2303      0.00069907
    2304      0.00078321
    2305      0.00081267
    2306      0.00085271
    2307      0.00088980
    2308      0.00087687
    2309      0.00092378
    2310      0.00099701
    2311      0.00097738
    2312      0.00087434
    2313      0.00082700
    2314      0.00075421
    2315      0.00069881
    2316      0.00073661
    2317      0.00074932
    2318      0.00077631
    2319      0.00078988
    2320      0.00078588
    2321      0.00074942
    2322      0.00067760
    2323      0.00060101
    2324      0.00055287
    2325      0.00054965
    2326      0.00059648
    2327      0.00058858
    2328      0.00058701
    2329      0.00066282
    2330      0.00073803
    2331      0.00081610
    2332      0.00082938
    2333      0.00073369
    2334      0.00063511
    2335      0.00065881
    2336      0.00068594
    2337      0.00065444
    2338      0.00068146
    2339      0.00072700
    2340      0.00077201
    2341      0.00083410
    2342      0.00090421
    2343      0.00085742
    2344      0.00078893
    2345      0.00080847
    2346      0.00077399
    2347      0.00074044
    2348      0.00079507
    2349      0.00082751
    2350      0.00082259
    2351      0.00086407
    2352      0.00089153
    2353      0.00087685
    2354      0.00082563
    2355      0.00081069
    2356      0.00085390
    2357      0.00089061
    2358      0.00085710
    2359      0.00078316
    2360      0.00077885
    2361      0.00075669
    2362      0.00067266
    2363      0.00065253
    2364      0.00064974
    2365      0.00060237
    2366      0.00054148
    2367      0.00049601
    2368      0.00045904
    2369      0.00047202
    2370      0.00051785
    2371      0.00048518
    2372      0.00039452
    2373      0.00039710
    2374      0.00044649
    2375      0.00042209
    2376      0.00037646
    2377      0.00038555
    2378      0.00035072
    2379      0.00026620
    2380      0.00025793
    2381      0.00023975
    2382      0.00021399
    2383      0.00021943
    2384      0.00019578
    2385      0.00020978
    2386      0.00027569
    2387      0.00028203
    2388      0.00020671
    2389      0.00011753
    2390      0.00005548
    2391      0.00009117
    2392      0.00014296
    2393      0.00018369
    2394      0.00024547
    2395      0.00028325
    2396      0.00029186
    2397      0.00029088
    2398      0.00034642
    2399      0.00038078
    2400      0.00036781
    2401      0.00033284
    2402      0.00029532
    2403      0.00028523
    2404      0.00029549
    2405      0.00033443
    2406      0.00037114
    2407      0.00040872
    2408      0.00046091
    2409      0.00049537
    2410      0.00045466
    2411      0.00040582
    2412      0.00040335
    2413      0.00041593
    2414      0.00038369
    2415      0.00030402
    2416      0.00034828
    2417      0.00038478
    2418      0.00030095
    2419      0.00027431
    2420      0.00030362
    2421      0.00032539
    2422      0.00033037
    2423      0.00035418
    2424      0.00033898
    2425      0.00034562
    2426      0.00030802
    2427      0.00029728
    2428      0.00036584
    2429      0.00042684
    2430      0.00051711
    2431      0.00056665
    2432      0.00057212
    2433      0.00054372
    2434      0.00043731
    2435      0.00030047
    2436      0.00027740
    2437      0.00027634
    2438      0.00028355
    2439      0.00029490
    2440      0.00025070
    2441      0.00023994
    2442      0.00022295
    2443      0.00018870
    2444      0.00016523
    2445      0.00012871
    2446      0.00013045
    2447      0.00020161
    2448      0.00023578
    2449      0.00017037
    2450      0.00013428
    2451      0.00008388
    2452     -0.00000498
    2453     -0.00004735
    2454     -0.00008402
    2455     -0.00011297
    2456     -0.00017663
    2457     -0.00028866
    2458     -0.00032287
    2459     -0.00029515
    2460     -0.00036597
    2461     -0.00047516
    2462     -0.00053054
    2463     -0.00058044
    2464     -0.00057240
    2465     -0.00052679
    2466     -0.00048225
    2467     -0.00048250
    2468     -0.00049196
    2469     -0.00049583
    2470     -0.00053007
    2471     -0.00052828
    2472     -0.00051526
    2473     -0.00056620
    2474     -0.00059517
    2475     -0.00064087
    2476     -0.00069737
    2477     -0.00069857
    2478     -0.00066400
    2479     -0.00067670
    2480     -0.00071795
    2481     -0.00067173
    2482     -0.00064185
    2483     -0.00063252
    2484     -0.00055679
    2485     -0.00058080
    2486     -0.00063559
    2487     -0.00057228
    2488     -0.00058028
    2489     -0.00060761
    2490     -0.00058727
    2491     -0.00062462
    2492     -0.00069973
    2493     -0.00072653
    2494     -0.00069346
    2495     -0.00065706
    2496     -0.00065997
    2497     -0.00067338
    2498     -0.00072499
    2499     -0.00076573
    2500     -0.00075463
    2501     -0.00070227
    2502     -0.00067184
    2503     -0.00067452
    2504     -0.00063473
    2505     -0.00058681
    2506     -0.00061476
    2507     -0.00065998
    2508     -0.00063880
    2509     -0.00055882
    2510     -0.00055629
    2511     -0.00056140
    2512     -0.00053654
    2513     -0.00059273
    2514     -0.00058759
    2515     -0.00054804
    2516     -0.00051835
    2517     -0.00044046
    2518     -0.00044083
    2519     -0.00049966
    2520     -0.00050761
    2521     -0.00046882
    2522     -0.00036583
    2523     -0.00035434
    2524     -0.00038314
    2525     -0.00033412
    2526     -0.00028544
    2527     -0.00025360
    2528     -0.00025911
    2529     -0.00026794
    2530     -0.00030336
    2531     -0.00030922
    2532     -0.00032290
    2533     -0.00038363
    2534     -0.00044957
    2535     -0.00048235
    2536     -0.00048643
    2537     -0.00046122
    2538     -0.00045892
    2539     -0.00055527
    2540     -0.00060244
    2541     -0.00055658
    2542     -0.00052700
    2543     -0.00054367
    2544     -0.00057056
    2545     -0.00062673
    2546     -0.00070336
    2547     -0.00073031
    2548     -0.00073620
    2549     -0.00075632
    2550     -0.00075712
    2551     -0.00079350
    2552     -0.00083453
    2553     -0.00089255
    2554     -0.00098755
    2555     -0.00096974
    2556     -0.00093957
    2557     -0.00097466
    2558     -0.00094964
    2559     -0.00088430
    2560     -0.00083539
    2561     -0.00083370
    2562     -0.00086616
    2563     -0.00086453
    2564     -0.00088440
    2565     -0.00086129
    2566     -0.00072652
    2567     -0.00065147
    2568     -0.00065220
    2569     -0.00062297
    2570     -0.00057870
    2571     -0.00055636
    2572     -0.00057435
    2573     -0.00065344
    2574     -0.00073271
    2575     -0.00080199
    2576     -0.00078221
    2577     -0.00072498
    2578     -0.00069456
    2579     -0.00060988
    2580     -0.00052352
    2581     -0.00045776
    2582     -0.00048897
    2583     -0.00050299
    2584     -0.00039687
    2585     -0.00024515
    2586     -0.00017861
    2587     -0.00029554
    2588     -0.00042688
    2589     -0.00044662
    2590     -0.00046620
    2591     -0.00043636
    2592     -0.00040628
    2593     -0.00046180
    2594     -0.00042907
    2595     -0.00031312
    2596     -0.00032756
    2597     -0.00047034
    2598     -0.00051672
    2599     -0.00048211
    2600     -0.00042502
    2601     -0.00044958
    2602     -0.00048970
    2603     -0.00045696
    2604     -0.00044224
    2605     -0.00043307
    2606     -0.00039455
    2607     -0.00033053
    2608     -0.00035956
    2609     -0.00035279
    2610     -0.00033276
    2611     -0.00040676
    2612     -0.00036916
    2613     -0.00025776
    2614     -0.00023394
    2615     -0.00025401
    2616     -0.00023544
    2617     -0.00020707
    2618     -0.00015733
    2619     -0.00012163
    2620     -0.00016085
    2621     -0.00020933
    2622     -0.00020799
    2623     -0.00014174
    2624     -0.00014349
    2625     -0.00025346
    2626     -0.00034968
    2627     -0.00035135
    2628     -0.00033607
    2629     -0.00039190
    2630     -0.00043519
    2631     -0.00045564
    2632     -0.00047725
    2633     -0.00051213
    2634     -0.00049549
    2635     -0.00042879
    2636     -0.00039846
    2637     -0.00041902
    2638     -0.00033363
    2639     -0.00024477
    2640     -0.00027210
    2641     -0.00027759
    2642     -0.00033631
    2643     -0.00041920
    2644     -0.00041752
    2645     -0.00037629
    2646     -0.00036140
    2647     -0.00042969
    2648     -0.00047209
    2649     -0.00049300
    2650     -0.00055852
    2651     -0.00059631
    2652     -0.00058158
    2653     -0.00050836
    2654     -0.00056293
    2655     -0.00062384
    2656     -0.00062143
    2657     -0.00067989
    2658     -0.00076507
    2659     -0.00082475
    2660     -0.00082532
    2661     -0.00082860
    2662     -0.00084134
    2663     -0.00082714
    2664     -0.00078363
    2665     -0.00078689
    2666     -0.00083502
    2667     -0.00087484
    2668     -0.00090702
    2669     -0.00091754
    2670     -0.00089868
    2671     -0.00099548
    2672     -0.00109325
    2673     -0.00109064
    2674     -0.00104671
    2675     -0.00099393
    2676     -0.00100951
    2677     -0.00097998
    2678     -0.00092648
    2679     -0.00087104
    2680     -0.00077619
    2681     -0.00076354
    2682     -0.00081477
    2683     -0.00083146
    2684     -0.00083064
    2685     -0.00084314
    2686     -0.00086712
    2687     -0.00086721
    2688     -0.00082124
    2689     -0.00080447
    2690     -0.00081138
    2691     -0.00085598
    2692     -0.00092086
    2693     -0.00092063
    2694     -0.00085735
    2695     -0.00081876
    2696     -0.00076575
    2697     -0.00072697
    2698     -0.00077631
    2699     -0.00086546
    2700     -0.00088464
    2701     -0.00083387
    2702     -0.00083130
    2703     -0.00083432
    2704     -0.00079643
    2705     -0.00081404
    2706     -0.00089897
    2707     -0.00098199
    2708     -0.00098173
    2709     -0.00094951
    2710     -0.00088881
    2711     -0.00087525
    2712     -0.00093194
    2713     -0.00089489
    2714     -0.00085230
    2715     -0.00081612
    2716     -0.00084229
    2717     -0.00096758
    2718     -0.00112311
    2719     -0.00119120
    2720     -0.00115227
    2721     -0.00110254
    2722     -0.00101747
    2723     -0.00089244
    2724     -0.00078197
    2725     -0.00075532
    2726     -0.00074605
    2727     -0.00082023
    2728     -0.00093006
    2729     -0.00092840
    2730     -0.00092037
    2731     -0.00089982
    2732     -0.00094114
    2733     -0.00094773
    2734     -0.00095614
    2735     -0.00100040
    2736     -0.00101267
    2737     -0.00101067
    2738     -0.00090095
    2739     -0.00082033
    2740     -0.00080378
    2741     -0.00079043
    2742     -0.00080886
    2743     -0.00087486
    2744     -0.00102600
    2745     -0.00111259
    2746     -0.00108974
    2747     -0.00113577
    2748     -0.00123993
    2749     -0.00123403
    2750     -0.00116910
    2751     -0.00111678
    2752     -0.00107016
    2753     -0.00102021
    2754     -0.00094349
    2755     -0.00091754
    2756     -0.00088899
    2757     -0.00090859
    2758     -0.00095308
    2759     -0.00091830
    2760     -0.00089471
    2761     -0.00090868
    2762     -0.00088455
    2763     -0.00089113
    2764     -0.00086961
    2765     -0.00085795
    2766     -0.00084711
    2767     -0.00082642
    2768     -0.00090839
    2769     -0.00096948
    2770     -0.00094703
    2771     -0.00091675
    2772     -0.00095065
    2773     -0.00097514
    2774     -0.00099709
    2775     -0.00095502
    2776     -0.00090054
    2777     -0.00096038
    2778     -0.00099518
    2779     -0.00098083
    2780     -0.00099257
    2781     -0.00098393
    2782     -0.00089958
    2783     -0.00081591
    2784     -0.00082829
    2785     -0.00087680
    2786     -0.00086336
    2787     -0.00084325
    2788     -0.00082062
    2789     -0.00079497
    2790     -0.00083054
    2791     -0.00087390
    2792     -0.00085450
    2793     -0.00080869
    2794     -0.00083591
    2795     -0.00086810
    2796     -0.00083216
    2797     -0.00078258
    2798     -0.00077232
    2799     -0.00079485
    2800     -0.00083319
    2801     -0.00091539
    2802     -0.00098562
    2803     -0.00102749
    2804     -0.00104463
    2805     -0.00100004
    2806     -0.00097984
    2807     -0.00101328
    2808     -0.00104709
    2809     -0.00112355
    2810     -0.00115653
    2811     -0.00111615
    2812     -0.00107019
    2813     -0.00094300
    2814     -0.00082195
    2815     -0.00077628
    2816     -0.00077851
    2817     -0.00077713
    2818     -0.00079477
    2819     -0.00086763
    2820     -0.00079363
    2821     -0.00072019
    2822     -0.00077404
    2823     -0.00080115
    2824     -0.00085439
    2825     -0.00082525
    2826     -0.00076156
    2827     -0.00078884
    2828     -0.00074535
    2829     -0.00066621
    2830     -0.00068583
    2831     -0.00074747
    2832     -0.00080593
    2833     -0.00085494
    2834     -0.00082527
    2835     -0.00077567
    2836     -0.00076935
    2837     -0.00077894
    2838     -0.00078541
    2839     -0.00077184
    2840     -0.00072463
    2841     -0.00068930
    2842     -0.00066476
    2843     -0.00065337
    2844     -0.00071332
    2845     -0.00079447
    2846     -0.00082053
    2847     -0.00077983
    2848     -0.00073747
    2849     -0.00069076
    2850     -0.00068387
    2851     -0.00077306
    2852     -0.00087377
    2853     -0.00094959
    2854     -0.00101190
    2855     -0.00107168
    2856     -0.00112450
    2857     -0.00117538
    2858     -0.00123816
    2859     -0.00121145
    2860     -0.00112135
    2861     -0.00110031
    2862     -0.00112426
    2863     -0.00116735
    2864     -0.00119427
    2865     -0.00122182
    2866     -0.00127134
    2867     -0.00127835
    2868     -0.00130249
    2869     -0.00133666
    2870     -0.00129639
    2871     -0.00127757
    2872     -0.00132067
    2873     -0.00137147
    2874     -0.00138260
    2875     -0.00140046
    2876     -0.00136541
    2877     -0.00125158
    2878     -0.00119224
    2879     -0.00123583
    2880     -0.00124144
    2881     -0.00123702
    2882     -0.00128517
    2883     -0.00127916
    2884     -0.00128574
    2885     -0.00131304
    2886     -0.00139798
    2887     -0.00148561
    2888     -0.00148006
    2889     -0.00147544
    2890     -0.00144534
    2891     -0.00139051
    2892     -0.00139890
    2893     -0.00139464
    2894     -0.00136565
    2895     -0.00138168
    2896     -0.00136447
    2897     -0.00129210
    2898     -0.00123348
    2899     -0.00125215
    2900     -0.00135096
    2901     -0.00136531
    2902     -0.00133204
    2903     -0.00140727
    2904     -0.00143690
    2905     -0.00141704
    2906     -0.00144142
    2907     -0.00144134
    2908     -0.00141242
    2909     -0.00147171
    2910     -0.00150617
    2911     -0.00143656
    2912     -0.00143338
    2913     -0.00146247
    2914     -0.00144224
    2915     -0.00141809
    2916     -0.00144703
    2917     -0.00149417
    2918     -0.00146607
    2919     -0.00132834
    2920     -0.00121036
    2921     -0.00121045
    2922     -0.00122913
    2923     -0.00123002
    2924     -0.00127084
    2925     -0.00131708
    2926     -0.00135750
    2927     -0.00135300
    2928     -0.00130284
    2929     -0.00130475
    2930     -0.00136792
    2931     -0.00136028
    2932     -0.00130307
    2933     -0.00129573
    2934     -0.00123279
    2935     -0.00110945
    2936     -0.00102489
    2937     -0.00100922
    2938     -0.00104269
    2939     -0.00110427
    2940     -0.00117020
    2941     -0.00117786
    2942     -0.00113765
    2943     -0.00114387
    2944     -0.00114863
    2945     -0.00112945
    2946     -0.00111696
    2947     -0.00108362
    2948     -0.00105346
    2949     -0.00097922
    2950     -0.00093246
    2951     -0.00099940
    2952     -0.00103500
    2953     -0.00103300
    2954     -0.00105647
    2955     -0.00108073
    2956     -0.00112891
    2957     -0.00113999
    2958     -0.00120138
    2959     -0.00125682
    2960     -0.00123865
    2961     -0.00120995
    2962     -0.00113159
    2963     -0.00111431
    2964     -0.00113420
    2965     -0.00114966
    2966     -0.00116367
    2967     -0.00116204
    2968     -0.00119013
    2969     -0.00115156
    2970     -0.00111963
    2971     -0.00117679
    2972     -0.00122731
    2973     -0.00124733
    2974     -0.00123569
    2975     -0.00120843
    2976     -0.00123723
    2977     -0.00127585
    2978     -0.00130980
    2979     -0.00130786
    2980     -0.00129871
    2981     -0.00128583
    2982     -0.00126334
    2983     -0.00131119
    2984     -0.00127211
    2985     -0.00119328
    2986     -0.00116000
    2987     -0.00113103
    2988     -0.00115590
    2989     -0.00123247
    2990     -0.00120312
    2991     -0.00120402
    2992     -0.00126211
    2993     -0.00119480
    2994     -0.00114379
    2995     -0.00115395
    2996     -0.00113491
    2997     -0.00115370
    2998     -0.00124087
    2999     -0.00130410
