       0      0.99723918
       1      0.99227564
       2      0.98267607
       3      0.97303167
       4      0.96325320
       5      0.95382834
       6      0.94444547
       7      0.93500437
       8      0.92552002
       9      0.91618685
      10      0.90696244
      11      0.89771997
      12      0.88859170
      13      0.87972758
      14      0.87086746
      15      0.86192229
      16      0.85316164
      17      0.84462338
      18      0.83616623
      19      0.82767086
      20      0.81932621
      21      0.81105368
      22      0.80290943
      23      0.79487296
      24      0.78670865
      25      0.77867377
      26      0.77087404
      27      0.76314819
      28      0.75534586
      29      0.74771966
      30      0.74027499
      31      0.73294316
      32      0.72564459
      33      0.71856174
      34      0.71142292
      35      0.70408243
      36      0.69700367
      37      0.69007695
      38      0.68331887
      39      0.67652864
      40      0.66959589
      41      0.66281533
      42      0.65623246
      43      0.64965458
      44      0.64331658
      45      0.63717014
      46      0.63092172
      47      0.62457159
      48      0.61822745
      49      0.61170545
      50      0.60525081
      51      0.59923485
      52      0.59335052
      53      0.58756046
      54      0.58179602
      55      0.57595974
      56      0.57013706
      57      0.56437058
      58      0.55863229
      59      0.55285132
      60      0.54743841
      61      0.54207217
      62      0.53652290
      63      0.53125627
      64      0.52614416
      65      0.52086725
      66      0.51552015
      67      0.51023924
      68      0.50513695
      69      0.50020626
      70      0.49507377
      71      0.48998623
      72      0.48515133
      73      0.48020654
      74      0.47530615
      75      0.47049022
      76      0.46552682
      77      0.46065150
      78      0.45597872
      79      0.45138235
      80      0.44691637
      81      0.44251637
      82      0.43801786
      83      0.43352008
      84      0.42917636
      85      0.42479023
      86      0.42033056
      87      0.41606080
      88      0.41194204
      89      0.40771971
      90      0.40348161
      91      0.39938864
      92      0.39539070
      93      0.39154626
      94      0.38772836
      95      0.38397414
      96      0.38038311
      97      0.37670281
      98      0.37281960
      99      0.36896902
     100      0.36515792
     101      0.36128166
     102      0.35764967
     103      0.35415233
     104      0.35059678
     105      0.34702550
     106      0.34347517
     107      0.34008950
     108      0.33659999
     109      0.33309301
     110      0.32971884
     111      0.32640154
     112      0.32320999
     113      0.32012971
     114      0.31694467
     115      0.31366918
     116      0.31043771
     117      0.30738906
     118      0.30444268
     119      0.30146667
     120      0.29840304
     121      0.29532049
     122      0.29244290
     123      0.28959468
     124      0.28678318
     125      0.28401189
     126      0.28132906
     127      0.27866057
     128      0.27599523
     129      0.27331406
     130      0.27048475
     131      0.26785593
     132      0.26548280
     133      0.26296566
     134      0.26036063
     135      0.25779548
     136      0.25529549
     137      0.25280032
     138      0.25027484
     139      0.24792408
     140      0.24550796
     141      0.24304582
     142      0.24053721
     143      0.23803292
     144      0.23572424
     145      0.23338707
     146      0.23101338
     147      0.22880957
     148      0.22669148
     149      0.22446929
     150      0.22231243
     151      0.22020734
     152      0.21803062
     153      0.21583926
     154      0.21373425
     155      0.21169562
     156      0.20971579
     157      0.20769642
     158      0.20554153
     159      0.20343140
     160      0.20143035
     161      0.19956698
     162      0.19775006
     163      0.19598753
     164      0.19410858
     165      0.19206624
     166      0.19014485
     167      0.18842045
     168      0.18679104
     169      0.18504435
     170      0.18310754
     171      0.18115237
     172      0.17927758
     173      0.17740479
     174      0.17547498
     175      0.17369462
     176      0.17197829
     177      0.17023127
     178      0.16854696
     179      0.16690520
     180      0.16532159
     181      0.16372486
     182      0.16210851
     183      0.16049121
     184      0.15885135
     185      0.15723924
     186      0.15562663
     187      0.15396125
     188      0.15241064
     189      0.15094042
     190      0.14938519
     191      0.14780495
     192      0.14626642
     193      0.14478109
     194      0.14329938
     195      0.14185311
     196      0.14039953
     197      0.13901835
     198      0.13776577
     199      0.13640765
     200      0.13495223
     201      0.13361250
     202      0.13229794
     203      0.13083819
     204      0.12962167
     205      0.12848997
     206      0.12724507
     207      0.12590174
     208      0.12447956
     209      0.12321258
     210      0.12191772
     211      0.12052445
     212      0.11933179
     213      0.11824618
     214      0.11709551
     215      0.11600900
     216      0.11490916
     217      0.11375815
     218      0.11270049
     219      0.11158482
     220      0.11049540
     221      0.10943817
     222      0.10836013
     223      0.10728350
     224      0.10609783
     225      0.10502948
     226      0.10411775
     227      0.10316924
     228      0.10208906
     229      0.10101414
     230      0.10004575
     231      0.09914560
     232      0.09812089
     233      0.09713793
     234      0.09627390
     235      0.09537412
     236      0.09447286
     237      0.09357255
     238      0.09271016
     239      0.09182630
     240      0.09087650
     241      0.08988774
     242      0.08886766
     243      0.08787496
     244      0.08689667
     245      0.08598366
     246      0.08518044
     247      0.08438206
     248      0.08346687
     249      0.08258355
     250      0.08176299
     251      0.08099870
     252      0.08027649
     253      0.07955770
     254      0.07879281
     255      0.07797057
     256      0.07711424
     257      0.07637379
     258      0.07567834
     259      0.07494935
     260      0.07424945
     261      0.07360332
     262      0.07288063
     263      0.07191048
     264      0.07098006
     265      0.07009522
     266      0.06931576
     267      0.06874276
     268      0.06813143
     269      0.06745608
     270      0.06678467
     271      0.06602684
     272      0.06527766
     273      0.06468290
     274      0.06399077
     275      0.06313655
     276      0.06247067
     277      0.06189117
     278      0.06114267
     279      0.06044335
     280      0.05993601
     281      0.05949379
     282      0.05891177
     283      0.05838497
     284      0.05797237
     285      0.05753986
     286      0.05695926
     287      0.05637710
     288      0.05599487
     289      0.05566916
     290      0.05511742
     291      0.05449683
     292      0.05385617
     293      0.05315898
     294      0.05260821
     295      0.05215244
     296      0.05176531
     297      0.05134337
     298      0.05095704
     299      0.05050906
     300      0.04991156
     301      0.04925011
     302      0.04863678
     303      0.04821168
     304      0.04779201
     305      0.04728664
     306      0.04676867
     307      0.04633089
     308      0.04594497
     309      0.04547800
     310      0.04492574
     311      0.04440724
     312      0.04397645
     313      0.04360306
     314      0.04315204
     315      0.04260899
     316      0.04216427
     317      0.04179269
     318      0.04142416
     319      0.04105123
     320      0.04058378
     321      0.04027852
     322      0.03991232
     323      0.03947094
     324      0.03912668
     325      0.03868561
     326      0.03828616
     327      0.03798533
     328      0.03766172
     329      0.03731642
     330      0.03691401
     331      0.03638137
     332      0.03590881
     333      0.03557164
     334      0.03523981
     335      0.03487258
     336      0.03459929
     337      0.03435707
     338      0.03400900
     339      0.03362619
     340      0.03328946
     341      0.03295901
     342      0.03262565
     343      0.03233293
     344      0.03198552
     345      0.03159587
     346      0.03125011
     347      0.03096567
     348      0.03069365
     349      0.03038306
     350      0.03014990
     351      0.02984320
     352      0.02951436
     353      0.02922691
     354      0.02889521
     355      0.02866753
     356      0.02849417
     357      0.02834557
     358      0.02804566
     359      0.02782692
     360      0.02768755
     361      0.02740555
     362      0.02720389
     363      0.02696830
     364      0.02674180
     365      0.02658884
     366      0.02633018
     367      0.02601172
     368      0.02575916
     369      0.02555917
     370      0.02536783
     371      0.02513476
     372      0.02474730
     373      0.02433555
     374      0.02397777
     375      0.02358916
     376      0.02330533
     377      0.02306497
     378      0.02281548
     379      0.02260793
     380      0.02233313
     381      0.02213281
     382      0.02205243
     383      0.02181946
     384      0.02149091
     385      0.02127903
     386      0.02115779
     387      0.02089934
     388      0.02060624
     389      0.02040954
     390      0.02020835
     391      0.02009177
     392      0.01998792
     393      0.01987233
     394      0.01970045
     395      0.01941901
     396      0.01903137
     397      0.01875449
     398      0.01859168
     399      0.01845673
     400      0.01833346
     401      0.01804188
     402      0.01777038
     403      0.01756757
     404      0.01731108
     405      0.01711355
     406      0.01696699
     407      0.01687797
     408      0.01683952
     409      0.01675179
     410      0.01663642
     411      0.01640260
     412      0.01625822
     413      0.01617354
     414      0.01603874
     415      0.01593528
     416      0.01573168
     417      0.01560045
     418      0.01546311
     419      0.01522754
     420      0.01508128
     421      0.01486551
     422      0.01459730
     423      0.01438084
     424      0.01420149
     425      0.01408519
     426      0.01398926
     427      0.01386316
     428      0.01381387
     429      0.01371713
     430      0.01354426
     431      0.01339729
     432      0.01324593
     433      0.01306690
     434      0.01291921
     435      0.01282720
     436      0.01275880
     437      0.01273187
     438      0.01263293
     439      0.01257433
     440      0.01256667
     441      0.01252317
     442      0.01243325
     443      0.01223781
     444      0.01203112
     445      0.01186832
     446      0.01179983
     447      0.01170036
     448      0.01143364
     449      0.01120618
     450      0.01107104
     451      0.01088263
     452      0.01061795
     453      0.01037676
     454      0.01022166
     455      0.01015553
     456      0.01005854
     457      0.00987132
     458      0.00970173
     459      0.00952606
     460      0.00938478
     461      0.00924300
     462      0.00905858
     463      0.00895788
     464      0.00882527
     465      0.00861552
     466      0.00845218
     467      0.00841837
     468      0.00841847
     469      0.00826176
     470      0.00797605
     471      0.00770693
     472      0.00752115
     473      0.00751251
     474      0.00757722
     475      0.00745288
     476      0.00738808
     477      0.00747538
     478      0.00746391
     479      0.00749872
     480      0.00753336
     481      0.00746792
     482      0.00746520
     483      0.00740746
     484      0.00728253
     485      0.00720466
     486      0.00718200
     487      0.00707251
     488      0.00690010
     489      0.00687293
     490      0.00683778
     491      0.00672732
     492      0.00664594
     493      0.00665276
     494      0.00671535
     495      0.00673830
     496      0.00669030
     497      0.00659978
     498      0.00656849
     499      0.00653951
     500      0.00644936
     501      0.00635232
     502      0.00631431
     503      0.00634060
     504      0.00631263
     505      0.00633335
     506      0.00634690
     507      0.00629697
     508      0.00627002
     509      0.00623691
     510      0.00628069
     511      0.00619636
     512      0.00608798
     513      0.00611003
     514      0.00604439
     515      0.00596772
     516      0.00584040
     517      0.00572695
     518      0.00568841
     519      0.00554061
     520      0.00535565
     521      0.00526653
     522      0.00517863
     523      0.00515263
     524      0.00522134
     525      0.00518991
     526      0.00506368
     527      0.00502758
     528      0.00497030
     529      0.00491087
     530      0.00479573
     531      0.00464304
     532      0.00464022
     533      0.00459618
     534      0.00456681
     535      0.00461987
     536      0.00467000
     537      0.00466059
     538      0.00461482
     539      0.00448096
     540      0.00443947
     541      0.00456424
     542      0.00457042
     543      0.00451162
     544      0.00446710
     545      0.00433204
     546      0.00426436
     547      0.00429878
     548      0.00430643
     549      0.00427462
     550      0.00416273
     551      0.00420732
     552      0.00432065
     553      0.00435738
     554      0.00444828
     555      0.00436502
     556      0.00424804
     557      0.00424949
     558      0.00425216
     559      0.00414033
     560      0.00389949
     561      0.00372557
     562      0.00366899
     563      0.00367538
     564      0.00362527
     565      0.00362293
     566      0.00364951
     567      0.00367230
     568      0.00364286
     569      0.00362550
     570      0.00364711
     571      0.00366591
     572      0.00359367
     573      0.00338691
     574      0.00326544
     575      0.00321520
     576      0.00310427
     577      0.00303067
     578      0.00303272
     579      0.00295924
     580      0.00288550
     581      0.00277854
     582      0.00258366
     583      0.00249530
     584      0.00248872
     585      0.00242298
     586      0.00236946
     587      0.00232201
     588      0.00225535
     589      0.00218926
     590      0.00209525
     591      0.00206032
     592      0.00205939
     593      0.00214362
     594      0.00214383
     595      0.00204083
     596      0.00197937
     597      0.00187352
     598      0.00184416
     599      0.00187267
     600      0.00188345
     601      0.00180403
     602      0.00175516
     603      0.00174008
     604      0.00165738
     605      0.00159631
     606      0.00155951
     607      0.00152664
     608      0.00161728
     609      0.00163936
     610      0.00157443
     611      0.00150992
     612      0.00150899
     613      0.00163946
     614      0.00161956
     615      0.00152435
     616      0.00144564
     617      0.00137090
     618      0.00132523
     619      0.00125435
     620      0.00117164
     621      0.00112825
     622      0.00104566
     623      0.00107362
     624      0.00115248
     625      0.00107588
     626      0.00099378
     627      0.00098078
     628      0.00098039
     629      0.00102826
     630      0.00108360
     631      0.00104311
     632      0.00102292
     633      0.00104943
     634      0.00115628
     635      0.00123923
     636      0.00122177
     637      0.00117365
     638      0.00110028
     639      0.00102590
     640      0.00097186
     641      0.00094874
     642      0.00090875
     643      0.00086230
     644      0.00084916
     645      0.00086744
     646      0.00084961
     647      0.00078425
     648      0.00071775
     649      0.00067793
     650      0.00060736
     651      0.00054106
     652      0.00049993
     653      0.00041301
     654      0.00038104
     655      0.00036083
     656      0.00038187
     657      0.00041286
     658      0.00035166
     659      0.00031233
     660      0.00034333
     661      0.00038163
     662      0.00040709
     663      0.00039329
     664      0.00027917
     665      0.00024279
     666      0.00027937
     667      0.00030759
     668      0.00039648
     669      0.00040017
     670      0.00034373
     671      0.00028373
     672      0.00017514
     673      0.00007001
     674      0.00006046
     675      0.00009990
     676      0.00021108
     677      0.00034821
     678      0.00038729
     679      0.00038652
     680      0.00036547
     681      0.00038491
     682      0.00041047
     683      0.00042180
     684      0.00037752
     685      0.00032686
     686      0.00033935
     687      0.00036773
     688      0.00040117
     689      0.00031867
     690      0.00029906
     691      0.00045049
     692      0.00051298
     693      0.00048919
     694      0.00042237
     695      0.00036963
     696      0.00043120
     697      0.00059021
     698      0.00069788
     699      0.00064284
     700      0.00051697
     701      0.00056639
     702      0.00071785
     703      0.00069132
     704      0.00060975
     705      0.00064231
     706      0.00073941
     707      0.00077807
     708      0.00075527
     709      0.00086073
     710      0.00102477
     711      0.00109450
     712      0.00110060
     713      0.00109411
     714      0.00102521
     715      0.00105095
     716      0.00120476
     717      0.00123450
     718      0.00119415
     719      0.00112700
     720      0.00108402
     721      0.00113268
     722      0.00111914
     723      0.00105879
     724      0.00104440
     725      0.00097945
     726      0.00089336
     727      0.00075821
     728      0.00065812
     729      0.00073088
     730      0.00087177
     731      0.00098828
     732      0.00101254
     733      0.00102737
     734      0.00107378
     735      0.00115179
     736      0.00111513
     737      0.00103555
     738      0.00104287
     739      0.00107281
     740      0.00110853
     741      0.00115429
     742      0.00115645
     743      0.00112443
     744      0.00095185
     745      0.00078497
     746      0.00084513
     747      0.00090038
     748      0.00084886
     749      0.00063575
