       0      0.99651517
       1      0.99516455
       2      0.99274779
       3      0.99039065
       4      0.98805070
       5      0.98553363
       6      0.98309245
       7      0.98066579
       8      0.97803638
       9      0.97554753
      10      0.97314303
      11      0.97056300
      12      0.96804052
      13      0.96559945
      14      0.96318335
      15      0.96089988
      16      0.95865665
      17      0.95630665
      18      0.95395157
      19      0.95156855
      20      0.94911157
      21      0.94668275
      22      0.94424470
      23      0.94188054
      24      0.93969013
      25      0.93752709
      26      0.93536670
      27      0.93322536
      28      0.93088951
      29      0.92851304
      30      0.92616696
      31      0.92390041
      32      0.92168510
      33      0.91929299
      34      0.91689785
      35      0.91455635
      36      0.91240306
      37      0.91029987
      38      0.90812109
      39      0.90580050
      40      0.90341913
      41      0.90116203
      42      0.89885614
      43      0.89653878
      44      0.89417996
      45      0.89171158
      46      0.88943456
      47      0.88736988
      48      0.88533535
      49      0.88323866
      50      0.88116156
      51      0.87893289
      52      0.87663000
      53      0.87450226
      54      0.87229315
      55      0.86994660
      56      0.86768701
      57      0.86537195
      58      0.86319528
      59      0.86098310
      60      0.85862364
      61      0.85656656
      62      0.85461938
      63      0.85244691
      64      0.85013997
      65      0.84799138
      66      0.84580510
      67      0.84358934
      68      0.84141358
      69      0.83924137
      70      0.83720723
      71      0.83514409
      72      0.83298689
      73      0.83095761
      74      0.82906983
      75      0.82708379
      76      0.82485044
      77      0.82256416
      78      0.82034583
      79      0.81822956
      80      0.81614602
      81      0.81409164
      82      0.81202746
      83      0.80998682
      84      0.80800318
      85      0.80601608
      86      0.80410270
      87      0.80218762
      88      0.80010682
      89      0.79792934
      90      0.79588019
      91      0.79396499
      92      0.79191550
      93      0.78992681
      94      0.78806513
      95      0.78593367
      96      0.78382682
      97      0.78189591
      98      0.77999823
      99      0.77816309
     100      0.77613040
     101      0.77403093
     102      0.77214097
     103      0.77034864
     104      0.76857398
     105      0.76654421
     106      0.76451912
     107      0.76270257
     108      0.76082592
     109      0.75879768
     110      0.75666975
     111      0.75474145
     112      0.75287161
     113      0.75095966
     114      0.74922685
     115      0.74756787
     116      0.74596143
     117      0.74433506
     118      0.74252515
     119      0.74068045
     120      0.73878601
     121      0.73693291
     122      0.73522725
     123      0.73344184
     124      0.73164996
     125      0.72986750
     126      0.72785657
     127      0.72586172
     128      0.72400819
     129      0.72215111
     130      0.72024353
     131      0.71831221
     132      0.71645687
     133      0.71467599
     134      0.71286569
     135      0.71099946
     136      0.70934199
     137      0.70783698
     138      0.70626759
     139      0.70460193
     140      0.70280204
     141      0.70101533
     142      0.69933372
     143      0.69758387
     144      0.69590670
     145      0.69423511
     146      0.69235578
     147      0.69041869
     148      0.68849103
     149      0.68663501
     150      0.68489131
     151      0.68310470
     152      0.68130801
     153      0.67966374
     154      0.67805104
     155      0.67635555
     156      0.67473998
     157      0.67305815
     158      0.67129314
     159      0.66955390
     160      0.66777259
     161      0.66606208
     162      0.66424249
     163      0.66244674
     164      0.66076853
     165      0.65918346
     166      0.65766936
     167      0.65605506
     168      0.65433729
     169      0.65249405
     170      0.65077413
     171      0.64918727
     172      0.64758024
     173      0.64595761
     174      0.64444776
     175      0.64302073
     176      0.64146499
     177      0.63983156
     178      0.63814411
     179      0.63654855
     180      0.63506936
     181      0.63353985
     182      0.63187368
     183      0.63016547
     184      0.62848510
     185      0.62681897
     186      0.62514992
     187      0.62358314
     188      0.62196173
     189      0.62043326
     190      0.61914891
     191      0.61779323
     192      0.61630767
     193      0.61473012
     194      0.61320610
     195      0.61171607
     196      0.61032137
     197      0.60899476
     198      0.60749440
     199      0.60590404
     200      0.60443097
     201      0.60307138
     202      0.60157158
     203      0.60004725
     204      0.59849543
     205      0.59687708
     206      0.59540553
     207      0.59389422
     208      0.59224608
     209      0.59069531
     210      0.58926558
     211      0.58776748
     212      0.58634667
     213      0.58497620
     214      0.58345726
     215      0.58198805
     216      0.58059320
     217      0.57911420
     218      0.57766774
     219      0.57624368
     220      0.57472506
     221      0.57328201
     222      0.57195266
     223      0.57058760
     224      0.56910834
     225      0.56754766
     226      0.56600074
     227      0.56458203
     228      0.56324791
     229      0.56183744
     230      0.56041655
     231      0.55900730
     232      0.55763228
     233      0.55621907
     234      0.55468400
     235      0.55319958
     236      0.55183749
     237      0.55050919
     238      0.54918899
     239      0.54782139
     240      0.54636839
     241      0.54496123
     242      0.54352962
     243      0.54215787
     244      0.54090834
     245      0.53959956
     246      0.53822763
     247      0.53692144
     248      0.53555122
     249      0.53420005
     250      0.53284582
     251      0.53144219
     252      0.53017808
     253      0.52886949
     254      0.52750192
     255      0.52613439
     256      0.52490414
     257      0.52379081
     258      0.52250106
     259      0.52125648
     260      0.52007686
     261      0.51884739
     262      0.51773424
     263      0.51655633
     264      0.51522114
     265      0.51396971
     266      0.51278826
     267      0.51151030
     268      0.51028028
     269      0.50907560
     270      0.50784600
     271      0.50659613
     272      0.50524795
     273      0.50398957
     274      0.50289784
     275      0.50170364
     276      0.50047555
     277      0.49933045
     278      0.49817560
     279      0.49697920
     280      0.49580287
     281      0.49462600
     282      0.49344241
     283      0.49221056
     284      0.49099945
     285      0.48986724
     286      0.48866622
     287      0.48737208
     288      0.48594724
     289      0.48457303
     290      0.48322248
     291      0.48196540
     292      0.48089528
     293      0.47981790
     294      0.47857724
     295      0.47719455
     296      0.47596980
     297      0.47481105
     298      0.47361266
     299      0.47248298
     300      0.47148148
     301      0.47043216
     302      0.46920131
     303      0.46789164
     304      0.46659731
     305      0.46545591
     306      0.46438347
     307      0.46331858
     308      0.46224486
     309      0.46115672
     310      0.45997674
     311      0.45881540
     312      0.45762677
     313      0.45636641
     314      0.45516137
     315      0.45396490
     316      0.45284955
     317      0.45169728
     318      0.45047506
     319      0.44936512
     320      0.44830778
     321      0.44714796
     322      0.44594719
     323      0.44476613
     324      0.44368734
     325      0.44273075
     326      0.44160635
     327      0.44035497
     328      0.43932043
     329      0.43832068
     330      0.43716470
     331      0.43597504
     332      0.43478529
     333      0.43358097
     334      0.43235323
     335      0.43130988
     336      0.43046948
     337      0.42959140
     338      0.42853491
     339      0.42730062
     340      0.42613465
     341      0.42509555
     342      0.42402072
     343      0.42292459
     344      0.42200994
     345      0.42124653
     346      0.42039703
     347      0.41946448
     348      0.41841648
     349      0.41729672
     350      0.41617592
     351      0.41503217
     352      0.41395277
     353      0.41299297
     354      0.41203861
     355      0.41104855
     356      0.41005103
     357      0.40894716
     358      0.40785717
     359      0.40683704
     360      0.40576892
     361      0.40473672
     362      0.40372500
     363      0.40263475
     364      0.40152938
     365      0.40044753
     366      0.39947607
     367      0.39855403
     368      0.39757864
     369      0.39658080
     370      0.39565081
     371      0.39472662
     372      0.39373046
     373      0.39279024
     374      0.39185390
     375      0.39090809
     376      0.38995731
     377      0.38903150
     378      0.38820638
     379      0.38727969
     380      0.38630236
     381      0.38541178
     382      0.38436713
     383      0.38331091
     384      0.38235727
     385      0.38135969
     386      0.38027431
     387      0.37921153
     388      0.37828769
     389      0.37732398
     390      0.37642456
     391      0.37564231
     392      0.37480531
     393      0.37393450
     394      0.37310486
     395      0.37221183
     396      0.37125119
     397      0.37024229
     398      0.36921794
     399      0.36830043
     400      0.36744387
     401      0.36656027
     402      0.36563790
     403      0.36470040
     404      0.36366602
     405      0.36270552
     406      0.36181646
     407      0.36087661
     408      0.36003765
     409      0.35936364
     410      0.35865935
     411      0.35778962
     412      0.35693918
     413      0.35613936
     414      0.35521357
     415      0.35431218
     416      0.35348730
     417      0.35250390
     418      0.35152052
     419      0.35054157
     420      0.34957441
     421      0.34877956
     422      0.34789346
     423      0.34695975
     424      0.34604514
     425      0.34506866
     426      0.34411334
     427      0.34323794
     428      0.34242351
     429      0.34154580
     430      0.34065501
     431      0.33980413
     432      0.33901567
     433      0.33813261
     434      0.33721587
     435      0.33637550
     436      0.33546814
     437      0.33463992
     438      0.33373009
     439      0.33290809
     440      0.33227000
     441      0.33150116
     442      0.33074917
     443      0.33000731
     444      0.32914856
     445      0.32830004
     446      0.32747856
     447      0.32668003
     448      0.32589966
     449      0.32503495
     450      0.32416121
     451      0.32332024
     452      0.32247351
     453      0.32167511
     454      0.32091937
     455      0.32015805
     456      0.31935047
     457      0.31844024
     458      0.31756025
     459      0.31681164
     460      0.31611938
     461      0.31534610
     462      0.31446326
     463      0.31368092
     464      0.31296764
     465      0.31209756
     466      0.31123770
     467      0.31045377
     468      0.30974644
     469      0.30903767
     470      0.30832769
     471      0.30760321
     472      0.30676053
     473      0.30592519
     474      0.30515888
     475      0.30446490
     476      0.30378534
     477      0.30302890
     478      0.30235136
     479      0.30173762
     480      0.30098019
     481      0.30028996
     482      0.29959736
     483      0.29878041
     484      0.29807006
     485      0.29740871
     486      0.29679766
     487      0.29626743
     488      0.29562504
     489      0.29500224
     490      0.29432844
     491      0.29351788
     492      0.29278281
     493      0.29210129
     494      0.29141316
     495      0.29071433
     496      0.29002157
     497      0.28929691
     498      0.28854172
     499      0.28775420
     500      0.28697042
     501      0.28633939
     502      0.28585418
     503      0.28524069
     504      0.28445351
     505      0.28371440
     506      0.28307105
     507      0.28244883
     508      0.28181160
     509      0.28108684
     510      0.28021744
     511      0.27934183
     512      0.27856781
     513      0.27779715
     514      0.27702691
     515      0.27640789
     516      0.27587005
     517      0.27531086
     518      0.27466778
     519      0.27398194
     520      0.27324882
     521      0.27243000
     522      0.27160278
     523      0.27088506
     524      0.27021650
     525      0.26955261
     526      0.26891890
     527      0.26826287
     528      0.26764992
     529      0.26710346
     530      0.26646374
     531      0.26571477
     532      0.26493250
     533      0.26417340
     534      0.26346999
     535      0.26283053
     536      0.26223769
     537      0.26154327
     538      0.26084384
     539      0.26019624
     540      0.25956171
     541      0.25893158
     542      0.25830707
     543      0.25776512
     544      0.25719663
     545      0.25653068
     546      0.25589489
     547      0.25530623
     548      0.25475269
     549      0.25416757
     550      0.25352714
     551      0.25287010
     552      0.25226186
     553      0.25161545
     554      0.25094891
     555      0.25035888
     556      0.24978310
     557      0.24918229
     558      0.24855327
     559      0.24793659
     560      0.24725157
     561      0.24653232
     562      0.24591532
     563      0.24527037
     564      0.24469285
     565      0.24414520
     566      0.24356217
     567      0.24301625
     568      0.24233626
     569      0.24164349
     570      0.24103107
     571      0.24048423
     572      0.23985490
     573      0.23918171
     574      0.23863243
     575      0.23802370
     576      0.23736118
     577      0.23666061
     578      0.23596554
     579      0.23538272
     580      0.23478726
     581      0.23415434
     582      0.23353339
     583      0.23283407
     584      0.23216133
     585      0.23155175
     586      0.23097901
     587      0.23036453
     588      0.22966653
     589      0.22896741
     590      0.22836610
     591      0.22788463
     592      0.22743052
     593      0.22698948
     594      0.22647219
     595      0.22594953
     596      0.22538558
     597      0.22470004
     598      0.22413555
     599      0.22365640
     600      0.22314088
     601      0.22261782
     602      0.22211245
     603      0.22162029
     604      0.22099211
     605      0.22038318
     606      0.21989155
     607      0.21935164
     608      0.21874738
     609      0.21815612
     610      0.21761176
     611      0.21707382
     612      0.21656878
     613      0.21605006
     614      0.21540213
     615      0.21480153
     616      0.21438346
     617      0.21397982
     618      0.21352318
     619      0.21312100
     620      0.21257004
     621      0.21189689
     622      0.21133795
     623      0.21080638
     624      0.21021679
     625      0.20961995
     626      0.20914299
     627      0.20879968
     628      0.20835866
     629      0.20772379
     630      0.20714035
     631      0.20666236
     632      0.20616782
     633      0.20560012
     634      0.20495050
     635      0.20438569
     636      0.20385065
     637      0.20340060
     638      0.20294784
     639      0.20240508
     640      0.20183611
     641      0.20129045
     642      0.20087053
     643      0.20040700
     644      0.19989542
     645      0.19940488
     646      0.19897721
     647      0.19848499
     648      0.19795021
     649      0.19754580
     650      0.19714913
     651      0.19661188
     652      0.19599427
     653      0.19542712
     654      0.19493487
     655      0.19454848
     656      0.19412707
     657      0.19363373
     658      0.19308342
     659      0.19253345
     660      0.19202639
     661      0.19148119
     662      0.19094585
     663      0.19047613
     664      0.19003266
     665      0.18949442
     666      0.18906895
     667      0.18862283
     668      0.18817927
     669      0.18777587
     670      0.18730832
     671      0.18689352
     672      0.18642125
     673      0.18591929
     674      0.18532427
     675      0.18475448
     676      0.18430103
     677      0.18385647
     678      0.18354239
     679      0.18318022
     680      0.18272332
     681      0.18239694
     682      0.18211235
     683      0.18175686
     684      0.18135034
     685      0.18097375
     686      0.18055104
     687      0.18003941
     688      0.17957390
     689      0.17916529
     690      0.17860597
     691      0.17814248
     692      0.17780726
     693      0.17730036
     694      0.17675127
     695      0.17622632
     696      0.17572901
     697      0.17536558
     698      0.17506269
     699      0.17469098
     700      0.17429907
     701      0.17387871
     702      0.17340421
     703      0.17301899
     704      0.17272280
     705      0.17228599
     706      0.17178907
     707      0.17146547
     708      0.17110073
     709      0.17057781
     710      0.17007091
     711      0.16961673
     712      0.16916656
     713      0.16869172
     714      0.16829984
     715      0.16788092
     716      0.16738701
     717      0.16696959
     718      0.16659166
     719      0.16623050
     720      0.16586438
     721      0.16545817
     722      0.16497969
     723      0.16455910
     724      0.16417700
     725      0.16382884
     726      0.16345873
     727      0.16308086
     728      0.16276553
     729      0.16232490
     730      0.16184129
     731      0.16147433
     732      0.16115471
     733      0.16075821
     734      0.16043224
     735      0.16011554
     736      0.15977895
     737      0.15951419
     738      0.15914401
     739      0.15875898
     740      0.15837576
     741      0.15791883
     742      0.15747055
     743      0.15702355
     744      0.15657589
     745      0.15615647
     746      0.15579795
     747      0.15543511
     748      0.15501117
     749      0.15454278
     750      0.15407024
     751      0.15363946
     752      0.15330936
     753      0.15295247
     754      0.15263414
     755      0.15237945
     756      0.15205095
     757      0.15162629
     758      0.15121412
     759      0.15089716
     760      0.15051121
     761      0.15010351
     762      0.14974384
     763      0.14939666
     764      0.14900583
     765      0.14857563
     766      0.14819628
     767      0.14788436
     768      0.14751518
     769      0.14720340
     770      0.14693670
     771      0.14653956
     772      0.14605831
     773      0.14561846
     774      0.14524696
     775      0.14486281
     776      0.14447092
     777      0.14406966
     778      0.14370973
     779      0.14337758
     780      0.14300883
     781      0.14271891
     782      0.14245074
     783      0.14208890
     784      0.14168571
     785      0.14120402
     786      0.14076046
     787      0.14036996
     788      0.13995347
     789      0.13954801
     790      0.13918895
     791      0.13885537
     792      0.13855316
     793      0.13819867
     794      0.13779778
     795      0.13740492
     796      0.13701933
     797      0.13665531
     798      0.13626480
     799      0.13595757
     800      0.13564146
     801      0.13528656
     802      0.13495085
     803      0.13464370
     804      0.13436495
     805      0.13408121
     806      0.13375788
     807      0.13345661
     808      0.13316845
     809      0.13277775
     810      0.13242084
     811      0.13220304
     812      0.13197818
     813      0.13162655
     814      0.13130100
     815      0.13101497
     816      0.13076290
     817      0.13047498
     818      0.13013941
     819      0.12980077
     820      0.12946412
     821      0.12916720
     822      0.12884150
     823      0.12851323
     824      0.12815156
     825      0.12780293
     826      0.12754240
     827      0.12728248
     828      0.12693908
     829      0.12657321
     830      0.12625662
     831      0.12594194
     832      0.12559774
     833      0.12523512
     834      0.12483271
     835      0.12446616
     836      0.12412819
     837      0.12377635
     838      0.12346147
     839      0.12321348
     840      0.12298537
     841      0.12262216
     842      0.12226122
     843      0.12199082
     844      0.12172170
     845      0.12151369
     846      0.12130024
     847      0.12099043
     848      0.12069369
     849      0.12040191
     850      0.12007229
     851      0.11975895
     852      0.11954056
     853      0.11933489
     854      0.11904496
     855      0.11873152
     856      0.11835380
     857      0.11806139
     858      0.11784230
     859      0.11755199
     860      0.11725527
     861      0.11693852
     862      0.11661062
     863      0.11630939
     864      0.11603985
     865      0.11576493
     866      0.11547880
     867      0.11528677
     868      0.11512046
     869      0.11494107
     870      0.11475074
     871      0.11459586
     872      0.11434635
     873      0.11396346
     874      0.11360744
     875      0.11330505
     876      0.11303670
     877      0.11268753
     878      0.11239086
     879      0.11226434
     880      0.11216418
     881      0.11190196
     882      0.11152502
     883      0.11119851
     884      0.11089014
     885      0.11054659
     886      0.11022386
     887      0.10994412
     888      0.10967545
     889      0.10942132
     890      0.10915547
     891      0.10887605
     892      0.10862721
     893      0.10843901
     894      0.10820662
     895      0.10780645
     896      0.10741703
     897      0.10719672
     898      0.10694586
     899      0.10662034
     900      0.10635225
     901      0.10609192
     902      0.10585325
     903      0.10561966
     904      0.10543980
     905      0.10522866
     906      0.10500319
     907      0.10475448
     908      0.10449457
     909      0.10435166
     910      0.10419090
     911      0.10390921
     912      0.10367918
     913      0.10344744
     914      0.10310018
     915      0.10277819
     916      0.10247950
     917      0.10219794
     918      0.10190000
     919      0.10162584
     920      0.10135501
     921      0.10108082
     922      0.10087574
     923      0.10065817
     924      0.10046093
     925      0.10024986
     926      0.10000578
     927      0.09980910
     928      0.09956303
     929      0.09936892
     930      0.09922112
     931      0.09900704
     932      0.09875136
     933      0.09842079
     934      0.09820187
     935      0.09802907
     936      0.09774623
     937      0.09746243
     938      0.09722941
     939      0.09703816
     940      0.09683778
     941      0.09661970
     942      0.09627962
     943      0.09598218
     944      0.09579771
     945      0.09560443
     946      0.09541682
     947      0.09522090
     948      0.09498730
     949      0.09474207
     950      0.09450315
     951      0.09423040
     952      0.09388228
     953      0.09353740
     954      0.09326051
     955      0.09296538
     956      0.09265731
     957      0.09230975
     958      0.09201927
     959      0.09185442
     960      0.09161858
     961      0.09134949
     962      0.09114024
     963      0.09088706
     964      0.09062560
     965      0.09045822
     966      0.09030690
     967      0.09016719
     968      0.08994567
     969      0.08963777
     970      0.08936543
     971      0.08917200
     972      0.08903506
     973      0.08893765
     974      0.08887773
     975      0.08864682
     976      0.08829169
     977      0.08803928
     978      0.08787111
     979      0.08761543
     980      0.08730463
     981      0.08708277
     982      0.08694343
     983      0.08682656
     984      0.08660033
     985      0.08631270
     986      0.08607219
     987      0.08590199
     988      0.08578322
     989      0.08561247
     990      0.08541761
     991      0.08517578
     992      0.08480267
     993      0.08447880
     994      0.08425028
     995      0.08409599
     996      0.08389406
     997      0.08358476
     998      0.08337123
     999      0.08321599
    1000      0.08302790
    1001      0.08278417
    1002      0.08253823
    1003      0.08233078
    1004      0.08211291
    1005      0.08191667
    1006      0.08169028
    1007      0.08149840
    1008      0.08139517
    1009      0.08124596
    1010      0.08101833
    1011      0.08073661
    1012      0.08051679
    1013      0.08037278
    1014      0.08017355
    1015      0.07997061
    1016      0.07972983
    1017      0.07943316
    1018      0.07915910
    1019      0.07892788
    1020      0.07872640
    1021      0.07846566
    1022      0.07819079
    1023      0.07793131
    1024      0.07763214
    1025      0.07737211
    1026      0.07712397
    1027      0.07690455
    1028      0.07668151
    1029      0.07642816
    1030      0.07625331
    1031      0.07610276
    1032      0.07596685
    1033      0.07586843
    1034      0.07572621
    1035      0.07555724
    1036      0.07537415
    1037      0.07518365
    1038      0.07499861
    1039      0.07479795
    1040      0.07457511
    1041      0.07435929
    1042      0.07421628
    1043      0.07402233
    1044      0.07386105
    1045      0.07368560
    1046      0.07342931
    1047      0.07332923
    1048      0.07319273
    1049      0.07293659
    1050      0.07263207
    1051      0.07228879
    1052      0.07204683
    1053      0.07176789
    1054      0.07145351
    1055      0.07131565
    1056      0.07123713
    1057      0.07113204
    1058      0.07101101
    1059      0.07088541
    1060      0.07075625
    1061      0.07056432
    1062      0.07037401
    1063      0.07011635
    1064      0.06982360
    1065      0.06959859
    1066      0.06936404
    1067      0.06921233
    1068      0.06903206
    1069      0.06871853
    1070      0.06847225
    1071      0.06830968
    1072      0.06811570
    1073      0.06790731
    1074      0.06768667
    1075      0.06747074
    1076      0.06732715
    1077      0.06715180
    1078      0.06697397
    1079      0.06682312
    1080      0.06663110
    1081      0.06643735
    1082      0.06631415
    1083      0.06618277
    1084      0.06601807
    1085      0.06576444
    1086      0.06549543
    1087      0.06533497
    1088      0.06517751
    1089      0.06501101
    1090      0.06481558
    1091      0.06458389
    1092      0.06446676
    1093      0.06435013
    1094      0.06407921
    1095      0.06382107
    1096      0.06363104
    1097      0.06350135
    1098      0.06342182
    1099      0.06331831
    1100      0.06321060
    1101      0.06306200
    1102      0.06293531
    1103      0.06284626
    1104      0.06273074
    1105      0.06258627
    1106      0.06240244
    1107      0.06220436
    1108      0.06200731
    1109      0.06181077
    1110      0.06163464
    1111      0.06152393
    1112      0.06142793
    1113      0.06130779
    1114      0.06116862
    1115      0.06101230
    1116      0.06085197
    1117      0.06074051
    1118      0.06062239
    1119      0.06049686
    1120      0.06039949
    1121      0.06025729
    1122      0.06014830
    1123      0.06005704
    1124      0.05988911
    1125      0.05974915
    1126      0.05956255
    1127      0.05933050
    1128      0.05916801
    1129      0.05892951
    1130      0.05863972
    1131      0.05842383
    1132      0.05821213
    1133      0.05799697
    1134      0.05780949
    1135      0.05766844
    1136      0.05752151
    1137      0.05733561
    1138      0.05709817
    1139      0.05690831
    1140      0.05681753
    1141      0.05676220
    1142      0.05665911
    1143      0.05647292
    1144      0.05632657
    1145      0.05620508
    1146      0.05604274
    1147      0.05584477
    1148      0.05559760
    1149      0.05535221
    1150      0.05527075
    1151      0.05526568
    1152      0.05518045
    1153      0.05503412
    1154      0.05490183
    1155      0.05474831
    1156      0.05457600
    1157      0.05448437
    1158      0.05439480
    1159      0.05422313
    1160      0.05404640
    1161      0.05386191
    1162      0.05366733
    1163      0.05351991
    1164      0.05336043
    1165      0.05325365
    1166      0.05318396
    1167      0.05304231
    1168      0.05290105
    1169      0.05281781
    1170      0.05276558
    1171      0.05267490
    1172      0.05244913
    1173      0.05225065
    1174      0.05213807
    1175      0.05199588
    1176      0.05186210
    1177      0.05169824
    1178      0.05156303
    1179      0.05150813
    1180      0.05136683
    1181      0.05113787
    1182      0.05105188
    1183      0.05092068
    1184      0.05066463
    1185      0.05055286
    1186      0.05050172
    1187      0.05035163
    1188      0.05018964
    1189      0.05004803
    1190      0.04989410
    1191      0.04973051
    1192      0.04955389
    1193      0.04938583
    1194      0.04925446
    1195      0.04916708
    1196      0.04907546
    1197      0.04893099
    1198      0.04879722
    1199      0.04875861
    1200      0.04875328
    1201      0.04870821
    1202      0.04863644
    1203      0.04860688
    1204      0.04855410
    1205      0.04847890
    1206      0.04833213
    1207      0.04819496
    1208      0.04817349
    1209      0.04809481
    1210      0.04796816
    1211      0.04783588
    1212      0.04767375
    1213      0.04752530
    1214      0.04742527
    1215      0.04738103
    1216      0.04729292
    1217      0.04721419
    1218      0.04712440
    1219      0.04697950
    1220      0.04680289
    1221      0.04660204
    1222      0.04644375
    1223      0.04624767
    1224      0.04604078
    1225      0.04590334
    1226      0.04581041
    1227      0.04574261
    1228      0.04567241
    1229      0.04558947
    1230      0.04546424
    1231      0.04530985
    1232      0.04520296
    1233      0.04507797
    1234      0.04494058
    1235      0.04476753
    1236      0.04457404
    1237      0.04444691
    1238      0.04437117
    1239      0.04435364
    1240      0.04437978
    1241      0.04440750
    1242      0.04439693
    1243      0.04428321
    1244      0.04409480
    1245      0.04397362
    1246      0.04390265
    1247      0.04373905
    1248      0.04363254
    1249      0.04355125
    1250      0.04339666
    1251      0.04329299
    1252      0.04323904
    1253      0.04315691
    1254      0.04307998
    1255      0.04298097
    1256      0.04279758
    1257      0.04264736
    1258      0.04261493
    1259      0.04264300
    1260      0.04258299
    1261      0.04243838
    1262      0.04231124
    1263      0.04221579
    1264      0.04207624
    1265      0.04189721
    1266      0.04175360
    1267      0.04164429
    1268      0.04157730
    1269      0.04149787
    1270      0.04145845
    1271      0.04145771
    1272      0.04136255
    1273      0.04120703
    1274      0.04108036
    1275      0.04093023
    1276      0.04076425
    1277      0.04063761
    1278      0.04048988
    1279      0.04039137
    1280      0.04030878
    1281      0.04017091
    1282      0.04004244
    1283      0.03994650
    1284      0.03983983
    1285      0.03978823
    1286      0.03982951
    1287      0.03979403
    1288      0.03975522
    1289      0.03970013
    1290      0.03956679
    1291      0.03945923
    1292      0.03937327
    1293      0.03926771
    1294      0.03910434
    1295      0.03898380
    1296      0.03894477
    1297      0.03887105
    1298      0.03878817
    1299      0.03874672
    1300      0.03868077
    1301      0.03859797
    1302      0.03846335
    1303      0.03834314
    1304      0.03824095
    1305      0.03811179
    1306      0.03807023
    1307      0.03802920
    1308      0.03790571
    1309      0.03775730
    1310      0.03758096
    1311      0.03747426
    1312      0.03742066
    1313      0.03727915
    1314      0.03717780
    1315      0.03713683
    1316      0.03707590
    1317      0.03699665
    1318      0.03690136
    1319      0.03679860
    1320      0.03669275
    1321      0.03661024
    1322      0.03649773
    1323      0.03645157
    1324      0.03644716
    1325      0.03634210
    1326      0.03627313
    1327      0.03620662
    1328      0.03608320
    1329      0.03599294
    1330      0.03592217
    1331      0.03583522
    1332      0.03575922
    1333      0.03571098
    1334      0.03563222
    1335      0.03553782
    1336      0.03544701
    1337      0.03528703
    1338      0.03516714
    1339      0.03514287
    1340      0.03517145
    1341      0.03517700
    1342      0.03507385
    1343      0.03493718
    1344      0.03482945
    1345      0.03470488
    1346      0.03451725
    1347      0.03425127
    1348      0.03405224
    1349      0.03395806
    1350      0.03385586
    1351      0.03386140
    1352      0.03395272
    1353      0.03391057
    1354      0.03383176
    1355      0.03376477
    1356      0.03365603
    1357      0.03353841
    1358      0.03345325
    1359      0.03340725
    1360      0.03337850
    1361      0.03326918
    1362      0.03315170
    1363      0.03305772
    1364      0.03302503
    1365      0.03302898
    1366      0.03295215
    1367      0.03284238
    1368      0.03279206
    1369      0.03273024
    1370      0.03255911
    1371      0.03237215
    1372      0.03222829
    1373      0.03216417
    1374      0.03207685
    1375      0.03199205
    1376      0.03189214
    1377      0.03177000
    1378      0.03170104
    1379      0.03156657
    1380      0.03148621
    1381      0.03139243
    1382      0.03124861
    1383      0.03116674
    1384      0.03102887
    1385      0.03085819
    1386      0.03074835
    1387      0.03066401
    1388      0.03048724
    1389      0.03028088
    1390      0.03015499
    1391      0.03010421
    1392      0.03002235
    1393      0.02986104
    1394      0.02962854
    1395      0.02942651
    1396      0.02931154
    1397      0.02918015
    1398      0.02907163
    1399      0.02889054
    1400      0.02874346
    1401      0.02871008
    1402      0.02867783
    1403      0.02860057
    1404      0.02845930
    1405      0.02841388
    1406      0.02837154
    1407      0.02825188
    1408      0.02813961
    1409      0.02807134
    1410      0.02799319
    1411      0.02791594
    1412      0.02784260
    1413      0.02775674
    1414      0.02768238
    1415      0.02752904
    1416      0.02739857
    1417      0.02737429
    1418      0.02732544
    1419      0.02723590
    1420      0.02721224
    1421      0.02715131
    1422      0.02705337
    1423      0.02694361
    1424      0.02682459
    1425      0.02679849
    1426      0.02673645
    1427      0.02665396
    1428      0.02654982
    1429      0.02650556
    1430      0.02651358
    1431      0.02653812
    1432      0.02660939
    1433      0.02660919
    1434      0.02657842
    1435      0.02650660
    1436      0.02644995
    1437      0.02646512
    1438      0.02650237
    1439      0.02642464
    1440      0.02631670
    1441      0.02621215
    1442      0.02603323
    1443      0.02591610
    1444      0.02589532
    1445      0.02588038
    1446      0.02577976
    1447      0.02564903
    1448      0.02562247
    1449      0.02561932
    1450      0.02551439
    1451      0.02535751
    1452      0.02521425
    1453      0.02514380
    1454      0.02512615
    1455      0.02508599
    1456      0.02503058
    1457      0.02493853
    1458      0.02483829
    1459      0.02474256
    1460      0.02468939
    1461      0.02464523
    1462      0.02460083
    1463      0.02462456
    1464      0.02462069
    1465      0.02458474
    1466      0.02445490
    1467      0.02432545
    1468      0.02432219
    1469      0.02424267
    1470      0.02416418
    1471      0.02415929
    1472      0.02415899
    1473      0.02414367
    1474      0.02406173
    1475      0.02406522
    1476      0.02407751
    1477      0.02402922
    1478      0.02401192
    1479      0.02393956
    1480      0.02386213
    1481      0.02387069
    1482      0.02382800
    1483      0.02376048
    1484      0.02373775
    1485      0.02369543
    1486      0.02370928
    1487      0.02363672
    1488      0.02343010
    1489      0.02327288
    1490      0.02319170
    1491      0.02311993
    1492      0.02306223
    1493      0.02305063
    1494      0.02297882
    1495      0.02289875
    1496      0.02291470
    1497      0.02291557
    1498      0.02285116
    1499      0.02278280
    1500      0.02270888
    1501      0.02270305
    1502      0.02279025
    1503      0.02289259
    1504      0.02289426
    1505      0.02283798
    1506      0.02285986
    1507      0.02285466
    1508      0.02276137
    1509      0.02275757
    1510      0.02278816
    1511      0.02272546
    1512      0.02263125
    1513      0.02258688
    1514      0.02258990
    1515      0.02249290
    1516      0.02237336
    1517      0.02233773
    1518      0.02231540
    1519      0.02231257
    1520      0.02231667
    1521      0.02226325
    1522      0.02222817
    1523      0.02230266
    1524      0.02229817
    1525      0.02219834
    1526      0.02209602
    1527      0.02196195
    1528      0.02188152
    1529      0.02185753
    1530      0.02184930
    1531      0.02179015
    1532      0.02174088
    1533      0.02169219
    1534      0.02159707
    1535      0.02152889
    1536      0.02143077
    1537      0.02132286
    1538      0.02128589
    1539      0.02121524
    1540      0.02115587
    1541      0.02104779
    1542      0.02094061
    1543      0.02090861
    1544      0.02082362
    1545      0.02081412
    1546      0.02082332
    1547      0.02073448
    1548      0.02069179
    1549      0.02065380
    1550      0.02049996
    1551      0.02037805
    1552      0.02028236
    1553      0.02021915
    1554      0.02021068
    1555      0.02016436
    1556      0.02016677
    1557      0.02025856
    1558      0.02030231
    1559      0.02025029
    1560      0.02026613
    1561      0.02031463
    1562      0.02029276
    1563      0.02026329
    1564      0.02026906
    1565      0.02030777
    1566      0.02035880
    1567      0.02030252
    1568      0.02024969
    1569      0.02026720
    1570      0.02021373
    1571      0.02008882
    1572      0.02002132
    1573      0.01999679
    1574      0.02000946
    1575      0.02003825
    1576      0.02000750
    1577      0.01996997
    1578      0.01990782
    1579      0.01991417
    1580      0.01992620
    1581      0.01982339
    1582      0.01974572
    1583      0.01973064
    1584      0.01969290
    1585      0.01963497
    1586      0.01961465
    1587      0.01963263
    1588      0.01961427
    1589      0.01956631
    1590      0.01954522
    1591      0.01952809
    1592      0.01951523
    1593      0.01942721
    1594      0.01936016
    1595      0.01929861
    1596      0.01919267
    1597      0.01912345
    1598      0.01914872
    1599      0.01913412
    1600      0.01905974
    1601      0.01898440
    1602      0.01885481
    1603      0.01876610
    1604      0.01870095
    1605      0.01862300
    1606      0.01851439
    1607      0.01841155
    1608      0.01833983
    1609      0.01827471
    1610      0.01818526
    1611      0.01807864
    1612      0.01798621
    1613      0.01794387
    1614      0.01791623
    1615      0.01782202
    1616      0.01774538
    1617      0.01775150
    1618      0.01776683
    1619      0.01772823
    1620      0.01765852
    1621      0.01761865
    1622      0.01761589
    1623      0.01766819
    1624      0.01774168
    1625      0.01772252
    1626      0.01764903
    1627      0.01751354
    1628      0.01741575
    1629      0.01738249
    1630      0.01732670
    1631      0.01723959
    1632      0.01710523
    1633      0.01693796
    1634      0.01683504
    1635      0.01683246
    1636      0.01682360
    1637      0.01679499
    1638      0.01677487
    1639      0.01679938
    1640      0.01681265
    1641      0.01676742
    1642      0.01666023
    1643      0.01658555
    1644      0.01657283
    1645      0.01660561
    1646      0.01663766
    1647      0.01654996
    1648      0.01642335
    1649      0.01636733
    1650      0.01631285
    1651      0.01624777
    1652      0.01620916
    1653      0.01618202
    1654      0.01616126
    1655      0.01603830
    1656      0.01594459
    1657      0.01596490
    1658      0.01601351
    1659      0.01604792
    1660      0.01596636
    1661      0.01590477
    1662      0.01593543
    1663      0.01596600
    1664      0.01596179
    1665      0.01593645
    1666      0.01591658
    1667      0.01587160
    1668      0.01584698
    1669      0.01578108
    1670      0.01566278
    1671      0.01560427
    1672      0.01556885
    1673      0.01551333
    1674      0.01543998
    1675      0.01529456
    1676      0.01522747
    1677      0.01525916
    1678      0.01522298
    1679      0.01515483
    1680      0.01515324
    1681      0.01515861
    1682      0.01508093
    1683      0.01500909
    1684      0.01494890
    1685      0.01489775
    1686      0.01487966
    1687      0.01485753
    1688      0.01478787
    1689      0.01468392
    1690      0.01454767
    1691      0.01447853
    1692      0.01443165
    1693      0.01439056
    1694      0.01443227
    1695      0.01448388
    1696      0.01451352
    1697      0.01452154
    1698      0.01449944
    1699      0.01446748
    1700      0.01441036
    1701      0.01430997
    1702      0.01432538
    1703      0.01434796
    1704      0.01425561
    1705      0.01417384
    1706      0.01414392
    1707      0.01416783
    1708      0.01422159
    1709      0.01421100
    1710      0.01418546
    1711      0.01422654
    1712      0.01425511
    1713      0.01427106
    1714      0.01421537
    1715      0.01417637
    1716      0.01416507
    1717      0.01407801
    1718      0.01401942
    1719      0.01402703
    1720      0.01400849
    1721      0.01394243
    1722      0.01394480
    1723      0.01387234
    1724      0.01372106
    1725      0.01365507
    1726      0.01356178
    1727      0.01344945
    1728      0.01335971
    1729      0.01322924
    1730      0.01316570
    1731      0.01312128
    1732      0.01304092
    1733      0.01303366
    1734      0.01306651
    1735      0.01305346
    1736      0.01297106
    1737      0.01285643
    1738      0.01282601
    1739      0.01284199
    1740      0.01277130
    1741      0.01272225
    1742      0.01270989
    1743      0.01265748
    1744      0.01260724
    1745      0.01255370
    1746      0.01253485
    1747      0.01255291
    1748      0.01262860
    1749      0.01267151
    1750      0.01261602
    1751      0.01255475
    1752      0.01241254
    1753      0.01224705
    1754      0.01224911
    1755      0.01226054
    1756      0.01214714
    1757      0.01208022
    1758      0.01207994
    1759      0.01209431
    1760      0.01212453
    1761      0.01211933
    1762      0.01202026
    1763      0.01192630
    1764      0.01182025
    1765      0.01173815
    1766      0.01174680
    1767      0.01181055
    1768      0.01180525
    1769      0.01174158
    1770      0.01174969
    1771      0.01169669
    1772      0.01153751
    1773      0.01140938
    1774      0.01129905
    1775      0.01120941
    1776      0.01116557
    1777      0.01117063
    1778      0.01117834
    1779      0.01114634
    1780      0.01121088
    1781      0.01125258
    1782      0.01120411
    1783      0.01113484
    1784      0.01101258
    1785      0.01098837
    1786      0.01102127
    1787      0.01104475
    1788      0.01100702
    1789      0.01087903
    1790      0.01077768
    1791      0.01070941
    1792      0.01064657
    1793      0.01060589
    1794      0.01053983
    1795      0.01054355
    1796      0.01065616
    1797      0.01075595
    1798      0.01080883
    1799      0.01086354
    1800      0.01093615
    1801      0.01092670
    1802      0.01096916
    1803      0.01104513
    1804      0.01101559
    1805      0.01093221
    1806      0.01087136
    1807      0.01086223
    1808      0.01081576
    1809      0.01073295
    1810      0.01069505
    1811      0.01064594
    1812      0.01060378
    1813      0.01051939
    1814      0.01040028
    1815      0.01033352
    1816      0.01029385
    1817      0.01023032
    1818      0.01017347
    1819      0.01018785
    1820      0.01017480
    1821      0.01017032
    1822      0.01015781
    1823      0.01003040
    1824      0.00991569
    1825      0.00985346
    1826      0.00976540
    1827      0.00968634
    1828      0.00963958
    1829      0.00957473
    1830      0.00951132
    1831      0.00943223
    1832      0.00944505
    1833      0.00955016
    1834      0.00954885
    1835      0.00950254
    1836      0.00947088
    1837      0.00942813
    1838      0.00948632
    1839      0.00956104
    1840      0.00954209
    1841      0.00955491
    1842      0.00955835
    1843      0.00957478
    1844      0.00956444
    1845      0.00951427
    1846      0.00961897
    1847      0.00965451
    1848      0.00963048
    1849      0.00964522
    1850      0.00957414
    1851      0.00954479
    1852      0.00953985
    1853      0.00951416
    1854      0.00947570
    1855      0.00947234
    1856      0.00947265
    1857      0.00947459
    1858      0.00944454
    1859      0.00932620
    1860      0.00928810
    1861      0.00936821
    1862      0.00934841
    1863      0.00925923
    1864      0.00922562
    1865      0.00925254
    1866      0.00925101
    1867      0.00918471
    1868      0.00921780
    1869      0.00923063
    1870      0.00919204
    1871      0.00914252
    1872      0.00907008
    1873      0.00901941
    1874      0.00894666
    1875      0.00892204
    1876      0.00888133
    1877      0.00876457
    1878      0.00870245
    1879      0.00871067
    1880      0.00868110
    1881      0.00864284
    1882      0.00855992
    1883      0.00852275
    1884      0.00851976
    1885      0.00845376
    1886      0.00844333
    1887      0.00846785
    1888      0.00846178
    1889      0.00839682
    1890      0.00833440
    1891      0.00833187
    1892      0.00837469
    1893      0.00834172
    1894      0.00832595
    1895      0.00836739
    1896      0.00836164
    1897      0.00835384
    1898      0.00828814
    1899      0.00816658
    1900      0.00810320
    1901      0.00799923
    1902      0.00789135
    1903      0.00785188
    1904      0.00782270
    1905      0.00782567
    1906      0.00779523
    1907      0.00764266
    1908      0.00751663
    1909      0.00741039
    1910      0.00723104
    1911      0.00709963
    1912      0.00702410
    1913      0.00700915
    1914      0.00705779
    1915      0.00711592
    1916      0.00716498
    1917      0.00720724
    1918      0.00712271
    1919      0.00703161
    1920      0.00695301
    1921      0.00686004
    1922      0.00689261
    1923      0.00687079
    1924      0.00683613
    1925      0.00683542
    1926      0.00678642
    1927      0.00673747
    1928      0.00671803
    1929      0.00670087
    1930      0.00663735
    1931      0.00660306
    1932      0.00666762
    1933      0.00670115
    1934      0.00672830
    1935      0.00683390
    1936      0.00692184
    1937      0.00696564
    1938      0.00698354
    1939      0.00704036
    1940      0.00713161
    1941      0.00718896
    1942      0.00720162
    1943      0.00714426
    1944      0.00710583
    1945      0.00712455
    1946      0.00710396
    1947      0.00699809
    1948      0.00693686
    1949      0.00695616
    1950      0.00694006
    1951      0.00694638
    1952      0.00695899
    1953      0.00692148
    1954      0.00692244
    1955      0.00701884
    1956      0.00703593
    1957      0.00697358
    1958      0.00692766
    1959      0.00684446
    1960      0.00678423
    1961      0.00676840
    1962      0.00668403
    1963      0.00660188
    1964      0.00655806
    1965      0.00651776
    1966      0.00641011
    1967      0.00637262
    1968      0.00644962
    1969      0.00641398
    1970      0.00635708
    1971      0.00629898
    1972      0.00619847
    1973      0.00621163
    1974      0.00627657
    1975      0.00625690
    1976      0.00620511
    1977      0.00623740
    1978      0.00630659
    1979      0.00633793
    1980      0.00628583
    1981      0.00614969
    1982      0.00605618
    1983      0.00606709
    1984      0.00606984
    1985      0.00602093
    1986      0.00605124
    1987      0.00610993
    1988      0.00611390
    1989      0.00608701
    1990      0.00606726
    1991      0.00606937
    1992      0.00611324
    1993      0.00615201
    1994      0.00613423
    1995      0.00609559
    1996      0.00606906
    1997      0.00601552
    1998      0.00592933
    1999      0.00585878
    2000      0.00583455
    2001      0.00582911
    2002      0.00583041
    2003      0.00584517
    2004      0.00591044
    2005      0.00602272
    2006      0.00611565
    2007      0.00619284
    2008      0.00624103
    2009      0.00622058
    2010      0.00619711
    2011      0.00622492
    2012      0.00621227
    2013      0.00615510
    2014      0.00616459
    2015      0.00623102
    2016      0.00630746
    2017      0.00636057
    2018      0.00637271
    2019      0.00637982
    2020      0.00637854
    2021      0.00635480
    2022      0.00631919
    2023      0.00636809
    2024      0.00642637
    2025      0.00638402
    2026      0.00633625
    2027      0.00634244
    2028      0.00638737
    2029      0.00631660
    2030      0.00626066
    2031      0.00621841
    2032      0.00612354
    2033      0.00610718
    2034      0.00615043
    2035      0.00615657
    2036      0.00609079
    2037      0.00610374
    2038      0.00620550
    2039      0.00630582
    2040      0.00634804
    2041      0.00631120
    2042      0.00625975
    2043      0.00622630
    2044      0.00620132
    2045      0.00621465
    2046      0.00624409
    2047      0.00625876
    2048      0.00629662
    2049      0.00630186
    2050      0.00623092
    2051      0.00618923
    2052      0.00612421
    2053      0.00603131
    2054      0.00593534
    2055      0.00590110
    2056      0.00588291
    2057      0.00576827
    2058      0.00572386
    2059      0.00579763
    2060      0.00582015
    2061      0.00580919
    2062      0.00587945
    2063      0.00591411
    2064      0.00593025
    2065      0.00588813
    2066      0.00576068
    2067      0.00572542
    2068      0.00572074
    2069      0.00570917
    2070      0.00574193
    2071      0.00572883
    2072      0.00565595
    2073      0.00561535
    2074      0.00558602
    2075      0.00561962
    2076      0.00574341
    2077      0.00580706
    2078      0.00579460
    2079      0.00573863
    2080      0.00568725
    2081      0.00563082
    2082      0.00550339
    2083      0.00541680
    2084      0.00544265
    2085      0.00544195
    2086      0.00538111
    2087      0.00532697
    2088      0.00522887
    2089      0.00519880
    2090      0.00518898
    2091      0.00512967
    2092      0.00507184
    2093      0.00505902
    2094      0.00509143
    2095      0.00507815
    2096      0.00509352
    2097      0.00510650
    2098      0.00515467
    2099      0.00520081
    2100      0.00517639
    2101      0.00509484
    2102      0.00502970
    2103      0.00505602
    2104      0.00503679
    2105      0.00500061
    2106      0.00505582
    2107      0.00515153
    2108      0.00516307
    2109      0.00514426
    2110      0.00515179
    2111      0.00516070
    2112      0.00518928
    2113      0.00518280
    2114      0.00512548
    2115      0.00511904
    2116      0.00514883
    2117      0.00514996
    2118      0.00518080
    2119      0.00528305
    2120      0.00531928
    2121      0.00526331
    2122      0.00523891
    2123      0.00523588
    2124      0.00531027
    2125      0.00540261
    2126      0.00544388
    2127      0.00547382
    2128      0.00544485
    2129      0.00542757
    2130      0.00547433
    2131      0.00554400
    2132      0.00560285
    2133      0.00565209
    2134      0.00570649
    2135      0.00575462
    2136      0.00571558
    2137      0.00567159
    2138      0.00561738
    2139      0.00558529
    2140      0.00563096
    2141      0.00562133
    2142      0.00554481
    2143      0.00550576
    2144      0.00554835
    2145      0.00566130
    2146      0.00571490
    2147      0.00567662
    2148      0.00560146
    2149      0.00548620
    2150      0.00543357
    2151      0.00534991
    2152      0.00536539
    2153      0.00546727
    2154      0.00545683
    2155      0.00542409
    2156      0.00540196
    2157      0.00542293
    2158      0.00546544
    2159      0.00551691
    2160      0.00548121
    2161      0.00548294
    2162      0.00554166
    2163      0.00560417
    2164      0.00565057
    2165      0.00565202
    2166      0.00569273
    2167      0.00572900
    2168      0.00573997
    2169      0.00576857
    2170      0.00582520
    2171      0.00587393
    2172      0.00588549
    2173      0.00582415
    2174      0.00574256
    2175      0.00571529
    2176      0.00571869
    2177      0.00575851
    2178      0.00572309
    2179      0.00558618
    2180      0.00556916
    2181      0.00559733
    2182      0.00560288
    2183      0.00557680
    2184      0.00552822
    2185      0.00554842
    2186      0.00557314
    2187      0.00553371
    2188      0.00546328
    2189      0.00542415
    2190      0.00532548
    2191      0.00520629
    2192      0.00523221
    2193      0.00526962
    2194      0.00520570
    2195      0.00522784
    2196      0.00529575
    2197      0.00526669
    2198      0.00521831
    2199      0.00519359
    2200      0.00520358
    2201      0.00518607
    2202      0.00518555
    2203      0.00530014
    2204      0.00536665
    2205      0.00534877
    2206      0.00529698
    2207      0.00525907
    2208      0.00526667
    2209      0.00529794
    2210      0.00528874
    2211      0.00525449
    2212      0.00530836
    2213      0.00534676
    2214      0.00530455
    2215      0.00524727
    2216      0.00525627
    2217      0.00529031
    2218      0.00529248
    2219      0.00537937
    2220      0.00543290
    2221      0.00535393
    2222      0.00537689
    2223      0.00544163
    2224      0.00551419
    2225      0.00559697
    2226      0.00560176
    2227      0.00560458
    2228      0.00554271
    2229      0.00549186
    2230      0.00551176
    2231      0.00555025
    2232      0.00559253
    2233      0.00556805
    2234      0.00548639
    2235      0.00548213
    2236      0.00549050
    2237      0.00540561
    2238      0.00537489
    2239      0.00534569
    2240      0.00524072
    2241      0.00519394
    2242      0.00524317
    2243      0.00524055
    2244      0.00516900
    2245      0.00514197
    2246      0.00509193
    2247      0.00510262
    2248      0.00517244
    2249      0.00520199
    2250      0.00519102
    2251      0.00515215
    2252      0.00515049
    2253      0.00516774
    2254      0.00515862
    2255      0.00513660
    2256      0.00506019
    2257      0.00500194
    2258      0.00499940
    2259      0.00492992
    2260      0.00487109
    2261      0.00484380
    2262      0.00483750
    2263      0.00488290
    2264      0.00491390
    2265      0.00490173
    2266      0.00487551
    2267      0.00486702
    2268      0.00491494
    2269      0.00488634
    2270      0.00482773
    2271      0.00478483
    2272      0.00474771
    2273      0.00474258
    2274      0.00468980
    2275      0.00467776
    2276      0.00464524
    2277      0.00457229
    2278      0.00454773
    2279      0.00454584
    2280      0.00452534
    2281      0.00452559
    2282      0.00453201
    2283      0.00452875
    2284      0.00447837
    2285      0.00436268
    2286      0.00426514
    2287      0.00426250
    2288      0.00425408
    2289      0.00427514
    2290      0.00433825
    2291      0.00433930
    2292      0.00429986
    2293      0.00426814
    2294      0.00424747
    2295      0.00419535
    2296      0.00426087
    2297      0.00429923
    2298      0.00420552
    2299      0.00417058
    2300      0.00412820
    2301      0.00407823
    2302      0.00406524
    2303      0.00399363
    2304      0.00394885
    2305      0.00394927
    2306      0.00392222
    2307      0.00393578
    2308      0.00396687
    2309      0.00400447
    2310      0.00402007
    2311      0.00400449
    2312      0.00400823
    2313      0.00400535
    2314      0.00389090
    2315      0.00378898
    2316      0.00384081
    2317      0.00386262
    2318      0.00382679
    2319      0.00385511
    2320      0.00381134
    2321      0.00372186
    2322      0.00371322
    2323      0.00373903
    2324      0.00375520
    2325      0.00368949
    2326      0.00364822
    2327      0.00362928
    2328      0.00365536
    2329      0.00377190
    2330      0.00378944
    2331      0.00368902
    2332      0.00365246
    2333      0.00363448
    2334      0.00358289
    2335      0.00355312
    2336      0.00352659
    2337      0.00346730
    2338      0.00343738
    2339      0.00337399
    2340      0.00327389
    2341      0.00319416
    2342      0.00314403
    2343      0.00311836
    2344      0.00307264
    2345      0.00299201
    2346      0.00293296
    2347      0.00291604
    2348      0.00295129
    2349      0.00293721
    2350      0.00290771
    2351      0.00292209
    2352      0.00290215
    2353      0.00290032
    2354      0.00294397
    2355      0.00298508
    2356      0.00300820
    2357      0.00303777
    2358      0.00309345
    2359      0.00315937
    2360      0.00320134
    2361      0.00322029
    2362      0.00327156
    2363      0.00326001
    2364      0.00315083
    2365      0.00305713
    2366      0.00298601
    2367      0.00297186
    2368      0.00288661
    2369      0.00279447
    2370      0.00284651
    2371      0.00292498
    2372      0.00289272
    2373      0.00278955
    2374      0.00269897
    2375      0.00268362
    2376      0.00271909
    2377      0.00269232
    2378      0.00262081
    2379      0.00257257
    2380      0.00253384
    2381      0.00245616
    2382      0.00239551
    2383      0.00245392
    2384      0.00254031
    2385      0.00261802
    2386      0.00266504
    2387      0.00259748
    2388      0.00261951
    2389      0.00274263
    2390      0.00279522
    2391      0.00279284
    2392      0.00282972
    2393      0.00283583
    2394      0.00278125
    2395      0.00270819
    2396      0.00264305
    2397      0.00261652
    2398      0.00265263
    2399      0.00280107
    2400      0.00287185
    2401      0.00288492
    2402      0.00288114
    2403      0.00284132
    2404      0.00280362
    2405      0.00275048
    2406      0.00271726
    2407      0.00268381
    2408      0.00269369
    2409      0.00268135
    2410      0.00265019
    2411      0.00274543
    2412      0.00288350
    2413      0.00297255
    2414      0.00293511
    2415      0.00283985
    2416      0.00279887
    2417      0.00275994
    2418      0.00265606
    2419      0.00260510
    2420      0.00262364
    2421      0.00255395
    2422      0.00251595
    2423      0.00249566
    2424      0.00245123
    2425      0.00238718
    2426      0.00234552
    2427      0.00234981
    2428      0.00228707
    2429      0.00223683
    2430      0.00220435
    2431      0.00213870
    2432      0.00213409
    2433      0.00213902
    2434      0.00205659
    2435      0.00196545
    2436      0.00198462
    2437      0.00198862
    2438      0.00190402
    2439      0.00191308
    2440      0.00192610
    2441      0.00190534
    2442      0.00192529
    2443      0.00193900
    2444      0.00195352
    2445      0.00195203
    2446      0.00192065
    2447      0.00189671
    2448      0.00187892
    2449      0.00192303
    2450      0.00201415
    2451      0.00203422
    2452      0.00201909
    2453      0.00205557
    2454      0.00209084
    2455      0.00211389
    2456      0.00207473
    2457      0.00207089
    2458      0.00209330
    2459      0.00204143
    2460      0.00206394
    2461      0.00213859
    2462      0.00209729
    2463      0.00205386
    2464      0.00207200
    2465      0.00211798
    2466      0.00214885
    2467      0.00216392
    2468      0.00214487
    2469      0.00213917
    2470      0.00214849
    2471      0.00217071
    2472      0.00221164
    2473      0.00214613
    2474      0.00207848
    2475      0.00203774
    2476      0.00199544
    2477      0.00201102
    2478      0.00200603
    2479      0.00197822
    2480      0.00196739
    2481      0.00195529
    2482      0.00196466
    2483      0.00200606
    2484      0.00204382
    2485      0.00203476
    2486      0.00200410
    2487      0.00202106
    2488      0.00203078
    2489      0.00204351
    2490      0.00211363
    2491      0.00213071
    2492      0.00216455
    2493      0.00221079
    2494      0.00214794
    2495      0.00209862
    2496      0.00204630
    2497      0.00206216
    2498      0.00214403
    2499      0.00215519
    2500      0.00218659
    2501      0.00218023
    2502      0.00214555
    2503      0.00210608
    2504      0.00201335
    2505      0.00194495
    2506      0.00192311
    2507      0.00186455
    2508      0.00175254
    2509      0.00166629
    2510      0.00165761
    2511      0.00164727
    2512      0.00160103
    2513      0.00151039
    2514      0.00148434
    2515      0.00153343
    2516      0.00158260
    2517      0.00157052
    2518      0.00148489
    2519      0.00139204
    2520      0.00135330
    2521      0.00136965
    2522      0.00134538
    2523      0.00132797
    2524      0.00131909
    2525      0.00126982
    2526      0.00127465
    2527      0.00132045
    2528      0.00134084
    2529      0.00135964
    2530      0.00136010
    2531      0.00134814
    2532      0.00137726
    2533      0.00142903
    2534      0.00139703
    2535      0.00122615
    2536      0.00113706
    2537      0.00119384
    2538      0.00121131
    2539      0.00122450
    2540      0.00124299
    2541      0.00116359
    2542      0.00109839
    2543      0.00107773
    2544      0.00108613
    2545      0.00112975
    2546      0.00112168
    2547      0.00108065
    2548      0.00106797
    2549      0.00110023
    2550      0.00116393
    2551      0.00111344
    2552      0.00105366
    2553      0.00106291
    2554      0.00101319
    2555      0.00095507
    2556      0.00097321
    2557      0.00103607
    2558      0.00102741
    2559      0.00102459
    2560      0.00103200
    2561      0.00097563
    2562      0.00091721
    2563      0.00083059
    2564      0.00072439
    2565      0.00078156
    2566      0.00088167
    2567      0.00099252
    2568      0.00101449
    2569      0.00087596
    2570      0.00080983
    2571      0.00073208
    2572      0.00065818
    2573      0.00064040
    2574      0.00064499
    2575      0.00057905
    2576      0.00054854
    2577      0.00059209
    2578      0.00063018
    2579      0.00068070
    2580      0.00072079
    2581      0.00076760
    2582      0.00071990
    2583      0.00063677
    2584      0.00057475
    2585      0.00060821
    2586      0.00063484
    2587      0.00055746
    2588      0.00049024
    2589      0.00043895
    2590      0.00044578
    2591      0.00043058
    2592      0.00039554
    2593      0.00045617
    2594      0.00054672
    2595      0.00056796
    2596      0.00056364
    2597      0.00056334
    2598      0.00055620
    2599      0.00058358
    2600      0.00055997
    2601      0.00052992
    2602      0.00058413
    2603      0.00065177
    2604      0.00066337
    2605      0.00063562
    2606      0.00061352
    2607      0.00063256
    2608      0.00059169
    2609      0.00055096
    2610      0.00060773
    2611      0.00058703
    2612      0.00051303
    2613      0.00046282
    2614      0.00050002
    2615      0.00057182
    2616      0.00058609
    2617      0.00061345
    2618      0.00057308
    2619      0.00053604
    2620      0.00054281
    2621      0.00054361
    2622      0.00063535
    2623      0.00075260
    2624      0.00075922
    2625      0.00071481
    2626      0.00065383
    2627      0.00060768
    2628      0.00062283
    2629      0.00064219
    2630      0.00056819
    2631      0.00048661
    2632      0.00042294
    2633      0.00043912
    2634      0.00052543
    2635      0.00051053
    2636      0.00054049
    2637      0.00061754
    2638      0.00060113
    2639      0.00060316
    2640      0.00063843
    2641      0.00060172
    2642      0.00057971
    2643      0.00059800
    2644      0.00058012
    2645      0.00057098
    2646      0.00058232
    2647      0.00054287
    2648      0.00052784
    2649      0.00056018
    2650      0.00056100
    2651      0.00055688
    2652      0.00054940
    2653      0.00051321
    2654      0.00052045
    2655      0.00047797
    2656      0.00036594
    2657      0.00029105
    2658      0.00029601
    2659      0.00028005
    2660      0.00028728
    2661      0.00037227
    2662      0.00039082
    2663      0.00037162
    2664      0.00033615
    2665      0.00032179
    2666      0.00034736
    2667      0.00031487
    2668      0.00029901
    2669      0.00035554
    2670      0.00036202
    2671      0.00035484
    2672      0.00042017
    2673      0.00050730
    2674      0.00060623
    2675      0.00060405
    2676      0.00058509
    2677      0.00058879
    2678      0.00053885
    2679      0.00047530
    2680      0.00038517
    2681      0.00029026
    2682      0.00028421
    2683      0.00034386
    2684      0.00038103
    2685      0.00034435
    2686      0.00027662
    2687      0.00030839
    2688      0.00028570
    2689      0.00016849
    2690      0.00012099
    2691      0.00017984
    2692      0.00024852
    2693      0.00021458
    2694      0.00018455
    2695      0.00018254
    2696      0.00022783
    2697      0.00022405
    2698      0.00020189
    2699      0.00020201
    2700      0.00014161
    2701      0.00011535
    2702      0.00019605
    2703      0.00023921
    2704      0.00025206
    2705      0.00033382
    2706      0.00036160
    2707      0.00031761
    2708      0.00029852
    2709      0.00027793
    2710      0.00021478
    2711      0.00015347
    2712      0.00015912
    2713      0.00017435
    2714      0.00015229
    2715      0.00016500
    2716      0.00014512
    2717      0.00012688
    2718      0.00016525
    2719      0.00021095
    2720      0.00017620
    2721      0.00015326
    2722      0.00020146
    2723      0.00017878
    2724      0.00020006
    2725      0.00027975
    2726      0.00026511
    2727      0.00023805
    2728      0.00028434
    2729      0.00041129
    2730      0.00046144
    2731      0.00041724
    2732      0.00038641
    2733      0.00037694
    2734      0.00045199
    2735      0.00050353
    2736      0.00050886
    2737      0.00053424
    2738      0.00057447
    2739      0.00063262
    2740      0.00068714
    2741      0.00067849
    2742      0.00058596
    2743      0.00060519
    2744      0.00065554
    2745      0.00063961
    2746      0.00064099
    2747      0.00063292
    2748      0.00064256
    2749      0.00064920
    2750      0.00064227
    2751      0.00073856
    2752      0.00085064
    2753      0.00082886
    2754      0.00081727
    2755      0.00083713
    2756      0.00083955
    2757      0.00081281
    2758      0.00078878
    2759      0.00085534
    2760      0.00088465
    2761      0.00088879
    2762      0.00084341
    2763      0.00078813
    2764      0.00073893
    2765      0.00076873
    2766      0.00085986
    2767      0.00088819
    2768      0.00099349
    2769      0.00101565
    2770      0.00087119
    2771      0.00082884
    2772      0.00087013
    2773      0.00091222
    2774      0.00100033
    2775      0.00102397
    2776      0.00099722
    2777      0.00097649
    2778      0.00094700
    2779      0.00096365
    2780      0.00101465
    2781      0.00106910
    2782      0.00109531
    2783      0.00113374
    2784      0.00115295
    2785      0.00116669
    2786      0.00119024
    2787      0.00111190
    2788      0.00111091
    2789      0.00120324
    2790      0.00127675
    2791      0.00131936
    2792      0.00133520
    2793      0.00130842
    2794      0.00126618
    2795      0.00127416
    2796      0.00124505
    2797      0.00121533
    2798      0.00123174
    2799      0.00118988
    2800      0.00114854
    2801      0.00109432
    2802      0.00104076
    2803      0.00106892
    2804      0.00115218
    2805      0.00120661
    2806      0.00125502
    2807      0.00127364
    2808      0.00130698
    2809      0.00131314
    2810      0.00132532
    2811      0.00139990
    2812      0.00141315
    2813      0.00139093
    2814      0.00142518
    2815      0.00148673
    2816      0.00149759
    2817      0.00148565
    2818      0.00143950
    2819      0.00139287
    2820      0.00141006
    2821      0.00147586
    2822      0.00147679
    2823      0.00140120
    2824      0.00132305
    2825      0.00136439
    2826      0.00136566
    2827      0.00125128
    2828      0.00120478
    2829      0.00124850
    2830      0.00127287
    2831      0.00130237
    2832      0.00133463
    2833      0.00124121
    2834      0.00121279
    2835      0.00126806
    2836      0.00126074
    2837      0.00126027
    2838      0.00125054
    2839      0.00125420
    2840      0.00121960
    2841      0.00103180
    2842      0.00087719
    2843      0.00085107
    2844      0.00084183
    2845      0.00079111
    2846      0.00074611
    2847      0.00075962
    2848      0.00078825
    2849      0.00078767
    2850      0.00080326
    2851      0.00083425
    2852      0.00079773
    2853      0.00081101
    2854      0.00090577
    2855      0.00093236
    2856      0.00090944
    2857      0.00094637
    2858      0.00105380
    2859      0.00111964
    2860      0.00112212
    2861      0.00107744
    2862      0.00105408
    2863      0.00105061
    2864      0.00100592
    2865      0.00093713
    2866      0.00089414
    2867      0.00090288
    2868      0.00087573
    2869      0.00081667
    2870      0.00079326
    2871      0.00075496
    2872      0.00072857
    2873      0.00074551
    2874      0.00075292
    2875      0.00077115
    2876      0.00078504
    2877      0.00078831
    2878      0.00077464
    2879      0.00079993
    2880      0.00081331
    2881      0.00078926
    2882      0.00085327
    2883      0.00094634
    2884      0.00091414
    2885      0.00084841
    2886      0.00076827
    2887      0.00063757
    2888      0.00058262
    2889      0.00055195
    2890      0.00052760
    2891      0.00050510
    2892      0.00046716
    2893      0.00041602
    2894      0.00041215
    2895      0.00037389
    2896      0.00035380
    2897      0.00034433
    2898      0.00025509
    2899      0.00021276
    2900      0.00022515
    2901      0.00021435
    2902      0.00022887
    2903      0.00029391
    2904      0.00028684
    2905      0.00022924
    2906      0.00019638
    2907      0.00019965
    2908      0.00016914
    2909      0.00006361
    2910      0.00000976
    2911     -0.00002607
    2912     -0.00012721
    2913     -0.00020067
    2914     -0.00024861
    2915     -0.00028821
    2916     -0.00033427
    2917     -0.00034081
    2918     -0.00031397
    2919     -0.00027747
    2920     -0.00023051
    2921     -0.00026641
    2922     -0.00028585
    2923     -0.00019940
    2924     -0.00017395
    2925     -0.00024567
    2926     -0.00025523
    2927     -0.00024108
    2928     -0.00027746
    2929     -0.00031465
    2930     -0.00033140
    2931     -0.00029760
    2932     -0.00032921
    2933     -0.00035189
    2934     -0.00028089
    2935     -0.00032690
    2936     -0.00034267
    2937     -0.00031106
    2938     -0.00032082
    2939     -0.00028129
    2940     -0.00025386
    2941     -0.00021851
    2942     -0.00018637
    2943     -0.00017311
    2944     -0.00018385
    2945     -0.00013145
    2946     -0.00003848
    2947     -0.00004672
    2948     -0.00004506
    2949     -0.00006121
    2950     -0.00014177
    2951     -0.00022389
    2952     -0.00030941
    2953     -0.00033401
    2954     -0.00031169
    2955     -0.00035928
    2956     -0.00045080
    2957     -0.00048061
    2958     -0.00049518
    2959     -0.00051294
    2960     -0.00046016
    2961     -0.00041107
    2962     -0.00044359
    2963     -0.00047828
    2964     -0.00043764
    2965     -0.00043095
    2966     -0.00051051
    2967     -0.00055861
    2968     -0.00057711
    2969     -0.00055246
    2970     -0.00048068
    2971     -0.00053156
    2972     -0.00069084
    2973     -0.00085625
    2974     -0.00095267
    2975     -0.00095678
    2976     -0.00088632
    2977     -0.00083578
    2978     -0.00087896
    2979     -0.00087731
    2980     -0.00088383
    2981     -0.00092241
    2982     -0.00088555
    2983     -0.00088892
    2984     -0.00090055
    2985     -0.00076118
    2986     -0.00066651
    2987     -0.00064402
    2988     -0.00066575
    2989     -0.00067083
    2990     -0.00068264
    2991     -0.00078975
    2992     -0.00090847
    2993     -0.00106253
    2994     -0.00112739
    2995     -0.00109677
    2996     -0.00106250
    2997     -0.00105889
    2998     -0.00109486
    2999     -0.00109545
