  0.100    ep=        0.40467867        0.00011323    ek=        0.49783617        0.00001755
  0.200    ep=        0.40465494        0.00008709    ek=        0.49142354        0.00001905
  0.300    ep=        0.40468789        0.00008105    ek=        0.48075208        0.00001975
  0.400    ep=        0.40480808        0.00006110    ek=        0.46581635        0.00002567
  0.500    ep=        0.40470234        0.00008138    ek=        0.44667918        0.00002807
  0.600    ep=        0.40475318        0.00005800    ek=        0.42360741        0.00003405
  0.700    ep=        0.40521410        0.00005660    ek=        0.39730706        0.00002945
  0.800    ep=        0.40729166        0.00004363    ek=        0.36934186        0.00003607
  0.900    ep=               NaN               NaN    ek=               NaN               NaN
  1.000    ep=               NaN               NaN    ek=               NaN               NaN
