  0.100    ep=        0.40458328        0.00008825    ek=        0.49787146        0.00001782
  0.200    ep=        0.40474349        0.00010572    ek=        0.49143652        0.00002449
  0.300    ep=        0.40478792        0.00010071    ek=        0.48077309        0.00002236
  0.400    ep=        0.40457661        0.00007755    ek=        0.46576873        0.00002864
  0.500    ep=        0.40479108        0.00007965    ek=        0.44676358        0.00004348
  0.600    ep=        0.40468781        0.00010327    ek=        0.42387255        0.00003731
  0.700    ep=        0.40487448        0.00006512    ek=        0.39792726        0.00003865
  0.800    ep=        0.40500182        0.00009576    ek=        0.37079096        0.00005199
  0.900    ep=        0.40525118        0.00010225    ek=        0.34715229        0.00007316
  1.000    ep=        0.40557995        0.00008752    ek=        0.33948481        0.00011053
