       0      1.00270061
       1      0.99759367
       2      0.98761003
       3      0.97766351
       4      0.96816759
       5      0.95889029
       6      0.94953692
       7      0.94010951
       8      0.93075968
       9      0.92163936
      10      0.91273574
      11      0.90375077
      12      0.89460740
      13      0.88592115
      14      0.87746787
      15      0.86883751
      16      0.86023870
      17      0.85163274
      18      0.84309916
      19      0.83476457
      20      0.82646982
      21      0.81821554
      22      0.80999241
      23      0.80194224
      24      0.79403917
      25      0.78616507
      26      0.77830612
      27      0.77045372
      28      0.76290067
      29      0.75560897
      30      0.74823060
      31      0.74084377
      32      0.73346565
      33      0.72610071
      34      0.71893404
      35      0.71176478
      36      0.70428513
      37      0.69699716
      38      0.69004849
      39      0.68309068
      40      0.67633375
      41      0.66978604
      42      0.66330264
      43      0.65648731
      44      0.64972492
      45      0.64325823
      46      0.63678770
      47      0.63038253
      48      0.62418780
      49      0.61797507
      50      0.61155687
      51      0.60524567
      52      0.59915079
      53      0.59296231
      54      0.58697739
      55      0.58137675
      56      0.57556103
      57      0.56977713
      58      0.56422281
      59      0.55862720
      60      0.55293981
      61      0.54736322
      62      0.54187198
      63      0.53629389
      64      0.53069414
      65      0.52511575
      66      0.51978531
      67      0.51463951
      68      0.50946942
      69      0.50434134
      70      0.49930504
      71      0.49443595
      72      0.48955816
      73      0.48454906
      74      0.47960884
      75      0.47475648
      76      0.46991925
      77      0.46512254
      78      0.46034337
      79      0.45571288
      80      0.45116228
      81      0.44669622
      82      0.44251759
      83      0.43847427
      84      0.43437828
      85      0.43020729
      86      0.42604302
      87      0.42189550
      88      0.41767791
      89      0.41334191
      90      0.40911990
      91      0.40519245
      92      0.40116113
      93      0.39698072
      94      0.39294224
      95      0.38887714
      96      0.38487822
      97      0.38091681
      98      0.37695892
      99      0.37317772
     100      0.36946730
     101      0.36575103
     102      0.36220651
     103      0.35864824
     104      0.35496043
     105      0.35132569
     106      0.34774229
     107      0.34416440
     108      0.34078800
     109      0.33750862
     110      0.33411389
     111      0.33065258
     112      0.32736267
     113      0.32419466
     114      0.32104255
     115      0.31789708
     116      0.31484414
     117      0.31186065
     118      0.30875115
     119      0.30556343
     120      0.30234208
     121      0.29928504
     122      0.29628065
     123      0.29318399
     124      0.29024228
     125      0.28743131
     126      0.28458720
     127      0.28176065
     128      0.27903290
     129      0.27647629
     130      0.27391025
     131      0.27116421
     132      0.26846597
     133      0.26580572
     134      0.26299604
     135      0.26023243
     136      0.25771664
     137      0.25531979
     138      0.25280454
     139      0.25019069
     140      0.24759798
     141      0.24493981
     142      0.24241603
     143      0.24004322
     144      0.23767567
     145      0.23524536
     146      0.23284471
     147      0.23068992
     148      0.22844704
     149      0.22612831
     150      0.22386130
     151      0.22172974
     152      0.21961985
     153      0.21752050
     154      0.21547668
     155      0.21324116
     156      0.21097409
     157      0.20890720
     158      0.20690661
     159      0.20485271
     160      0.20277591
     161      0.20067907
     162      0.19876597
     163      0.19698739
     164      0.19500545
     165      0.19311096
     166      0.19126090
     167      0.18921284
     168      0.18729988
     169      0.18533042
     170      0.18337586
     171      0.18155155
     172      0.17969463
     173      0.17791458
     174      0.17608180
     175      0.17413388
     176      0.17221834
     177      0.17041581
     178      0.16876793
     179      0.16718893
     180      0.16548265
     181      0.16377639
     182      0.16206183
     183      0.16046757
     184      0.15896655
     185      0.15734132
     186      0.15575413
     187      0.15425386
     188      0.15275512
     189      0.15124372
     190      0.14971876
     191      0.14822603
     192      0.14679308
     193      0.14536733
     194      0.14391332
     195      0.14250304
     196      0.14109100
     197      0.13967559
     198      0.13823403
     199      0.13680046
     200      0.13547792
     201      0.13416433
     202      0.13278501
     203      0.13144455
     204      0.13009415
     205      0.12868131
     206      0.12727702
     207      0.12598014
     208      0.12466474
     209      0.12328008
     210      0.12190365
     211      0.12062324
     212      0.11930502
     213      0.11788890
     214      0.11653470
     215      0.11535428
     216      0.11427778
     217      0.11307252
     218      0.11183925
     219      0.11074418
     220      0.10963489
     221      0.10839040
     222      0.10718256
     223      0.10612205
     224      0.10516020
     225      0.10408955
     226      0.10295392
     227      0.10202943
     228      0.10111701
     229      0.10005830
     230      0.09910740
     231      0.09813032
     232      0.09704586
     233      0.09594898
     234      0.09494095
     235      0.09397909
     236      0.09310027
     237      0.09230561
     238      0.09138133
     239      0.09050508
     240      0.08964443
     241      0.08884353
     242      0.08792119
     243      0.08679831
     244      0.08574425
     245      0.08483628
     246      0.08389182
     247      0.08293256
     248      0.08209417
     249      0.08141013
     250      0.08076847
     251      0.08000452
     252      0.07916759
     253      0.07829285
     254      0.07741008
     255      0.07655495
     256      0.07586364
     257      0.07518806
     258      0.07442217
     259      0.07356475
     260      0.07280425
     261      0.07208125
     262      0.07121690
     263      0.07028046
     264      0.06952350
     265      0.06883955
     266      0.06805761
     267      0.06722793
     268      0.06646662
     269      0.06581824
     270      0.06505320
     271      0.06430128
     272      0.06365205
     273      0.06308440
     274      0.06257814
     275      0.06201426
     276      0.06144714
     277      0.06082917
     278      0.06025208
     279      0.05984652
     280      0.05935300
     281      0.05876116
     282      0.05821656
     283      0.05763849
     284      0.05691876
     285      0.05620456
     286      0.05561215
     287      0.05495744
     288      0.05435327
     289      0.05378286
     290      0.05328531
     291      0.05279950
     292      0.05223376
     293      0.05170429
     294      0.05112788
     295      0.05058603
     296      0.05014685
     297      0.04960906
     298      0.04899807
     299      0.04849891
     300      0.04797580
     301      0.04743949
     302      0.04701912
     303      0.04658800
     304      0.04614168
     305      0.04577697
     306      0.04541236
     307      0.04493038
     308      0.04438359
     309      0.04393578
     310      0.04355436
     311      0.04315296
     312      0.04271601
     313      0.04233253
     314      0.04203261
     315      0.04164863
     316      0.04115282
     317      0.04068112
     318      0.04020430
     319      0.03985914
     320      0.03960550
     321      0.03936028
     322      0.03909901
     323      0.03869365
     324      0.03821585
     325      0.03779914
     326      0.03747414
     327      0.03706363
     328      0.03663066
     329      0.03631847
     330      0.03608966
     331      0.03576027
     332      0.03540237
     333      0.03513857
     334      0.03483087
     335      0.03452206
     336      0.03410630
     337      0.03371851
     338      0.03344517
     339      0.03313146
     340      0.03280123
     341      0.03244393
     342      0.03213360
     343      0.03188439
     344      0.03166217
     345      0.03140400
     346      0.03117439
     347      0.03094089
     348      0.03066940
     349      0.03030893
     350      0.02983716
     351      0.02952377
     352      0.02925240
     353      0.02884682
     354      0.02845997
     355      0.02811671
     356      0.02769386
     357      0.02726086
     358      0.02692884
     359      0.02660098
     360      0.02630413
     361      0.02603031
     362      0.02569341
     363      0.02543914
     364      0.02536134
     365      0.02525546
     366      0.02510786
     367      0.02501562
     368      0.02480971
     369      0.02446167
     370      0.02421736
     371      0.02396033
     372      0.02357700
     373      0.02334786
     374      0.02325432
     375      0.02304394
     376      0.02272320
     377      0.02248616
     378      0.02220112
     379      0.02189426
     380      0.02172255
     381      0.02153671
     382      0.02125548
     383      0.02106226
     384      0.02086377
     385      0.02060725
     386      0.02030622
     387      0.02005815
     388      0.01988265
     389      0.01963526
     390      0.01948204
     391      0.01935120
     392      0.01922374
     393      0.01906426
     394      0.01882291
     395      0.01843361
     396      0.01792800
     397      0.01761143
     398      0.01743804
     399      0.01722182
     400      0.01703451
     401      0.01681090
     402      0.01664333
     403      0.01652026
     404      0.01631658
     405      0.01614750
     406      0.01600183
     407      0.01585613
     408      0.01573275
     409      0.01557611
     410      0.01546297
     411      0.01538201
     412      0.01518733
     413      0.01493077
     414      0.01470656
     415      0.01452694
     416      0.01436610
     417      0.01421078
     418      0.01423076
     419      0.01427298
     420      0.01427479
     421      0.01429229
     422      0.01421239
     423      0.01407794
     424      0.01388100
     425      0.01384817
     426      0.01393289
     427      0.01378364
     428      0.01357316
     429      0.01347474
     430      0.01338726
     431      0.01322694
     432      0.01309765
     433      0.01300791
     434      0.01286575
     435      0.01274075
     436      0.01270013
     437      0.01255305
     438      0.01225487
     439      0.01214357
     440      0.01210041
     441      0.01195881
     442      0.01189923
     443      0.01176311
     444      0.01161369
     445      0.01154093
     446      0.01143649
     447      0.01128737
     448      0.01110627
     449      0.01093063
     450      0.01073609
     451      0.01057969
     452      0.01046226
     453      0.01025780
     454      0.01008293
     455      0.01001221
     456      0.00993447
     457      0.00977083
     458      0.00964690
     459      0.00961850
     460      0.00954671
     461      0.00945075
     462      0.00943299
     463      0.00935360
     464      0.00918340
     465      0.00900871
     466      0.00882669
     467      0.00874210
     468      0.00876737
     469      0.00867035
     470      0.00851412
     471      0.00840156
     472      0.00827327
     473      0.00827203
     474      0.00822074
     475      0.00818170
     476      0.00825467
     477      0.00816048
     478      0.00800013
     479      0.00776856
     480      0.00760574
     481      0.00760800
     482      0.00765888
     483      0.00770019
     484      0.00764732
     485      0.00751072
     486      0.00747246
     487      0.00750612
     488      0.00744509
     489      0.00737453
     490      0.00724633
     491      0.00712666
     492      0.00707183
     493      0.00699520
     494      0.00680333
     495      0.00668233
     496      0.00674454
     497      0.00669556
     498      0.00665089
     499      0.00664337
     500      0.00645723
     501      0.00615228
     502      0.00590891
     503      0.00585962
     504      0.00586243
     505      0.00592977
     506      0.00607633
     507      0.00607439
     508      0.00603264
     509      0.00596711
     510      0.00596003
     511      0.00600813
     512      0.00600247
     513      0.00584791
     514      0.00568751
     515      0.00566252
     516      0.00558566
     517      0.00543905
     518      0.00539745
     519      0.00541620
     520      0.00535367
     521      0.00525734
     522      0.00513338
     523      0.00493906
     524      0.00471383
     525      0.00462724
     526      0.00463547
     527      0.00468097
     528      0.00461846
     529      0.00458558
     530      0.00462533
     531      0.00457671
     532      0.00457077
     533      0.00449899
     534      0.00441179
     535      0.00441578
     536      0.00451751
     537      0.00458370
     538      0.00450895
     539      0.00450389
     540      0.00454227
     541      0.00455003
     542      0.00453566
     543      0.00449750
     544      0.00442746
     545      0.00433029
     546      0.00422275
     547      0.00422588
     548      0.00433137
     549      0.00436576
     550      0.00440280
     551      0.00446164
     552      0.00442464
     553      0.00441562
     554      0.00434608
     555      0.00431715
     556      0.00428781
     557      0.00424495
     558      0.00421417
     559      0.00401966
     560      0.00382744
     561      0.00375578
     562      0.00370956
     563      0.00367748
     564      0.00369263
     565      0.00376255
     566      0.00382881
     567      0.00389371
     568      0.00398131
     569      0.00407432
     570      0.00414551
     571      0.00411946
     572      0.00410620
     573      0.00408870
     574      0.00408650
     575      0.00408754
     576      0.00407617
     577      0.00408283
     578      0.00397150
     579      0.00386418
     580      0.00384406
     581      0.00389992
     582      0.00396680
     583      0.00400781
     584      0.00401428
     585      0.00402631
     586      0.00395757
     587      0.00382873
     588      0.00375432
     589      0.00369333
     590      0.00361062
     591      0.00351388
     592      0.00342196
     593      0.00336160
     594      0.00340728
     595      0.00334725
     596      0.00327357
     597      0.00332126
     598      0.00337348
     599      0.00330620
     600      0.00317252
     601      0.00307974
     602      0.00295435
     603      0.00282319
     604      0.00278667
     605      0.00274532
     606      0.00270449
     607      0.00285718
     608      0.00307698
     609      0.00316844
     610      0.00323557
     611      0.00323383
     612      0.00318494
     613      0.00319513
     614      0.00316100
     615      0.00302835
     616      0.00288857
     617      0.00282650
     618      0.00283394
     619      0.00290873
     620      0.00294537
     621      0.00287193
     622      0.00282621
     623      0.00280933
     624      0.00270319
     625      0.00266094
     626      0.00266554
     627      0.00261452
     628      0.00263590
     629      0.00268935
     630      0.00270089
     631      0.00256757
     632      0.00244688
     633      0.00249076
     634      0.00255481
     635      0.00252443
     636      0.00244666
     637      0.00248426
     638      0.00249481
     639      0.00243947
     640      0.00233348
     641      0.00224205
     642      0.00212564
     643      0.00199917
     644      0.00199445
     645      0.00201217
     646      0.00203640
     647      0.00212478
     648      0.00218810
     649      0.00217587
     650      0.00220205
     651      0.00222916
     652      0.00218605
     653      0.00215835
     654      0.00216566
     655      0.00212630
     656      0.00205430
     657      0.00194148
     658      0.00195632
     659      0.00194732
     660      0.00187465
     661      0.00186601
     662      0.00178874
     663      0.00169248
     664      0.00163848
     665      0.00173140
     666      0.00190194
     667      0.00195907
     668      0.00197712
     669      0.00193334
     670      0.00178317
     671      0.00176372
     672      0.00177732
     673      0.00175805
     674      0.00178474
     675      0.00187791
     676      0.00196648
     677      0.00189121
     678      0.00190288
     679      0.00199899
     680      0.00199637
     681      0.00210606
     682      0.00222760
     683      0.00229817
     684      0.00238640
     685      0.00231921
     686      0.00224696
     687      0.00223735
     688      0.00217549
     689      0.00218851
     690      0.00224745
     691      0.00217983
     692      0.00213921
     693      0.00222487
     694      0.00220377
     695      0.00214297
     696      0.00206068
     697      0.00197072
     698      0.00185328
     699      0.00170299
     700      0.00161612
     701      0.00153109
     702      0.00148790
     703      0.00148045
     704      0.00139869
     705      0.00131667
     706      0.00116538
     707      0.00104392
     708      0.00104720
     709      0.00099215
     710      0.00093880
     711      0.00100130
     712      0.00102948
     713      0.00097507
     714      0.00108884
     715      0.00124463
     716      0.00126108
     717      0.00119126
     718      0.00107059
     719      0.00102366
     720      0.00096885
     721      0.00089166
     722      0.00084285
     723      0.00076737
     724      0.00078675
     725      0.00082406
     726      0.00073084
     727      0.00069513
     728      0.00079601
     729      0.00090005
     730      0.00093011
     731      0.00099099
     732      0.00107560
     733      0.00116306
     734      0.00121023
     735      0.00111629
     736      0.00096247
     737      0.00080978
     738      0.00079965
     739      0.00086595
     740      0.00093369
     741      0.00093619
     742      0.00086844
     743      0.00087320
     744      0.00093303
     745      0.00097721
     746      0.00094885
     747      0.00091551
     748      0.00091277
     749      0.00094202
