       0      0.99960452
       1      0.99922632
       2      0.99806961
       3      0.99615189
       4      0.99349634
       5      0.99012452
       6      0.98605890
       7      0.98132146
       8      0.97593120
       9      0.96991062
      10      0.96328394
      11      0.95607573
      12      0.94831103
      13      0.94001371
      14      0.93121091
      15      0.92192667
      16      0.91218133
      17      0.90199797
      18      0.89139895
      19      0.88040816
      20      0.86905137
      21      0.85735251
      22      0.84533681
      23      0.83302704
      24      0.82044367
      25      0.80760864
      26      0.79454353
      27      0.78126903
      28      0.76780565
      29      0.75417100
      30      0.74038525
      31      0.72646967
      32      0.71244126
      33      0.69831985
      34      0.68412437
      35      0.66986961
      36      0.65557125
      37      0.64124616
      38      0.62691231
      39      0.61258672
      40      0.59827994
      41      0.58400412
      42      0.56977570
      43      0.55560766
      44      0.54151376
      45      0.52750828
      46      0.51360286
      47      0.49980614
      48      0.48612706
      49      0.47257530
      50      0.45915951
      51      0.44589142
      52      0.43277896
      53      0.41982826
      54      0.40704708
      55      0.39444155
      56      0.38201964
      57      0.36978738
      58      0.35774977
      59      0.34591337
      60      0.33428239
      61      0.32286105
      62      0.31165241
      63      0.30065763
      64      0.28988092
      65      0.27932635
      66      0.26899492
      67      0.25888721
      68      0.24900550
      69      0.23935099
      70      0.22992371
      71      0.22072622
      72      0.21175957
      73      0.20302094
      74      0.19451043
      75      0.18622778
      76      0.17817102
      77      0.17033877
      78      0.16273026
      79      0.15534487
      80      0.14817981
      81      0.14123302
      82      0.13450168
      83      0.12798375
      84      0.12167820
      85      0.11558175
      86      0.10969042
      87      0.10400146
      88      0.09851339
      89      0.09322299
      90      0.08812634
      91      0.08322133
      92      0.07850432
      93      0.07397051
      94      0.06961624
      95      0.06543855
      96      0.06143334
      97      0.05759665
      98      0.05392491
      99      0.05041548
     100      0.04706433
     101      0.04386689
     102      0.04082037
     103      0.03792132
     104      0.03516482
     105      0.03254557
     106      0.03006147
     107      0.02770782
     108      0.02547903
     109      0.02337233
     110      0.02138467
     111      0.01951350
     112      0.01775392
     113      0.01610128
     114      0.01455271
     115      0.01310304
     116      0.01174802
     117      0.01048601
     118      0.00931336
     119      0.00822573
     120      0.00722042
     121      0.00629504
     122      0.00544637
     123      0.00466956
     124      0.00396185
     125      0.00332181
     126      0.00274454
     127      0.00222647
     128      0.00176692
     129      0.00136324
     130      0.00101155
     131      0.00070885
     132      0.00045269
     133      0.00024004
     134      0.00006893
     135     -0.00006288
     136     -0.00015813
     137     -0.00021816
     138     -0.00024506
     139     -0.00024171
     140     -0.00021138
     141     -0.00015521
     142     -0.00007414
     143      0.00002813
     144      0.00015011
     145      0.00029158
     146      0.00045101
     147      0.00062694
     148      0.00081746
     149      0.00102075
     150      0.00123502
     151      0.00145930
     152      0.00169161
     153      0.00192973
     154      0.00217274
     155      0.00242069
     156      0.00267251
     157      0.00292561
     158      0.00317875
     159      0.00343093
     160      0.00368173
     161      0.00393176
     162      0.00418015
     163      0.00442614
     164      0.00466971
     165      0.00490981
     166      0.00514659
     167      0.00537954
     168      0.00560705
     169      0.00582857
     170      0.00604413
     171      0.00625299
     172      0.00645602
     173      0.00665360
     174      0.00684418
     175      0.00702680
     176      0.00720139
     177      0.00736799
     178      0.00752625
     179      0.00767596
     180      0.00781757
     181      0.00795212
     182      0.00807960
     183      0.00819875
     184      0.00830860
     185      0.00840914
     186      0.00850023
     187      0.00858219
     188      0.00865590
     189      0.00872023
     190      0.00877432
     191      0.00882033
     192      0.00885974
     193      0.00889202
     194      0.00891729
     195      0.00893544
     196      0.00894541
     197      0.00894741
     198      0.00894201
     199      0.00893102
     200      0.00891387
     201      0.00889065
     202      0.00886255
     203      0.00882890
     204      0.00878879
     205      0.00874231
     206      0.00869080
     207      0.00863377
     208      0.00857225
     209      0.00850686
     210      0.00843570
     211      0.00835942
     212      0.00827904
     213      0.00819404
     214      0.00810519
     215      0.00801303
     216      0.00791788
     217      0.00782075
     218      0.00772121
     219      0.00761909
     220      0.00751439
     221      0.00740722
     222      0.00729794
     223      0.00718692
     224      0.00707531
     225      0.00696398
     226      0.00685154
     227      0.00673650
     228      0.00661968
     229      0.00650165
     230      0.00638262
     231      0.00626308
     232      0.00614209
     233      0.00601938
     234      0.00589666
     235      0.00577411
     236      0.00565118
     237      0.00552763
     238      0.00540294
     239      0.00527726
     240      0.00515211
     241      0.00502698
     242      0.00490139
     243      0.00477561
     244      0.00464969
     245      0.00452519
     246      0.00440183
     247      0.00427879
     248      0.00415613
     249      0.00403540
     250      0.00391751
     251      0.00380143
     252      0.00368589
     253      0.00357004
     254      0.00345551
     255      0.00334386
     256      0.00323328
     257      0.00312307
     258      0.00301462
     259      0.00290793
     260      0.00280223
     261      0.00269768
     262      0.00259558
     263      0.00249576
     264      0.00239771
     265      0.00230211
     266      0.00220851
     267      0.00211546
     268      0.00202288
     269      0.00193336
     270      0.00184661
     271      0.00176086
     272      0.00167743
     273      0.00159730
     274      0.00152060
     275      0.00144707
     276      0.00137544
     277      0.00130592
     278      0.00123914
     279      0.00117458
     280      0.00111074
     281      0.00104825
     282      0.00098746
     283      0.00092762
     284      0.00086916
     285      0.00081257
     286      0.00075872
     287      0.00070704
     288      0.00065694
     289      0.00060925
     290      0.00056411
     291      0.00052169
     292      0.00048182
     293      0.00044472
     294      0.00040984
     295      0.00037742
     296      0.00034769
     297      0.00031868
     298      0.00029183
     299      0.00026811
