       0      0.99691383
       1      0.99445122
       2      0.98709063
       3      0.97494754
       4      0.95817132
       5      0.93697081
       6      0.91160544
       7      0.88235659
       8      0.84954280
       9      0.81351519
      10      0.77465207
      11      0.73335343
      12      0.69002256
      13      0.64508418
      14      0.59898158
      15      0.55215415
      16      0.50504001
      17      0.45806966
      18      0.41165820
      19      0.36621667
      20      0.32212653
      21      0.27974511
      22      0.23942178
      23      0.20147131
      24      0.16618777
      25      0.13383286
      26      0.10462058
      27      0.07873648
      28      0.05633819
      29      0.03754396
      30      0.02242428
      31      0.01101755
      32      0.00333563
      33     -0.00065501
      34     -0.00102556
      35      0.00212064
      36      0.00865100
      37      0.01840342
      38      0.03117993
      39      0.04675767
      40      0.06490066
      41      0.08534221
      42      0.10779119
      43      0.13195708
      44      0.15753916
      45      0.18422977
      46      0.21171494
      47      0.23966778
      48      0.26777054
      49      0.29571716
      50      0.32319677
      51      0.34991140
      52      0.37558939
      53      0.39996449
      54      0.42278862
      55      0.44384154
      56      0.46291738
      57      0.47984157
      58      0.49446503
      59      0.50665571
      60      0.51631540
      61      0.52336528
      62      0.52776271
      63      0.52949920
      64      0.52858070
      65      0.52504544
      66      0.51895665
      67      0.51039526
      68      0.49946673
      69      0.48629971
      70      0.47104391
      71      0.45387317
      72      0.43497537
      73      0.41454491
      74      0.39279183
      75      0.36993990
      76      0.34620949
      77      0.32182611
      78      0.29701914
      79      0.27201484
      80      0.24705199
      81      0.22235755
      82      0.19814872
      83      0.17462547
      84      0.15197897
      85      0.13040649
      86      0.11007971
      87      0.09115061
      88      0.07375981
      89      0.05802599
      90      0.04404643
      91      0.03190480
      92      0.02166698
      93      0.01337913
      94      0.00706865
      95      0.00273661
      96      0.00036563
      97     -0.00007477
      98      0.00136035
      99      0.00460022
     100      0.00956316
     101      0.01614356
     102      0.02422473
     103      0.03368753
     104      0.04439673
     105      0.05619756
     106      0.06893255
     107      0.08244591
     108      0.09656444
     109      0.11111196
     110      0.12592346
     111      0.14083706
     112      0.15568904
     113      0.17031148
     114      0.18454047
     115      0.19823157
     116      0.21125210
     117      0.22346889
     118      0.23475930
     119      0.24501828
     120      0.25414896
     121      0.26206027
     122      0.26868478
     123      0.27397327
     124      0.27788541
     125      0.28039846
     126      0.28149644
     127      0.28117634
     128      0.27945834
     129      0.27638326
     130      0.27199734
     131      0.26635194
     132      0.25951155
     133      0.25154873
     134      0.24255214
     135      0.23262074
     136      0.22185836
     137      0.21037408
     138      0.19828448
     139      0.18571034
     140      0.17277233
     141      0.15959115
     142      0.14628850
     143      0.13298499
     144      0.11980127
     145      0.10685379
     146      0.09425364
     147      0.08210881
     148      0.07052039
     149      0.05958144
     150      0.04937386
     151      0.03997220
     152      0.03144612
     153      0.02385223
     154      0.01723583
     155      0.01163577
     156      0.00707338
     157      0.00355909
     158      0.00110053
     159     -0.00031114
     160     -0.00068949
     161     -0.00005696
     162      0.00154455
     163      0.00406763
     164      0.00745859
     165      0.01166003
     166      0.01660811
     167      0.02222362
     168      0.02842815
     169      0.03515019
     170      0.04230502
     171      0.04980174
     172      0.05754389
     173      0.06544111
     174      0.07341185
     175      0.08136265
     176      0.08920929
     177      0.09686960
     178      0.10425586
     179      0.11129466
     180      0.11791986
     181      0.12406255
     182      0.12966207
     183      0.13466706
     184      0.13902996
     185      0.14271045
     186      0.14567899
     187      0.14791954
     188      0.14942153
     189      0.15017348
     190      0.15017434
     191      0.14943435
     192      0.14796301
     193      0.14577282
     194      0.14290182
     195      0.13939171
     196      0.13527739
     197      0.13059899
     198      0.12541282
     199      0.11977426
     200      0.11373809
     201      0.10737534
     202      0.10074154
     203      0.09390047
     204      0.08691147
     205      0.07984179
     206      0.07275753
     207      0.06572761
     208      0.05881358
     209      0.05206898
     210      0.04556105
     211      0.03934412
     212      0.03346659
     213      0.02797980
     214      0.02292088
     215      0.01832187
     216      0.01421610
     217      0.01062935
     218      0.00757424
     219      0.00506643
     220      0.00311976
     221      0.00173276
     222      0.00089672
     223      0.00060303
     224      0.00084282
     225      0.00159784
     226      0.00284630
     227      0.00456123
     228      0.00671110
     229      0.00926099
     230      0.01217144
     231      0.01540050
     232      0.01890148
     233      0.02262588
     234      0.02652610
     235      0.03055603
     236      0.03467290
     237      0.03882742
     238      0.04297050
     239      0.04706166
     240      0.05105636
     241      0.05491399
     242      0.05860014
     243      0.06207300
     244      0.06529537
     245      0.06823953
     246      0.07087019
     247      0.07315630
     248      0.07508269
     249      0.07663056
     250      0.07779177
     251      0.07856063
     252      0.07892634
     253      0.07889271
     254      0.07846328
     255      0.07764186
     256      0.07644700
     257      0.07489858
     258      0.07301046
     259      0.07080971
     260      0.06831963
     261      0.06556648
     262      0.06258346
     263      0.05939899
     264      0.05604566
     265      0.05255714
     266      0.04895972
     267      0.04528733
     268      0.04157499
     269      0.03785710
     270      0.03417106
     271      0.03054737
     272      0.02701755
     273      0.02361393
     274      0.02036466
     275      0.01729507
     276      0.01442718
     277      0.01178003
     278      0.00937349
     279      0.00722005
     280      0.00533071
     281      0.00372004
     282      0.00239309
     283      0.00135237
     284      0.00059843
     285      0.00013351
     286     -0.00004357
     287      0.00005783
     288      0.00042782
     289      0.00105688
     290      0.00193837
     291      0.00305531
     292      0.00438370
     293      0.00590256
     294      0.00759380
     295      0.00943134
     296      0.01138613
     297      0.01343759
     298      0.01556704
     299      0.01775212
     300      0.01996818
     301      0.02219049
     302      0.02438895
     303      0.02654118
     304      0.02862651
     305      0.03062632
     306      0.03252107
     307      0.03428862
     308      0.03591563
     309      0.03738299
     310      0.03867204
     311      0.03977508
     312      0.04068588
     313      0.04139375
     314      0.04189303
     315      0.04218745
     316      0.04227502
     317      0.04215130
     318      0.04181536
     319      0.04127096
     320      0.04053157
     321      0.03960242
     322      0.03849229
     323      0.03721451
     324      0.03578364
     325      0.03422140
     326      0.03254263
     327      0.03076114
     328      0.02889453
     329      0.02695852
     330      0.02497013
     331      0.02294981
     332      0.02091785
     333      0.01889935
     334      0.01691461
     335      0.01497066
     336      0.01308151
     337      0.01126483
     338      0.00953980
     339      0.00792200
     340      0.00642610
     341      0.00506010
     342      0.00382943
     343      0.00275154
     344      0.00183297
     345      0.00106888
     346      0.00046338
     347      0.00001917
     348     -0.00026469
     349     -0.00039248
     350     -0.00037030
     351     -0.00020169
     352      0.00010388
     353      0.00054158
     354      0.00110486
     355      0.00178456
     356      0.00257037
     357      0.00344311
     358      0.00439053
     359      0.00540681
     360      0.00648236
     361      0.00760134
     362      0.00874985
     363      0.00991624
     364      0.01108761
     365      0.01225489
     366      0.01339987
     367      0.01450706
     368      0.01556997
     369      0.01658588
     370      0.01754324
     371      0.01842640
     372      0.01922848
     373      0.01994248
     374      0.02055957
     375      0.02107373
     376      0.02147717
     377      0.02176579
     378      0.02194723
     379      0.02202200
     380      0.02198835
     381      0.02184825
     382      0.02159957
     383      0.02124374
     384      0.02079180
     385      0.02024762
     386      0.01961589
     387      0.01890554
     388      0.01811731
     389      0.01726173
     390      0.01634890
     391      0.01538403
     392      0.01437886
     393      0.01333421
     394      0.01225942
     395      0.01117354
     396      0.01008003
     397      0.00898941
     398      0.00791835
     399      0.00687142
     400      0.00585640
     401      0.00488464
     402      0.00396329
     403      0.00309989
     404      0.00230064
     405      0.00157137
     406      0.00091947
     407      0.00035160
     408     -0.00012660
     409     -0.00051262
     410     -0.00080762
     411     -0.00101458
     412     -0.00113919
     413     -0.00118578
     414     -0.00115311
     415     -0.00104118
     416     -0.00084712
     417     -0.00057106
     418     -0.00022234
     419      0.00018940
     420      0.00065565
     421      0.00117389
     422      0.00173635
     423      0.00233155
     424      0.00295474
     425      0.00360424
     426      0.00427274
     427      0.00495055
     428      0.00563173
     429      0.00630681
     430      0.00696671
     431      0.00760338
     432      0.00820508
     433      0.00876438
     434      0.00928504
     435      0.00976694
     436      0.01020598
     437      0.01059373
     438      0.01092093
     439      0.01118306
     440      0.01137657
     441      0.01150447
     442      0.01156860
     443      0.01156838
     444      0.01150299
     445      0.01137680
     446      0.01119572
     447      0.01095709
     448      0.01065936
     449      0.01030501
     450      0.00990414
     451      0.00946571
     452      0.00899295
     453      0.00848699
     454      0.00795239
     455      0.00739831
     456      0.00682534
     457      0.00623969
     458      0.00564815
     459      0.00505475
     460      0.00446316
     461      0.00387585
     462      0.00330185
     463      0.00274018
     464      0.00219852
     465      0.00168941
     466      0.00121082
     467      0.00076764
     468      0.00036344
     469      0.00000088
     470     -0.00031325
     471     -0.00058016
     472     -0.00080075
     473     -0.00097001
     474     -0.00108917
     475     -0.00116353
     476     -0.00119365
     477     -0.00117825
     478     -0.00112133
     479     -0.00103238
     480     -0.00090800
     481     -0.00074452
     482     -0.00054310
     483     -0.00030329
     484     -0.00003279
     485      0.00026418
     486      0.00058322
     487      0.00092020
     488      0.00127354
     489      0.00163572
     490      0.00200332
     491      0.00237509
     492      0.00274326
     493      0.00310303
     494      0.00345801
     495      0.00380536
     496      0.00413965
     497      0.00445146
     498      0.00473159
     499      0.00497586
     500      0.00518615
     501      0.00536150
     502      0.00549603
     503      0.00559031
     504      0.00564658
     505      0.00566904
     506      0.00565930
     507      0.00561391
     508      0.00553155
     509      0.00541150
     510      0.00525584
     511      0.00507166
     512      0.00485663
     513      0.00460561
     514      0.00432566
     515      0.00402489
     516      0.00370924
     517      0.00338238
     518      0.00304239
     519      0.00269228
     520      0.00233893
     521      0.00198777
     522      0.00163953
     523      0.00129702
     524      0.00096681
     525      0.00065020
     526      0.00034692
     527      0.00005482
     528     -0.00022629
     529     -0.00049016
     530     -0.00072925
     531     -0.00093572
     532     -0.00111412
     533     -0.00127273
     534     -0.00140325
     535     -0.00149841
     536     -0.00155812
     537     -0.00158693
     538     -0.00159110
     539     -0.00156899
     540     -0.00151704
     541     -0.00143937
     542     -0.00133895
     543     -0.00121149
     544     -0.00105932
     545     -0.00088726
     546     -0.00069395
     547     -0.00047823
     548     -0.00025056
     549     -0.00001733
     550      0.00022091
     551      0.00046207
     552      0.00070366
     553      0.00094268
     554      0.00117616
     555      0.00140183
     556      0.00162528
     557      0.00184452
     558      0.00205186
     559      0.00224028
     560      0.00240689
     561      0.00255080
     562      0.00267905
     563      0.00279892
     564      0.00290214
     565      0.00297941
     566      0.00303254
     567      0.00306762
     568      0.00308294
     569      0.00307477
     570      0.00303891
     571      0.00298142
     572      0.00291226
     573      0.00282917
     574      0.00273365
     575      0.00262946
     576      0.00251843
     577      0.00239808
     578      0.00226984
     579      0.00213747
     580      0.00200241
     581      0.00186419
     582      0.00172111
     583      0.00157697
     584      0.00143238
     585      0.00128692
     586      0.00114676
     587      0.00101195
     588      0.00087933
     589      0.00075705
     590      0.00064922
     591      0.00055007
     592      0.00045334
     593      0.00035927
     594      0.00027439
     595      0.00020056
     596      0.00013374
     597      0.00007317
     598      0.00001933
     599     -0.00002798
     600     -0.00006610
     601     -0.00009727
     602     -0.00012019
     603     -0.00013414
     604     -0.00013689
     605     -0.00012874
     606     -0.00010872
     607     -0.00006898
     608     -0.00001614
     609      0.00004495
     610      0.00011318
     611      0.00018468
     612      0.00026114
     613      0.00034192
     614      0.00042001
     615      0.00049470
     616      0.00056827
     617      0.00064356
     618      0.00071951
     619      0.00079041
     620      0.00085409
     621      0.00091000
     622      0.00095544
     623      0.00098969
     624      0.00101115
     625      0.00102361
     626      0.00102976
     627      0.00102505
     628      0.00101304
     629      0.00099695
     630      0.00097622
     631      0.00094832
     632      0.00091282
     633      0.00087180
     634      0.00082680
     635      0.00077983
     636      0.00072911
     637      0.00067755
     638      0.00062482
     639      0.00057154
     640      0.00051426
     641      0.00045121
     642      0.00038770
     643      0.00032242
     644      0.00025689
     645      0.00019142
     646      0.00012569
     647      0.00006259
     648      0.00000537
     649     -0.00005088
     650     -0.00010800
     651     -0.00016530
     652     -0.00022336
     653     -0.00027586
     654     -0.00032304
     655     -0.00036870
     656     -0.00041067
     657     -0.00044620
     658     -0.00047557
     659     -0.00050004
     660     -0.00052017
     661     -0.00054107
     662     -0.00056223
     663     -0.00057750
     664     -0.00058378
     665     -0.00058250
     666     -0.00057527
     667     -0.00056282
     668     -0.00054994
     669     -0.00053606
     670     -0.00052021
     671     -0.00050224
     672     -0.00048211
     673     -0.00046096
     674     -0.00043940
     675     -0.00041315
     676     -0.00037887
     677     -0.00034361
     678     -0.00031413
     679     -0.00028965
     680     -0.00026767
     681     -0.00025096
     682     -0.00023915
     683     -0.00023021
     684     -0.00022599
     685     -0.00022387
     686     -0.00022479
     687     -0.00022696
     688     -0.00022895
     689     -0.00023106
     690     -0.00023238
     691     -0.00023963
     692     -0.00025246
     693     -0.00026853
     694     -0.00028544
     695     -0.00030135
     696     -0.00032004
     697     -0.00034253
     698     -0.00036714
     699     -0.00039181
