       0      0.99701407
       1      0.99660430
       2      0.99540331
       3      0.99342085
       4      0.99066463
       5      0.98714345
       6      0.98287268
       7      0.97786376
       8      0.97212786
       9      0.96568078
      10      0.95853732
      11      0.95071562
      12      0.94223664
      13      0.93311956
      14      0.92338170
      15      0.91304075
      16      0.90211566
      17      0.89062446
      18      0.87859189
      19      0.86604420
      20      0.85300137
      21      0.83948497
      22      0.82551791
      23      0.81112582
      24      0.79633334
      25      0.78116295
      26      0.76563910
      27      0.74978847
      28      0.73363725
      29      0.71720933
      30      0.70052868
      31      0.68362054
      32      0.66651298
      33      0.64923072
      34      0.63179856
      35      0.61424366
      36      0.59658923
      37      0.57886030
      38      0.56108233
      39      0.54327919
      40      0.52547669
      41      0.50769900
      42      0.48996637
      43      0.47230127
      44      0.45472581
      45      0.43726287
      46      0.41993683
      47      0.40276783
      48      0.38577382
      49      0.36897429
      50      0.35238987
      51      0.33604154
      52      0.31994596
      53      0.30411814
      54      0.28857630
      55      0.27333679
      56      0.25841506
      57      0.24382648
      58      0.22958466
      59      0.21570198
      60      0.20219089
      61      0.18906328
      62      0.17632962
      63      0.16399848
      64      0.15207915
      65      0.14058132
      66      0.12951352
      67      0.11888241
      68      0.10869163
      69      0.09894778
      70      0.08965721
      71      0.08082230
      72      0.07244771
      73      0.06453661
      74      0.05708875
      75      0.05010461
      76      0.04358561
      77      0.03753185
      78      0.03194223
      79      0.02681524
      80      0.02214723
      81      0.01793421
      82      0.01417268
      83      0.01085860
      84      0.00798829
      85      0.00555584
      86      0.00355276
      87      0.00197110
      88      0.00080377
      89      0.00004375
      90     -0.00031641
      91     -0.00028492
      92      0.00012959
      93      0.00091695
      94      0.00206614
      95      0.00356627
      96      0.00540603
      97      0.00757482
      98      0.01006285
      99      0.01285789
     100      0.01594597
     101      0.01931425
     102      0.02295046
     103      0.02684075
     104      0.03097147
     105      0.03533072
     106      0.03990565
     107      0.04468264
     108      0.04964811
     109      0.05478794
     110      0.06008917
     111      0.06553818
     112      0.07112027
     113      0.07682113
     114      0.08262796
     115      0.08852972
     116      0.09451271
     117      0.10056408
     118      0.10667102
     119      0.11281981
     120      0.11899724
     121      0.12518874
     122      0.13138125
     123      0.13756306
     124      0.14372219
     125      0.14984643
     126      0.15592531
     127      0.16194850
     128      0.16790466
     129      0.17378385
     130      0.17957547
     131      0.18526837
     132      0.19085359
     133      0.19632162
     134      0.20166225
     135      0.20686722
     136      0.21192988
     137      0.21684268
     138      0.22159750
     139      0.22618676
     140      0.23060346
     141      0.23484040
     142      0.23889216
     143      0.24275529
     144      0.24642465
     145      0.24989392
     146      0.25315717
     147      0.25621054
     148      0.25905111
     149      0.26167557
     150      0.26408139
     151      0.26626772
     152      0.26823290
     153      0.26997459
     154      0.27149200
     155      0.27278545
     156      0.27385454
     157      0.27469967
     158      0.27532037
     159      0.27571562
     160      0.27588788
     161      0.27583983
     162      0.27557364
     163      0.27509122
     164      0.27439474
     165      0.27348721
     166      0.27237086
     167      0.27104836
     168      0.26952361
     169      0.26780168
     170      0.26588523
     171      0.26377846
     172      0.26148695
     173      0.25901386
     174      0.25636372
     175      0.25354265
     176      0.25055805
     177      0.24741588
     178      0.24412045
     179      0.24067777
     180      0.23709535
     181      0.23338108
     182      0.22954131
     183      0.22558306
     184      0.22151278
     185      0.21733697
     186      0.21306348
     187      0.20869721
     188      0.20424569
     189      0.19971719
     190      0.19511737
     191      0.19045246
     192      0.18572864
     193      0.18095384
     194      0.17613731
     195      0.17128542
     196      0.16640371
     197      0.16149920
     198      0.15657736
     199      0.15164540
     200      0.14671171
     201      0.14178253
     202      0.13686543
     203      0.13196568
     204      0.12708792
     205      0.12223919
     206      0.11742607
     207      0.11265605
     208      0.10793478
     209      0.10326779
     210      0.09866063
     211      0.09411647
     212      0.08964051
     213      0.08523660
     214      0.08091024
     215      0.07666703
     216      0.07251019
     217      0.06844381
     218      0.06447108
     219      0.06059580
     220      0.05682223
     221      0.05315391
     222      0.04959369
     223      0.04614479
     224      0.04281039
     225      0.03959293
     226      0.03649296
     227      0.03351216
     228      0.03065368
     229      0.02791907
     230      0.02530936
     231      0.02282562
     232      0.02046867
     233      0.01823890
     234      0.01613637
     235      0.01416208
     236      0.01231763
     237      0.01060321
     238      0.00901791
     239      0.00756089
     240      0.00623244
     241      0.00503204
     242      0.00395806
     243      0.00300830
     244      0.00218105
     245      0.00147619
     246      0.00089050
     247      0.00042100
     248      0.00006620
     249     -0.00017620
     250     -0.00030906
     251     -0.00033549
     252     -0.00025603
     253     -0.00007250
     254      0.00021193
     255      0.00059461
     256      0.00107197
     257      0.00164043
     258      0.00229741
     259      0.00303992
     260      0.00386485
     261      0.00476964
     262      0.00575010
     263      0.00680289
     264      0.00792534
     265      0.00911316
     266      0.01036221
     267      0.01166898
     268      0.01302977
     269      0.01443936
     270      0.01589331
     271      0.01738903
     272      0.01892215
     273      0.02048841
     274      0.02208504
     275      0.02370976
     276      0.02535925
     277      0.02702914
     278      0.02871454
     279      0.03041139
     280      0.03211732
     281      0.03382977
     282      0.03554452
     283      0.03725682
     284      0.03896454
     285      0.04066522
     286      0.04235577
     287      0.04403223
     288      0.04569057
     289      0.04732818
     290      0.04894231
     291      0.05053010
     292      0.05208813
     293      0.05361341
     294      0.05510400
     295      0.05655887
     296      0.05797571
     297      0.05935144
     298      0.06068368
     299      0.06196989
     300      0.06320900
     301      0.06439963
     302      0.06553946
     303      0.06662660
     304      0.06766024
     305      0.06863850
     306      0.06955912
     307      0.07042242
     308      0.07122828
     309      0.07197522
     310      0.07266165
     311      0.07328649
     312      0.07384969
     313      0.07435187
     314      0.07479244
     315      0.07516990
     316      0.07548435
     317      0.07573664
     318      0.07592871
     319      0.07606101
     320      0.07613143
     321      0.07613981
     322      0.07608639
     323      0.07597114
     324      0.07579538
     325      0.07556110
     326      0.07526984
     327      0.07492243
     328      0.07452092
     329      0.07406598
     330      0.07355815
     331      0.07299867
     332      0.07238777
     333      0.07172632
     334      0.07101505
     335      0.07025527
     336      0.06945010
     337      0.06860215
     338      0.06771283
     339      0.06678316
     340      0.06581537
     341      0.06481113
     342      0.06377228
     343      0.06270212
     344      0.06160198
     345      0.06047106
     346      0.05930965
     347      0.05812121
     348      0.05690835
     349      0.05567321
     350      0.05441944
     351      0.05314857
     352      0.05186090
     353      0.05055714
     354      0.04923982
     355      0.04791165
     356      0.04657371
     357      0.04522769
     358      0.04387609
     359      0.04252219
     360      0.04116562
     361      0.03980732
     362      0.03845092
     363      0.03709871
     364      0.03575318
     365      0.03441517
     366      0.03308464
     367      0.03176289
     368      0.03045249
     369      0.02915667
     370      0.02787653
     371      0.02661295
     372      0.02536722
     373      0.02414056
     374      0.02293500
     375      0.02175076
     376      0.02059011
     377      0.01945374
     378      0.01834199
     379      0.01725703
     380      0.01619905
     381      0.01516815
     382      0.01416577
     383      0.01319446
     384      0.01225550
     385      0.01134838
     386      0.01047383
     387      0.00963401
     388      0.00882963
     389      0.00806012
     390      0.00732445
     391      0.00662312
     392      0.00595688
     393      0.00532643
     394      0.00473244
     395      0.00417527
     396      0.00365573
     397      0.00317376
     398      0.00272885
     399      0.00232030
     400      0.00194710
     401      0.00160781
     402      0.00130287
     403      0.00103325
     404      0.00079912
     405      0.00059946
     406      0.00043324
     407      0.00030001
     408      0.00019884
     409      0.00012862
     410      0.00008822
     411      0.00007773
     412      0.00009806
     413      0.00014919
     414      0.00022990
     415      0.00033851
     416      0.00047377
     417      0.00063422
     418      0.00081825
     419      0.00102607
     420      0.00125717
     421      0.00150919
     422      0.00178086
     423      0.00207191
     424      0.00238198
     425      0.00271014
     426      0.00305574
     427      0.00341785
     428      0.00379532
     429      0.00418759
     430      0.00459274
     431      0.00500901
     432      0.00543518
     433      0.00586977
     434      0.00631232
     435      0.00676203
     436      0.00721780
     437      0.00768000
     438      0.00814728
     439      0.00861814
     440      0.00909182
     441      0.00956669
     442      0.01004239
     443      0.01051828
     444      0.01099227
     445      0.01146368
     446      0.01193168
     447      0.01239560
     448      0.01285492
     449      0.01330807
     450      0.01375333
     451      0.01419046
     452      0.01461848
     453      0.01503738
     454      0.01544696
     455      0.01584462
     456      0.01623057
     457      0.01660582
     458      0.01697065
     459      0.01732443
     460      0.01766546
     461      0.01799285
     462      0.01830580
     463      0.01860319
     464      0.01888574
     465      0.01915380
     466      0.01940701
     467      0.01964600
     468      0.01987005
     469      0.02007817
     470      0.02027016
     471      0.02044474
     472      0.02060222
     473      0.02074290
     474      0.02086522
     475      0.02096997
     476      0.02105772
     477      0.02112780
     478      0.02118069
     479      0.02121776
     480      0.02123966
     481      0.02124495
     482      0.02123292
     483      0.02120406
     484      0.02115753
     485      0.02109389
     486      0.02101503
     487      0.02092044
     488      0.02080984
     489      0.02068405
     490      0.02054307
     491      0.02038633
     492      0.02021437
     493      0.02002797
     494      0.01982632
     495      0.01961047
     496      0.01938281
     497      0.01914329
     498      0.01889127
     499      0.01862619
     500      0.01834829
     501      0.01805931
     502      0.01775951
     503      0.01745075
     504      0.01713311
     505      0.01680532
     506      0.01646908
     507      0.01612556
     508      0.01577461
     509      0.01541721
     510      0.01505356
     511      0.01468337
     512      0.01430741
     513      0.01392718
     514      0.01354319
     515      0.01315560
     516      0.01276493
     517      0.01237136
     518      0.01197517
     519      0.01157815
     520      0.01118186
     521      0.01078589
     522      0.01039069
     523      0.00999717
     524      0.00960546
     525      0.00921650
     526      0.00882984
     527      0.00844489
     528      0.00806297
     529      0.00768543
     530      0.00731302
     531      0.00694597
     532      0.00658396
     533      0.00622745
     534      0.00587750
     535      0.00553461
     536      0.00519979
     537      0.00487297
     538      0.00455321
     539      0.00424023
     540      0.00393560
     541      0.00364018
     542      0.00335384
     543      0.00307622
     544      0.00280705
     545      0.00254703
     546      0.00229600
     547      0.00205337
     548      0.00182010
     549      0.00159805
     550      0.00138742
     551      0.00118710
     552      0.00099709
     553      0.00081788
     554      0.00064958
     555      0.00049312
     556      0.00034752
     557      0.00021184
     558      0.00008649
     559     -0.00002840
     560     -0.00013222
     561     -0.00022436
     562     -0.00030578
     563     -0.00037768
     564     -0.00043975
     565     -0.00049230
     566     -0.00053515
     567     -0.00056852
     568     -0.00059318
     569     -0.00060971
     570     -0.00061800
     571     -0.00061780
     572     -0.00060959
     573     -0.00059314
     574     -0.00056880
     575     -0.00053809
     576     -0.00050055
     577     -0.00045416
     578     -0.00039911
     579     -0.00033576
     580     -0.00026493
     581     -0.00018740
     582     -0.00010390
     583     -0.00001530
     584      0.00007838
     585      0.00017733
     586      0.00028144
     587      0.00038939
     588      0.00050058
     589      0.00061565
     590      0.00073448
     591      0.00085587
     592      0.00097782
     593      0.00109975
     594      0.00122413
     595      0.00135155
     596      0.00148013
     597      0.00161024
     598      0.00174175
     599      0.00187421
     600      0.00200754
     601      0.00214165
     602      0.00227573
     603      0.00240937
     604      0.00254338
     605      0.00267733
     606      0.00281055
     607      0.00294265
     608      0.00307313
     609      0.00320182
     610      0.00332893
     611      0.00345348
     612      0.00357499
     613      0.00369448
     614      0.00381189
     615      0.00392528
     616      0.00403430
     617      0.00414006
     618      0.00424373
     619      0.00434457
     620      0.00444208
     621      0.00453640
     622      0.00462683
     623      0.00471328
     624      0.00479553
     625      0.00487348
     626      0.00494679
     627      0.00501583
     628      0.00508202
     629      0.00514345
     630      0.00519895
     631      0.00525027
     632      0.00529776
     633      0.00534160
     634      0.00538188
     635      0.00541804
     636      0.00544948
     637      0.00547557
     638      0.00549585
     639      0.00551118
     640      0.00552277
     641      0.00553087
     642      0.00553371
     643      0.00553143
     644      0.00552509
     645      0.00551505
     646      0.00550108
     647      0.00548174
     648      0.00545734
     649      0.00542816
     650      0.00539481
     651      0.00535881
     652      0.00532061
     653      0.00527896
     654      0.00523265
     655      0.00518131
     656      0.00512461
     657      0.00506328
     658      0.00499842
     659      0.00493056
     660      0.00486038
     661      0.00478839
     662      0.00471339
     663      0.00463420
     664      0.00455209
     665      0.00446717
     666      0.00437830
     667      0.00428601
     668      0.00419067
     669      0.00409244
     670      0.00399285
     671      0.00389215
     672      0.00378970
     673      0.00368599
     674      0.00358105
     675      0.00347485
     676      0.00336827
     677      0.00326135
     678      0.00315371
     679      0.00304412
     680      0.00293355
     681      0.00282382
     682      0.00271403
     683      0.00260507
     684      0.00249729
     685      0.00238959
     686      0.00228288
     687      0.00217836
     688      0.00207495
     689      0.00197261
     690      0.00187217
     691      0.00177309
     692      0.00167706
     693      0.00158389
     694      0.00149267
     695      0.00140297
     696      0.00131362
     697      0.00122665
     698      0.00114313
     699      0.00106121
