       0      0.99922527
       1      0.98957193
       2      0.96114286
       3      0.91573911
       4      0.85570610
       5      0.78379813
       6      0.70306729
       7      0.61668654
       8      0.52777837
       9      0.43937038
      10      0.35428056
      11      0.27498888
      12      0.20356716
      13      0.14166773
      14      0.09047077
      15      0.05066966
      16      0.02249474
      17      0.00571603
      18     -0.00027353
      19      0.00354067
      20      0.01587679
      21      0.03525542
      22      0.06004821
      23      0.08857493
      24      0.11913950
      25      0.15011112
      26      0.17996995
      27      0.20736969
      28      0.23120878
      29      0.25060790
      30      0.26488972
      31      0.27364500
      32      0.27676002
      33      0.27433431
      34      0.26665237
      35      0.25422083
      36      0.23769545
      37      0.21783669
      38      0.19549796
      39      0.17155400
      40      0.14686109
      41      0.12227523
      42      0.09858885
      43      0.07649289
      44      0.05656922
      45      0.03927477
      46      0.02494844
      47      0.01378032
      48      0.00583823
      49      0.00106130
      50     -0.00073294
      51      0.00019251
      52      0.00349715
      53      0.00877323
      54      0.01558736
      55      0.02346460
      56      0.03193172
      57      0.04054321
      58      0.04887224
      59      0.05654878
      60      0.06326739
      61      0.06877221
      62      0.07286368
      63      0.07542110
      64      0.07641550
      65      0.07585910
      66      0.07382159
      67      0.07044367
      68      0.06590139
      69      0.06041081
      70      0.05420859
      71      0.04753965
      72      0.04065227
      73      0.03378379
      74      0.02715151
      75      0.02094527
      76      0.01533535
      77      0.01046104
      78      0.00641219
      79      0.00323412
      80      0.00094095
      81     -0.00046507
      82     -0.00103539
      83     -0.00084925
      84      0.00002252
      85      0.00147871
      86      0.00337598
      87      0.00558239
      88      0.00796492
      89      0.01038872
      90      0.01275567
      91      0.01494946
      92      0.01688337
      93      0.01849231
      94      0.01970960
      95      0.02050566
      96      0.02088155
      97      0.02084358
      98      0.02040298
      99      0.01959568
     100      0.01846229
     101      0.01704416
     102      0.01541303
     103      0.01364222
     104      0.01179350
     105      0.00994205
     106      0.00813972
     107      0.00642948
     108      0.00485529
     109      0.00345865
     110      0.00227564
     111      0.00132596
     112      0.00062955
     113      0.00018244
     114     -0.00003512
     115     -0.00002926
     116      0.00016440
     117      0.00050655
     118      0.00098067
     119      0.00154022
     120      0.00214781
     121      0.00277639
     122      0.00339036
     123      0.00396443
     124      0.00446907
     125      0.00488492
     126      0.00520454
     127      0.00541760
     128      0.00552866
     129      0.00555222
     130      0.00547698
     131      0.00529808
     132      0.00502570
     133      0.00466743
     134      0.00423554
     135      0.00374624
     136      0.00323389
     137      0.00271113
     138      0.00217726
     139      0.00166201
     140      0.00119160
     141      0.00076687
     142      0.00038877
     143      0.00007530
     144     -0.00016113
     145     -0.00034218
     146     -0.00046356
     147     -0.00051896
     148     -0.00050860
     149     -0.00043325
