       0      1.00016555
       1      0.99775408
       2      0.99082365
       3      0.97987629
       4      0.96539183
       5      0.94782173
       6      0.92759245
       7      0.90510881
       8      0.88074905
       9      0.85485891
      10      0.82774443
      11      0.79970087
      12      0.77099662
      13      0.74186964
      14      0.71253898
      15      0.68318461
      16      0.65395882
      17      0.62500588
      18      0.59645622
      19      0.56842085
      20      0.54099034
      21      0.51423756
      22      0.48822825
      23      0.46301370
      24      0.43863495
      25      0.41511437
      26      0.39246062
      27      0.37069218
      28      0.34982029
      29      0.32984045
      30      0.31074198
      31      0.29251430
      32      0.27514289
      33      0.25861113
      34      0.24289708
      35      0.22797716
      36      0.21383331
      37      0.20044227
      38      0.18777356
      39      0.17580514
      40      0.16450554
      41      0.15384005
      42      0.14378539
      43      0.13431483
      44      0.12540609
      45      0.11703377
      46      0.10917289
      47      0.10179566
      48      0.09487716
      49      0.08839048
      50      0.08230445
      51      0.07660512
      52      0.07127422
      53      0.06629238
      54      0.06164196
      55      0.05730014
      56      0.05324820
      57      0.04946825
      58      0.04593768
      59      0.04263938
      60      0.03956018
      61      0.03669044
      62      0.03401999
      63      0.03153122
      64      0.02921858
      65      0.02707247
      66      0.02507679
      67      0.02321959
      68      0.02148910
      69      0.01988213
      70      0.01839457
      71      0.01701127
      72      0.01571931
      73      0.01451701
      74      0.01339729
      75      0.01235191
      76      0.01137493
      77      0.01046417
      78      0.00962581
      79      0.00885470
      80      0.00814165
      81      0.00748378
      82      0.00687559
      83      0.00631735
      84      0.00580255
      85      0.00532508
      86      0.00488679
      87      0.00448394
      88      0.00411783
      89      0.00378207
      90      0.00346996
      91      0.00318319
      92      0.00292478
      93      0.00268516
      94      0.00246065
      95      0.00225560
      96      0.00206524
      97      0.00188975
      98      0.00173110
      99      0.00158951
