       0      1.00033856
       1      0.99997716
       2      0.99883759
       3      0.99694390
       4      0.99431814
       5      0.99098961
       6      0.98698149
       7      0.98231347
       8      0.97701308
       9      0.97110602
      10      0.96461812
      11      0.95757107
      12      0.94998898
      13      0.94190138
      14      0.93333411
      15      0.92431057
      16      0.91485499
      17      0.90499204
      18      0.89474364
      19      0.88413512
      20      0.87318931
      21      0.86192597
      22      0.85036942
      23      0.83854266
      24      0.82646759
      25      0.81416470
      26      0.80165122
      27      0.78894629
      28      0.77607299
      29      0.76305035
      30      0.74989515
      31      0.73662494
      32      0.72325909
      33      0.70981763
      34      0.69631730
      35      0.68277277
      36      0.66919698
      37      0.65560567
      38      0.64201390
      39      0.62843404
      40      0.61487793
      41      0.60135707
      42      0.58788319
      43      0.57446734
      44      0.56112201
      45      0.54786094
      46      0.53469473
      47      0.52163071
      48      0.50867705
      49      0.49584273
      50      0.48313444
      51      0.47055992
      52      0.45812654
      53      0.44584158
      54      0.43371158
      55      0.42173922
      56      0.40992845
      57      0.39828568
      58      0.38681624
      59      0.37552200
      60      0.36440728
      61      0.35347801
      62      0.34273576
      63      0.33218268
      64      0.32182089
      65      0.31165028
      66      0.30167212
      67      0.29188979
      68      0.28230630
      69      0.27292308
      70      0.26374004
      71      0.25475694
      72      0.24597263
      73      0.23738535
      74      0.22899658
      75      0.22080715
      76      0.21281599
      77      0.20502327
      78      0.19742981
      79      0.19003220
      80      0.18282664
      81      0.17581293
      82      0.16898850
      83      0.16234985
      84      0.15589531
      85      0.14962280
      86      0.14353102
      87      0.13761933
      88      0.13188363
      89      0.12632085
      90      0.12092773
      91      0.11570160
      92      0.11064109
      93      0.10574356
      94      0.10100625
      95      0.09642611
      96      0.09200019
      97      0.08772591
      98      0.08359788
      99      0.07961117
     100      0.07576462
     101      0.07205619
     102      0.06848351
     103      0.06504297
     104      0.06173084
     105      0.05854472
     106      0.05548238
     107      0.05254073
     108      0.04971619
     109      0.04700644
     110      0.04440993
     111      0.04192349
     112      0.03954260
     113      0.03726513
     114      0.03508837
     115      0.03300755
     116      0.03102039
     117      0.02912426
     118      0.02731496
     119      0.02558994
     120      0.02394658
     121      0.02238182
     122      0.02089291
     123      0.01947793
     124      0.01813509
     125      0.01686134
     126      0.01565502
     127      0.01451420
     128      0.01343584
     129      0.01241620
     130      0.01145293
     131      0.01054400
     132      0.00968671
     133      0.00888029
     134      0.00812371
     135      0.00741441
     136      0.00674877
     137      0.00612574
     138      0.00554510
     139      0.00500412
     140      0.00449986
     141      0.00402963
     142      0.00359141
     143      0.00318470
     144      0.00280894
     145      0.00246310
     146      0.00214552
     147      0.00185471
     148      0.00158951
     149      0.00134736
     150      0.00112750
     151      0.00092910
     152      0.00074984
     153      0.00058804
     154      0.00044354
     155      0.00031531
     156      0.00020189
     157      0.00010241
     158      0.00001586
     159     -0.00005880
     160     -0.00012306
     161     -0.00017728
     162     -0.00022122
     163     -0.00025467
     164     -0.00027889
     165     -0.00029366
     166     -0.00029944
     167     -0.00029748
     168     -0.00028730
     169     -0.00026941
     170     -0.00024446
     171     -0.00021251
     172     -0.00017554
     173     -0.00013397
     174     -0.00008757
     175     -0.00003647
     176      0.00001895
     177      0.00007667
     178      0.00013625
     179      0.00019761
     180      0.00026067
     181      0.00032411
     182      0.00038685
     183      0.00044959
     184      0.00051249
     185      0.00057451
     186      0.00063623
     187      0.00069875
     188      0.00076052
     189      0.00082016
     190      0.00087702
     191      0.00093232
     192      0.00098746
     193      0.00104233
     194      0.00109622
     195      0.00114862
     196      0.00120022
     197      0.00125039
     198      0.00129848
     199      0.00134489
     200      0.00139046
     201      0.00143575
     202      0.00147910
     203      0.00151996
     204      0.00155847
     205      0.00159370
     206      0.00162542
     207      0.00165546
     208      0.00168428
     209      0.00171223
     210      0.00173965
     211      0.00176613
     212      0.00179009
     213      0.00181144
     214      0.00183185
     215      0.00185058
     216      0.00186697
     217      0.00188239
     218      0.00189741
     219      0.00191032
     220      0.00191955
     221      0.00192655
     222      0.00193336
     223      0.00193850
     224      0.00194147
     225      0.00194303
     226      0.00194375
     227      0.00194371
     228      0.00194217
     229      0.00193899
     230      0.00193436
     231      0.00192834
     232      0.00192100
     233      0.00191261
     234      0.00190313
     235      0.00189240
     236      0.00188035
     237      0.00186594
     238      0.00184887
     239      0.00183209
     240      0.00181509
     241      0.00179606
     242      0.00177641
     243      0.00175684
     244      0.00173714
     245      0.00171615
     246      0.00169317
     247      0.00167025
     248      0.00164858
     249      0.00162608
     250      0.00160185
     251      0.00157721
     252      0.00155310
     253      0.00152870
     254      0.00150237
     255      0.00147437
     256      0.00144582
     257      0.00141744
     258      0.00138937
     259      0.00136185
     260      0.00133576
     261      0.00131004
     262      0.00128356
     263      0.00125802
     264      0.00123404
     265      0.00120977
     266      0.00118541
     267      0.00116160
     268      0.00113762
     269      0.00111356
     270      0.00109010
     271      0.00106764
     272      0.00104590
     273      0.00102477
     274      0.00100249
     275      0.00097911
     276      0.00095648
     277      0.00093510
     278      0.00091503
     279      0.00089553
     280      0.00087582
     281      0.00085764
     282      0.00084181
     283      0.00082712
     284      0.00081340
     285      0.00080164
     286      0.00079220
     287      0.00078332
     288      0.00077414
     289      0.00076440
     290      0.00075381
     291      0.00074249
     292      0.00073168
     293      0.00072215
     294      0.00071315
     295      0.00070482
     296      0.00069671
     297      0.00068715
     298      0.00067642
     299      0.00066434
