       0      1.00029702
       1      0.99990341
       2      0.99873896
       3      0.99683582
       4      0.99422854
       5      0.99094926
       6      0.98702740
       7      0.98249021
       8      0.97737291
       9      0.97170948
      10      0.96552296
      11      0.95884185
      12      0.95169720
      13      0.94411766
      14      0.93612981
      15      0.92775481
      16      0.91901814
      17      0.90994963
      18      0.90057535
      19      0.89091473
      20      0.88098242
      21      0.87080131
      22      0.86039278
      23      0.84977266
      24      0.83896763
      25      0.82800034
      26      0.81688482
      27      0.80564080
      28      0.79428700
      29      0.78283353
      30      0.77129351
      31      0.75968563
      32      0.74802608
      33      0.73632796
      34      0.72460300
      35      0.71286132
      36      0.70111458
      37      0.68937460
      38      0.67765203
      39      0.66595828
      40      0.65430092
      41      0.64268893
      42      0.63113359
      43      0.61963971
      44      0.60821195
      45      0.59685809
      46      0.58558600
      47      0.57440311
      48      0.56331625
      49      0.55232868
      50      0.54144148
      51      0.53065822
      52      0.51998407
      53      0.50942629
      54      0.49899032
      55      0.48867732
      56      0.47849091
      57      0.46843439
      58      0.45851076
      59      0.44872256
      60      0.43906922
      61      0.42955446
      62      0.42018206
      63      0.41095052
      64      0.40186033
      65      0.39291157
      66      0.38410460
      67      0.37543980
      68      0.36691599
      69      0.35853315
      70      0.35028933
      71      0.34218853
      72      0.33422983
      73      0.32640805
      74      0.31872556
      75      0.31118351
      76      0.30378059
      77      0.29651646
      78      0.28939135
      79      0.28240445
      80      0.27555269
      81      0.26883349
      82      0.26224504
      83      0.25578551
      84      0.24945543
      85      0.24325523
      86      0.23718135
      87      0.23123117
      88      0.22540336
      89      0.21969870
      90      0.21411881
      91      0.20866163
      92      0.20332210
      93      0.19809919
      94      0.19299681
      95      0.18800912
      96      0.18313060
      97      0.17836195
      98      0.17370185
      99      0.16914769
     100      0.16469702
     101      0.16034719
     102      0.15609693
     103      0.15194473
     104      0.14788728
     105      0.14392437
     106      0.14005618
     107      0.13628331
     108      0.13260382
     109      0.12901203
     110      0.12550537
     111      0.12208375
     112      0.11874696
     113      0.11549424
     114      0.11232280
     115      0.10923012
     116      0.10621476
     117      0.10327476
     118      0.10040894
     119      0.09761545
     120      0.09489337
     121      0.09224329
     122      0.08966278
     123      0.08714920
     124      0.08469981
     125      0.08231388
     126      0.07999075
     127      0.07772717
     128      0.07552354
     129      0.07337931
     130      0.07129151
     131      0.06925709
     132      0.06727456
     133      0.06534619
     134      0.06347078
     135      0.06164415
     136      0.05986543
     137      0.05813417
     138      0.05644847
     139      0.05480752
     140      0.05321045
     141      0.05165577
     142      0.05014387
     143      0.04867481
     144      0.04724684
     145      0.04585941
     146      0.04451102
     147      0.04319993
     148      0.04192542
     149      0.04068560
     150      0.03947972
     151      0.03830725
     152      0.03716827
     153      0.03606088
     154      0.03498365
     155      0.03393794
     156      0.03292336
     157      0.03193840
     158      0.03098013
     159      0.03004802
     160      0.02914358
     161      0.02826660
     162      0.02741558
     163      0.02658871
     164      0.02578534
     165      0.02500560
     166      0.02424837
     167      0.02351344
     168      0.02279992
     169      0.02210575
     170      0.02143024
     171      0.02077476
     172      0.02014001
     173      0.01952400
     174      0.01892510
     175      0.01834357
     176      0.01777868
     177      0.01722942
     178      0.01669596
     179      0.01617915
     180      0.01567855
     181      0.01519197
     182      0.01472100
     183      0.01426553
     184      0.01382396
     185      0.01339572
     186      0.01298147
     187      0.01258079
     188      0.01219155
     189      0.01181493
     190      0.01145089
     191      0.01109724
     192      0.01075388
     193      0.01041935
     194      0.01009296
     195      0.00977555
     196      0.00946610
     197      0.00916398
     198      0.00886916
     199      0.00858302
     200      0.00830430
     201      0.00803456
     202      0.00777408
     203      0.00752154
     204      0.00727676
     205      0.00703827
     206      0.00680570
     207      0.00657922
     208      0.00635978
     209      0.00614628
     210      0.00593807
     211      0.00573562
     212      0.00553828
     213      0.00534647
     214      0.00516034
     215      0.00497939
     216      0.00480453
     217      0.00463660
     218      0.00447643
     219      0.00432361
     220      0.00417667
     221      0.00403617
     222      0.00390159
     223      0.00377266
     224      0.00364883
     225      0.00352851
     226      0.00341148
     227      0.00329821
     228      0.00318791
     229      0.00308059
     230      0.00297657
     231      0.00287487
     232      0.00277670
     233      0.00268173
     234      0.00259050
     235      0.00250459
     236      0.00242363
     237      0.00234558
     238      0.00226943
     239      0.00219656
     240      0.00212707
     241      0.00206021
     242      0.00199691
     243      0.00193592
     244      0.00187513
     245      0.00181620
     246      0.00176082
     247      0.00170800
     248      0.00165641
     249      0.00160620
     250      0.00155850
     251      0.00151336
     252      0.00146860
     253      0.00142576
     254      0.00138679
     255      0.00135066
     256      0.00131572
     257      0.00128117
     258      0.00124730
     259      0.00121420
     260      0.00118311
     261      0.00115368
     262      0.00112708
     263      0.00110332
     264      0.00107928
     265      0.00105553
     266      0.00103326
     267      0.00101237
     268      0.00099111
     269      0.00096870
     270      0.00094728
     271      0.00092782
     272      0.00090950
     273      0.00089167
     274      0.00087516
     275      0.00086161
     276      0.00085003
     277      0.00083752
     278      0.00082308
     279      0.00080612
     280      0.00078720
     281      0.00076768
     282      0.00074797
     283      0.00072719
     284      0.00070632
     285      0.00068723
     286      0.00066897
     287      0.00065014
     288      0.00063173
     289      0.00061411
     290      0.00059658
     291      0.00057930
     292      0.00056215
     293      0.00054576
     294      0.00052902
     295      0.00051066
     296      0.00049058
     297      0.00047131
     298      0.00045429
     299      0.00043854
