       0      0.99987151
       1      0.99748612
       2      0.99049379
       3      0.97931608
       4      0.96437777
       5      0.94608441
       6      0.92484063
       7      0.90103882
       8      0.87506913
       9      0.84730056
      10      0.81807737
      11      0.78769489
      12      0.75643087
      13      0.72457862
      14      0.69237537
      15      0.66003162
      16      0.62775678
      17      0.59573584
      18      0.56414122
      19      0.53310708
      20      0.50274358
      21      0.47315315
      22      0.44442522
      23      0.41663742
      24      0.38984089
      25      0.36407719
      26      0.33938600
      27      0.31579304
      28      0.29331252
      29      0.27194833
      30      0.25169137
      31      0.23252654
      32      0.21443195
      33      0.19738618
      34      0.18136556
      35      0.16634236
      36      0.15228540
      37      0.13915815
      38      0.12692664
      39      0.11555684
      40      0.10500780
      41      0.09523551
      42      0.08620040
      43      0.07786727
      44      0.07019415
      45      0.06314013
      46      0.05666925
      47      0.05075083
      48      0.04535108
      49      0.04042574
      50      0.03594166
      51      0.03186850
      52      0.02817152
      53      0.02482323
      54      0.02180701
      55      0.01909660
      56      0.01666130
      57      0.01448443
      58      0.01254686
      59      0.01082809
      60      0.00930415
      61      0.00795099
      62      0.00676145
      63      0.00572692
      64      0.00482840
      65      0.00404952
      66      0.00337646
      67      0.00280298
      68      0.00231659
      69      0.00190146
      70      0.00154843
      71      0.00125263
      72      0.00101150
      73      0.00081410
      74      0.00065290
      75      0.00052498
      76      0.00042855
      77      0.00035932
      78      0.00031265
      79      0.00028667
      80      0.00027672
      81      0.00027709
      82      0.00028089
      83      0.00028764
      84      0.00029875
      85      0.00031079
      86      0.00032279
      87      0.00033595
      88      0.00034749
      89      0.00035669
      90      0.00036517
      91      0.00037440
      92      0.00038360
      93      0.00039185
      94      0.00039454
      95      0.00038770
      96      0.00038023
      97      0.00037742
      98      0.00037346
      99      0.00036467
