       0      1.00401398
       1      0.99417688
       2      0.96509250
       3      0.91827433
       4      0.85589388
       5      0.78064440
       6      0.69559835
       7      0.60412225
       8      0.50968658
       9      0.41573737
      10      0.32560910
      11      0.24236853
      12      0.16867190
      13      0.10669266
      14      0.05810575
      15      0.02400318
      16      0.00484696
      17      0.00050524
      18      0.01030436
      19      0.03303727
      20      0.06700179
      21      0.11017877
      22      0.16028522
      23      0.21482889
      24      0.27123328
      25      0.32696674
      26      0.37962688
      27      0.42705168
      28      0.46737279
      29      0.49905054
      30      0.52094709
      31      0.53240769
      32      0.53319290
      33      0.52347010
      34      0.50383718
      35      0.47524187
      36      0.43894419
      37      0.39647024
      38      0.34954290
      39      0.29996832
      40      0.24961782
      41      0.20033577
      42      0.15380235
      43      0.11154094
      44      0.07487799
      45      0.04488323
      46      0.02232791
      47      0.00763595
      48      0.00091482
      49      0.00195049
      50      0.01024489
      51      0.02505926
      52      0.04541423
      53      0.07014790
      54      0.09800317
      55      0.12762421
      56      0.15765222
      57      0.18679504
      58      0.21380378
      59      0.23756992
      60      0.25717796
      61      0.27190598
      62      0.28124275
      63      0.28491978
      64      0.28292259
      65      0.27544666
      66      0.26290150
      67      0.24587515
      68      0.22507779
      69      0.20136206
      70      0.17569143
      71      0.14905036
      72      0.12243188
      73      0.09677024
      74      0.07293748
      75      0.05170859
      76      0.03370717
      77      0.01943746
      78      0.00921910
      79      0.00320396
      80      0.00136996
      81      0.00353569
      82      0.00938925
      83      0.01848746
      84      0.03027372
      85      0.04410291
      86      0.05927724
      87      0.07508838
      88      0.09082772
      89      0.10580462
      90      0.11938852
      91      0.13101353
      92      0.14024950
      93      0.14678993
      94      0.15042567
      95      0.15105377
      96      0.14870281
      97      0.14352507
      98      0.13577677
      99      0.12582290
     100      0.11407236
     101      0.10099031
     102      0.08708587
     103      0.07289391
     104      0.05892968
     105      0.04567225
     106      0.03356569
     107      0.02299213
     108      0.01425716
     109      0.00760216
     110      0.00315937
     111      0.00096088
     112      0.00095622
     113      0.00300895
     114      0.00691849
     115      0.01241686
     116      0.01919995
     117      0.02692096
     118      0.03519327
     119      0.04363044
     120      0.05184715
     121      0.05949027
     122      0.06626221
     123      0.07190841
     124      0.07620918
     125      0.07900768
     126      0.08022190
     127      0.07983083
     128      0.07788544
     129      0.07450168
     130      0.06982888
     131      0.06406898
     132      0.05746466
     133      0.05026295
     134      0.04273840
     135      0.03517908
     136      0.02786396
     137      0.02103462
     138      0.01489956
     139      0.00966547
     140      0.00550655
     141      0.00251243
     142      0.00070899
     143      0.00009111
     144      0.00060606
     145      0.00216022
     146      0.00464021
     147      0.00789330
     148      0.01174943
     149      0.01601308
     150      0.02047734
     151      0.02495004
     152      0.02923690
     153      0.03316462
     154      0.03657047
     155      0.03932303
     156      0.04131998
     157      0.04249610
     158      0.04283409
     159      0.04233128
     160      0.04101532
     161      0.03895021
     162      0.03624294
     163      0.03301726
     164      0.02939660
     165      0.02551150
     166      0.02149538
     167      0.01750421
     168      0.01369484
     169      0.01018873
     170      0.00709224
     171      0.00450502
     172      0.00249419
     173      0.00109606
     174      0.00033563
     175      0.00019852
     176      0.00064807
     177      0.00164248
     178      0.00310871
     179      0.00494744
     180      0.00704962
     181      0.00932212
     182      0.01167860
     183      0.01402510
     184      0.01625800
     185      0.01826709
     186      0.01996319
     187      0.02130172
     188      0.02223998
     189      0.02274693
     190      0.02280740
     191      0.02242919
     192      0.02164158
     193      0.02045503
     194      0.01891756
     195      0.01710548
     196      0.01508945
     197      0.01295405
     198      0.01080075
     199      0.00870874
     200      0.00674055
     201      0.00495719
     202      0.00342144
     203      0.00219004
     204      0.00127575
     205      0.00068623
     206      0.00043816
     207      0.00051932
     208      0.00089020
     209      0.00152922
     210      0.00240855
     211      0.00347765
     212      0.00467832
     213      0.00594125
     214      0.00721685
     215      0.00845624
     216      0.00959755
     217      0.01060100
     218      0.01142495
     219      0.01204313
     220      0.01244166
     221      0.01259399
     222      0.01250397
     223      0.01219615
     224      0.01169413
     225      0.01102021
     226      0.01020070
     227      0.00926389
     228      0.00824169
     229      0.00716306
     230      0.00606385
     231      0.00499888
     232      0.00398662
     233      0.00304589
     234      0.00222616
     235      0.00156422
     236      0.00108042
     237      0.00078860
     238      0.00068803
     239      0.00075161
     240      0.00097019
     241      0.00133825
     242      0.00182520
     243      0.00240532
     244      0.00304314
     245      0.00371045
     246      0.00439905
     247      0.00506889
     248      0.00566412
     249      0.00615452
     250      0.00652840
     251      0.00677121
     252      0.00688367
     253      0.00686951
     254      0.00673283
     255      0.00649241
     256      0.00616764
     257      0.00577040
     258      0.00530380
     259      0.00477150
     260      0.00420676
     261      0.00365735
     262      0.00312650
     263      0.00259908
     264      0.00210076
     265      0.00166272
     266      0.00129165
     267      0.00101376
     268      0.00083650
     269      0.00073737
     270      0.00071788
     271      0.00077889
     272      0.00092018
     273      0.00113612
     274      0.00138974
     275      0.00166979
     276      0.00198112
     277      0.00230032
     278      0.00262240
     279      0.00293529
     280      0.00320338
     281      0.00341483
     282      0.00356622
     283      0.00366119
     284      0.00369727
     285      0.00366708
     286      0.00358026
     287      0.00342746
     288      0.00321291
     289      0.00295994
     290      0.00267976
     291      0.00238135
     292      0.00207221
     293      0.00175419
     294      0.00143410
     295      0.00113213
     296      0.00085290
     297      0.00060797
     298      0.00042008
     299      0.00030491
     300      0.00025615
     301      0.00026320
     302      0.00033275
     303      0.00046360
     304      0.00064622
     305      0.00086906
     306      0.00110513
     307      0.00134695
     308      0.00157828
     309      0.00178757
     310      0.00198686
     311      0.00215866
     312      0.00228004
     313      0.00236306
     314      0.00238392
     315      0.00233509
     316      0.00224742
     317      0.00211850
     318      0.00194459
     319      0.00172960
     320      0.00148335
     321      0.00122920
     322      0.00098110
     323      0.00073869
     324      0.00051512
     325      0.00031645
     326      0.00012821
     327     -0.00003827
     328     -0.00016217
     329     -0.00025348
     330     -0.00030246
     331     -0.00029187
     332     -0.00024143
     333     -0.00015632
     334     -0.00001727
     335      0.00018639
     336      0.00043730
     337      0.00071567
     338      0.00100571
     339      0.00130144
     340      0.00158953
     341      0.00186494
     342      0.00212999
     343      0.00236192
     344      0.00255806
     345      0.00271438
     346      0.00281685
     347      0.00287694
     348      0.00290463
     349      0.00287436
