       0      0.99987346
       1      0.99946445
       2      0.99825802
       3      0.99625746
       4      0.99347027
       5      0.98990780
       6      0.98557702
       7      0.98048702
       8      0.97464899
       9      0.96807669
      10      0.96078364
      11      0.95278165
      12      0.94408622
      13      0.93471445
      14      0.92468451
      15      0.91401434
      16      0.90272524
      17      0.89084098
      18      0.87837847
      19      0.86535616
      20      0.85179910
      21      0.83773112
      22      0.82317379
      23      0.80815023
      24      0.79268758
      25      0.77680923
      26      0.76053904
      27      0.74390328
      28      0.72692871
      29      0.70964094
      30      0.69206735
      31      0.67423857
      32      0.65618144
      33      0.63792185
      34      0.61948815
      35      0.60090743
      36      0.58220751
      37      0.56341832
      38      0.54456781
      39      0.52568312
      40      0.50679143
      41      0.48792037
      42      0.46909823
      43      0.45035115
      44      0.43170633
      45      0.41319010
      46      0.39482652
      47      0.37664304
      48      0.35866641
      49      0.34092062
      50      0.32342859
      51      0.30621257
      52      0.28929444
      53      0.27269694
      54      0.25644385
      55      0.24055664
      56      0.22505397
      57      0.20995306
      58      0.19527081
      59      0.18102541
      60      0.16723459
      61      0.15391448
      62      0.14108078
      63      0.12874749
      64      0.11692380
      65      0.10562122
      66      0.09485390
      67      0.08463408
      68      0.07497103
      69      0.06587171
      70      0.05734442
      71      0.04939597
      72      0.04203239
      73      0.03525737
      74      0.02907417
      75      0.02348617
      76      0.01849551
      77      0.01410399
      78      0.01031136
      79      0.00711682
      80      0.00451755
      81      0.00250881
      82      0.00108731
      83      0.00025035
      84     -0.00000855
      85      0.00030345
      86      0.00117962
      87      0.00261084
      88      0.00458819
      89      0.00710298
      90      0.01014442
      91      0.01370058
      92      0.01775952
      93      0.02230895
      94      0.02733612
      95      0.03282604
      96      0.03876409
      97      0.04513665
      98      0.05192795
      99      0.05912137
     100      0.06670011
     101      0.07464724
     102      0.08294397
     103      0.09157083
     104      0.10051036
     105      0.10974542
     106      0.11925733
     107      0.12902593
     108      0.13903211
     109      0.14925543
     110      0.15967479
     111      0.17026992
     112      0.18102019
     113      0.19190568
     114      0.20290588
     115      0.21400008
     116      0.22516875
     117      0.23639249
     118      0.24764954
     119      0.25891946
     120      0.27018330
     121      0.28142119
     122      0.29261433
     123      0.30374325
     124      0.31478666
     125      0.32572582
     126      0.33654261
     127      0.34721578
     128      0.35772734
     129      0.36806211
     130      0.37820423
     131      0.38813951
     132      0.39785304
     133      0.40732626
     134      0.41654360
     135      0.42549168
     136      0.43415565
     137      0.44252374
     138      0.45058347
     139      0.45831918
     140      0.46571862
     141      0.47277104
     142      0.47946696
     143      0.48579899
     144      0.49175736
     145      0.49733380
     146      0.50252166
     147      0.50731176
     148      0.51169718
     149      0.51567343
     150      0.51923441
     151      0.52237501
     152      0.52509215
     153      0.52738326
     154      0.52924665
     155      0.53068042
     156      0.53168466
     157      0.53225841
     158      0.53240228
     159      0.53211930
     160      0.53141363
     161      0.53028753
     162      0.52874332
     163      0.52678688
     164      0.52442183
     165      0.52165163
     166      0.51848237
     167      0.51492000
     168      0.51097283
     169      0.50665319
     170      0.50196935
     171      0.49692924
     172      0.49154262
     173      0.48581959
     174      0.47976817
     175      0.47339704
     176      0.46671876
     177      0.45974414
     178      0.45248543
     179      0.44495553
     180      0.43716568
     181      0.42912985
     182      0.42086054
     183      0.41237070
     184      0.40367528
     185      0.39478840
     186      0.38572362
     187      0.37649333
     188      0.36711154
     189      0.35759336
     190      0.34795437
     191      0.33820912
     192      0.32837352
     193      0.31846495
     194      0.30849785
     195      0.29848522
     196      0.28844316
     197      0.27838420
     198      0.26832068
     199      0.25826978
     200      0.24824688
     201      0.23826589
     202      0.22833987
     203      0.21848305
     204      0.20871074
     205      0.19903736
     206      0.18947379
     207      0.18003363
     208      0.17073057
     209      0.16157525
     210      0.15257913
     211      0.14375460
     212      0.13511327
     213      0.12666625
     214      0.11842606
     215      0.11040298
     216      0.10260739
     217      0.09504855
     218      0.08773317
     219      0.08066942
     220      0.07386598
     221      0.06733184
     222      0.06107356
     223      0.05509528
     224      0.04940314
     225      0.04400346
     226      0.03890038
     227      0.03409770
     228      0.02960082
     229      0.02541304
     230      0.02153614
     231      0.01797330
     232      0.01472650
     233      0.01179619
     234      0.00918231
     235      0.00688564
     236      0.00490774
     237      0.00324749
     238      0.00190290
     239      0.00087333
     240      0.00015775
     241     -0.00024705
     242     -0.00034516
     243     -0.00013992
     244      0.00036519
     245      0.00116624
     246      0.00225910
     247      0.00363906
     248      0.00530025
     249      0.00723534
     250      0.00943767
     251      0.01189994
     252      0.01461531
     253      0.01757644
     254      0.02077468
     255      0.02420160
     256      0.02784905
     257      0.03170996
     258      0.03577562
     259      0.04003614
     260      0.04448106
     261      0.04910040
     262      0.05388384
     263      0.05882091
     264      0.06390240
     265      0.06911822
     266      0.07445777
     267      0.07991027
     268      0.08546328
     269      0.09110646
     270      0.09682975
     271      0.10262227
     272      0.10847421
     273      0.11437297
     274      0.12030683
     275      0.12626687
     276      0.13224348
     277      0.13822517
     278      0.14419943
     279      0.15015665
     280      0.15608794
     281      0.16198255
     282      0.16782896
     283      0.17361810
     284      0.17933929
     285      0.18498237
     286      0.19053938
     287      0.19600050
     288      0.20135724
     289      0.20660188
     290      0.21172586
     291      0.21672055
     292      0.22157790
     293      0.22629005
     294      0.23085008
     295      0.23525036
     296      0.23948316
     297      0.24354341
     298      0.24742735
     299      0.25112687
     300      0.25463464
     301      0.25794651
     302      0.26105654
     303      0.26396208
     304      0.26665858
     305      0.26914160
     306      0.27140886
     307      0.27345789
     308      0.27528642
     309      0.27689296
     310      0.27827607
     311      0.27943255
     312      0.28036236
     313      0.28106491
     314      0.28154043
     315      0.28178967
     316      0.28181082
     317      0.28160577
     318      0.28117600
     319      0.28052197
     320      0.27964672
     321      0.27855513
     322      0.27725031
     323      0.27573157
     324      0.27400252
     325      0.27206790
     326      0.26993006
     327      0.26759241
     328      0.26505857
     329      0.26233535
     330      0.25942945
     331      0.25634490
     332      0.25308868
     333      0.24966714
     334      0.24608594
     335      0.24235091
     336      0.23846766
     337      0.23444210
     338      0.23027964
     339      0.22598597
     340      0.22156792
     341      0.21703411
     342      0.21239292
     343      0.20765143
     344      0.20281804
     345      0.19790164
     346      0.19290806
     347      0.18784519
     348      0.18272002
     349      0.17754145
     350      0.17231798
     351      0.16705537
     352      0.16176149
     353      0.15644420
     354      0.15111343
     355      0.14577767
     356      0.14044328
     357      0.13511735
     358      0.12980849
     359      0.12452467
     360      0.11927344
     361      0.11406076
     362      0.10889431
     363      0.10378233
     364      0.09873187
     365      0.09374994
     366      0.08884341
     367      0.08402051
     368      0.07928668
     369      0.07464521
     370      0.07010168
     371      0.06566313
     372      0.06133574
     373      0.05712456
     374      0.05303398
     375      0.04906831
     376      0.04523310
     377      0.04153311
     378      0.03797103
     379      0.03455155
     380      0.03127784
     381      0.02815286
     382      0.02518104
     383      0.02236498
     384      0.01970754
     385      0.01721124
     386      0.01487788
     387      0.01271024
     388      0.01070913
     389      0.00887441
     390      0.00720805
     391      0.00571064
     392      0.00438248
     393      0.00322446
     394      0.00223541
     395      0.00141499
     396      0.00076329
     397      0.00027748
     398     -0.00004270
     399     -0.00019695
     400     -0.00018787
     401     -0.00001659
     402      0.00031464
     403      0.00080263
     404      0.00144465
     405      0.00223724
     406      0.00317707
     407      0.00426019
     408      0.00548319
     409      0.00684352
     410      0.00833753
     411      0.00996078
     412      0.01170873
     413      0.01357750
     414      0.01556331
     415      0.01766125
     416      0.01986593
     417      0.02217174
     418      0.02457325
     419      0.02706668
     420      0.02964702
     421      0.03230778
     422      0.03504304
     423      0.03784682
     424      0.04071493
     425      0.04364288
     426      0.04662427
     427      0.04965284
     428      0.05272238
     429      0.05582801
     430      0.05896423
     431      0.06212342
     432      0.06529988
     433      0.06848993
     434      0.07168882
     435      0.07488935
     436      0.07808548
     437      0.08127234
     438      0.08444434
     439      0.08759658
     440      0.09072336
     441      0.09381838
     442      0.09687588
     443      0.09989192
     444      0.10286308
     445      0.10578428
     446      0.10865006
     447      0.11145474
     448      0.11419498
     449      0.11686536
     450      0.11945935
     451      0.12197425
     452      0.12440663
     453      0.12675215
     454      0.12900918
     455      0.13117430
     456      0.13324302
     457      0.13521320
     458      0.13708040
     459      0.13884127
     460      0.14049284
     461      0.14203337
     462      0.14346269
     463      0.14477808
     464      0.14597715
     465      0.14705766
     466      0.14801724
     467      0.14885643
     468      0.14957563
     469      0.15017334
     470      0.15064926
     471      0.15100312
     472      0.15123526
     473      0.15134668
     474      0.15133747
     475      0.15120812
     476      0.15096045
     477      0.15059446
     478      0.15011100
     479      0.14951259
     480      0.14879887
     481      0.14796935
     482      0.14702536
     483      0.14596890
     484      0.14480375
     485      0.14353124
     486      0.14215372
     487      0.14067507
     488      0.13909785
     489      0.13742594
     490      0.13566252
     491      0.13380971
     492      0.13186936
     493      0.12984546
     494      0.12774348
     495      0.12556867
     496      0.12332275
     497      0.12100881
     498      0.11863197
     499      0.11619540
     500      0.11370218
     501      0.11115515
     502      0.10855749
     503      0.10591501
     504      0.10323368
     505      0.10051916
     506      0.09777534
     507      0.09500487
     508      0.09221111
     509      0.08939718
     510      0.08656737
     511      0.08372623
     512      0.08087943
     513      0.07803172
     514      0.07518621
     515      0.07234663
     516      0.06951782
     517      0.06670165
     518      0.06390186
     519      0.06112524
     520      0.05837473
     521      0.05565381
     522      0.05296671
     523      0.05031556
     524      0.04770365
     525      0.04513502
     526      0.04261374
     527      0.04014381
     528      0.03772824
     529      0.03536956
     530      0.03307152
     531      0.03083630
     532      0.02866503
     533      0.02656078
     534      0.02452699
     535      0.02256606
     536      0.02067969
     537      0.01886903
     538      0.01713663
     539      0.01548488
     540      0.01391508
     541      0.01242940
     542      0.01102974
     543      0.00971617
     544      0.00848830
     545      0.00734847
     546      0.00629859
     547      0.00533848
     548      0.00446830
     549      0.00368719
     550      0.00299465
     551      0.00239210
     552      0.00187941
     553      0.00145581
     554      0.00112172
     555      0.00087715
     556      0.00072052
     557      0.00065013
     558      0.00066558
     559      0.00076686
     560      0.00095281
     561      0.00122188
     562      0.00157200
     563      0.00200196
     564      0.00251057
     565      0.00309453
     566      0.00375289
     567      0.00448558
     568      0.00528996
     569      0.00616344
     570      0.00710434
     571      0.00810992
     572      0.00917642
     573      0.01030170
     574      0.01148316
     575      0.01271786
     576      0.01400442
     577      0.01533995
     578      0.01671985
     579      0.01814138
     580      0.01960264
     581      0.02110017
     582      0.02262934
     583      0.02418882
     584      0.02577728
     585      0.02739077
     586      0.02902536
     587      0.03067702
     588      0.03234367
     589      0.03402181
     590      0.03570652
     591      0.03739628
     592      0.03908925
     593      0.04078214
     594      0.04247193
     595      0.04415513
     596      0.04582760
     597      0.04748622
     598      0.04912940
     599      0.05075551
     600      0.05236079
     601      0.05394172
     602      0.05549713
     603      0.05702477
     604      0.05852247
     605      0.05998718
     606      0.06141534
     607      0.06280384
     608      0.06415120
     609      0.06545633
     610      0.06671703
     611      0.06793130
     612      0.06909713
     613      0.07021215
     614      0.07127447
     615      0.07228276
     616      0.07323622
     617      0.07413482
     618      0.07497681
     619      0.07576118
     620      0.07648614
     621      0.07715031
     622      0.07775320
     623      0.07829334
     624      0.07877013
     625      0.07918341
     626      0.07953385
     627      0.07982004
     628      0.08004070
     629      0.08019580
     630      0.08028614
     631      0.08031242
     632      0.08027417
     633      0.08017191
     634      0.08000611
     635      0.07977749
     636      0.07948604
     637      0.07913268
     638      0.07871963
     639      0.07824857
     640      0.07772044
     641      0.07713621
     642      0.07649589
     643      0.07579872
     644      0.07504671
     645      0.07424175
     646      0.07338476
     647      0.07247671
     648      0.07151990
     649      0.07051743
     650      0.06947079
     651      0.06838236
     652      0.06725374
     653      0.06608504
     654      0.06487778
     655      0.06363556
     656      0.06236185
     657      0.06105826
     658      0.05972443
     659      0.05836096
     660      0.05697069
     661      0.05555674
     662      0.05412095
     663      0.05266603
     664      0.05119486
     665      0.04970843
     666      0.04820903
     667      0.04670007
     668      0.04518380
     669      0.04366298
     670      0.04214011
     671      0.04061625
     672      0.03909300
     673      0.03757262
     674      0.03605761
     675      0.03455000
     676      0.03305330
     677      0.03156969
     678      0.03010016
     679      0.02864694
     680      0.02721273
     681      0.02579900
     682      0.02440754
     683      0.02304129
     684      0.02170142
     685      0.02038989
     686      0.01910939
     687      0.01786068
     688      0.01664555
     689      0.01546566
     690      0.01432136
     691      0.01321354
     692      0.01214270
     693      0.01111053
     694      0.01011880
     695      0.00916804
     696      0.00825935
     697      0.00739300
     698      0.00657087
     699      0.00579558
     700      0.00506649
     701      0.00438231
     702      0.00374361
     703      0.00315154
     704      0.00260635
     705      0.00210941
     706      0.00166122
     707      0.00126143
     708      0.00091056
     709      0.00060892
     710      0.00035552
     711      0.00014869
     712     -0.00001147
     713     -0.00012405
     714     -0.00018946
     715     -0.00020776
     716     -0.00017902
     717     -0.00010406
     718      0.00001638
     719      0.00018106
     720      0.00038909
     721      0.00063895
     722      0.00092882
     723      0.00125816
     724      0.00162803
     725      0.00203791
     726      0.00248556
     727      0.00297104
     728      0.00349458
     729      0.00405333
     730      0.00464680
     731      0.00527504
     732      0.00593368
     733      0.00662110
     734      0.00733681
     735      0.00807755
     736      0.00884267
     737      0.00963109
     738      0.01043955
     739      0.01126832
     740      0.01211632
     741      0.01298020
     742      0.01385750
     743      0.01474558
     744      0.01564472
     745      0.01655466
     746      0.01747282
     747      0.01839602
     748      0.01932321
     749      0.02025394
     750      0.02118497
     751      0.02211399
     752      0.02303980
     753      0.02396088
     754      0.02487536
     755      0.02578195
     756      0.02667899
     757      0.02756482
     758      0.02844042
     759      0.02930510
     760      0.03015567
     761      0.03099071
     762      0.03180754
     763      0.03260301
     764      0.03337721
     765      0.03412947
     766      0.03485793
     767      0.03556118
     768      0.03623778
     769      0.03688754
     770      0.03750904
     771      0.03810140
     772      0.03866484
     773      0.03919852
     774      0.03970124
     775      0.04017195
     776      0.04061018
     777      0.04101617
     778      0.04139027
     779      0.04173097
     780      0.04203799
     781      0.04231068
     782      0.04254811
     783      0.04274955
     784      0.04291568
     785      0.04304743
     786      0.04314515
     787      0.04320988
     788      0.04324090
     789      0.04323864
     790      0.04320417
     791      0.04313576
     792      0.04303298
     793      0.04289679
     794      0.04272619
     795      0.04252228
     796      0.04228637
     797      0.04201823
     798      0.04171877
     799      0.04138939
     800      0.04102956
     801      0.04064017
     802      0.04022337
     803      0.03977874
     804      0.03930606
     805      0.03880662
     806      0.03828138
     807      0.03773093
     808      0.03715789
     809      0.03656389
     810      0.03594953
     811      0.03531636
     812      0.03466581
     813      0.03399748
     814      0.03331073
     815      0.03260768
     816      0.03188988
     817      0.03115688
     818      0.03040914
     819      0.02964934
     820      0.02887847
     821      0.02809722
     822      0.02730650
     823      0.02650868
     824      0.02570546
     825      0.02489566
     826      0.02408000
     827      0.02326093
     828      0.02244080
     829      0.02162162
     830      0.02080469
     831      0.01999164
     832      0.01918367
     833      0.01838017
     834      0.01758210
     835      0.01679070
     836      0.01600745
     837      0.01523286
     838      0.01446700
     839      0.01371246
     840      0.01297056
     841      0.01224054
     842      0.01152347
     843      0.01082113
     844      0.01013547
     845      0.00946705
     846      0.00881439
     847      0.00817890
     848      0.00756280
     849      0.00696768
     850      0.00639449
     851      0.00584280
     852      0.00531163
     853      0.00480138
     854      0.00431367
     855      0.00384900
     856      0.00340695
     857      0.00298843
     858      0.00259495
     859      0.00222677
     860      0.00188391
     861      0.00156649
     862      0.00127551
     863      0.00101107
     864      0.00077155
     865      0.00055604
     866      0.00036577
     867      0.00020237
     868      0.00006442
     869     -0.00004867
     870     -0.00013609
     871     -0.00019750
     872     -0.00023238
     873     -0.00024169
     874     -0.00022750
     875     -0.00018995
     876     -0.00012752
     877     -0.00004104
     878      0.00006757
     879      0.00019817
     880      0.00035247
     881      0.00052965
     882      0.00072743
     883      0.00094560
     884      0.00118517
     885      0.00144580
     886      0.00172562
     887      0.00202398
     888      0.00234003
     889      0.00267297
     890      0.00302212
     891      0.00338732
     892      0.00376772
     893      0.00416229
     894      0.00456966
     895      0.00498783
     896      0.00541711
     897      0.00585737
     898      0.00630630
     899      0.00676392
     900      0.00722973
     901      0.00770198
     902      0.00818081
     903      0.00866471
     904      0.00915171
     905      0.00964065
     906      0.01013158
     907      0.01062423
     908      0.01111772
     909      0.01161172
     910      0.01210506
     911      0.01259518
     912      0.01308159
     913      0.01356442
     914      0.01404278
     915      0.01451676
     916      0.01498404
     917      0.01544437
     918      0.01589789
     919      0.01634243
     920      0.01677742
     921      0.01720227
     922      0.01761722
     923      0.01802070
     924      0.01841108
     925      0.01878844
     926      0.01915216
     927      0.01950118
     928      0.01983540
     929      0.02015565
     930      0.02046027
     931      0.02074729
     932      0.02101738
     933      0.02127118
     934      0.02150784
     935      0.02172652
     936      0.02192743
     937      0.02211097
     938      0.02227632
     939      0.02242426
     940      0.02255351
     941      0.02266414
     942      0.02275632
     943      0.02282923
     944      0.02288388
     945      0.02291877
     946      0.02293389
     947      0.02293134
     948      0.02291147
     949      0.02287284
     950      0.02281605
     951      0.02274213
     952      0.02265021
     953      0.02254020
     954      0.02241445
     955      0.02227288
     956      0.02211387
     957      0.02193765
     958      0.02174470
     959      0.02153494
     960      0.02130982
     961      0.02107028
     962      0.02081610
     963      0.02054823
     964      0.02026685
     965      0.01997288
     966      0.01966623
     967      0.01934641
     968      0.01901505
     969      0.01867376
     970      0.01832163
     971      0.01795908
     972      0.01758861
     973      0.01721142
     974      0.01682767
     975      0.01643622
     976      0.01603580
     977      0.01562852
     978      0.01521732
     979      0.01480249
     980      0.01438361
     981      0.01396102
     982      0.01353598
     983      0.01310976
     984      0.01268318
     985      0.01225560
     986      0.01182625
     987      0.01139624
     988      0.01096753
     989      0.01054123
     990      0.01011908
     991      0.00970016
     992      0.00928371
     993      0.00887189
     994      0.00846459
     995      0.00806209
     996      0.00766436
     997      0.00727137
     998      0.00688506
     999      0.00650672
    1000      0.00613610
    1001      0.00577245
    1002      0.00541674
    1003      0.00507006
    1004      0.00473294
    1005      0.00440621
    1006      0.00409000
    1007      0.00378261
    1008      0.00348372
    1009      0.00319472
    1010      0.00291756
    1011      0.00265300
    1012      0.00240028
    1013      0.00216065
    1014      0.00193335
    1015      0.00171622
    1016      0.00151059
    1017      0.00131821
    1018      0.00113894
    1019      0.00097202
    1020      0.00081800
    1021      0.00067791
    1022      0.00055164
    1023      0.00043981
    1024      0.00034234
    1025      0.00025947
    1026      0.00019126
    1027      0.00013618
    1028      0.00009406
    1029      0.00006496
    1030      0.00004746
    1031      0.00004239
    1032      0.00005072
    1033      0.00007274
    1034      0.00010838
    1035      0.00015611
    1036      0.00021614
    1037      0.00028909
    1038      0.00037320
    1039      0.00046886
    1040      0.00057653
    1041      0.00069403
    1042      0.00082217
    1043      0.00096031
    1044      0.00110733
    1045      0.00126494
    1046      0.00143271
    1047      0.00160909
    1048      0.00179474
    1049      0.00198939
    1050      0.00219173
    1051      0.00240035
    1052      0.00261478
    1053      0.00283527
    1054      0.00306088
    1055      0.00329137
    1056      0.00352627
    1057      0.00376495
    1058      0.00400756
    1059      0.00425550
    1060      0.00450741
    1061      0.00476157
    1062      0.00501781
    1063      0.00527523
    1064      0.00553347
    1065      0.00579125
    1066      0.00604890
    1067      0.00630711
    1068      0.00656545
    1069      0.00682276
    1070      0.00707752
    1071      0.00732913
    1072      0.00757792
    1073      0.00782427
    1074      0.00806709
    1075      0.00830562
    1076      0.00854003
    1077      0.00877001
    1078      0.00899478
    1079      0.00921496
    1080      0.00943041
    1081      0.00964069
    1082      0.00984540
    1083      0.01004276
    1084      0.01023318
    1085      0.01041598
    1086      0.01059053
    1087      0.01075865
    1088      0.01091911
    1089      0.01106999
    1090      0.01121177
    1091      0.01134533
    1092      0.01146958
    1093      0.01158335
    1094      0.01168849
    1095      0.01178566
    1096      0.01187491
    1097      0.01195656
    1098      0.01202937
    1099      0.01209258
    1100      0.01214430
    1101      0.01218914
    1102      0.01222350
    1103      0.01224591
    1104      0.01225816
    1105      0.01226089
    1106      0.01225406
    1107      0.01223718
    1108      0.01221123
    1109      0.01217542
    1110      0.01212808
    1111      0.01207041
    1112      0.01200319
    1113      0.01192663
    1114      0.01184039
    1115      0.01174486
    1116      0.01164139
    1117      0.01153054
    1118      0.01141256
    1119      0.01128630
    1120      0.01115102
    1121      0.01100801
    1122      0.01085833
    1123      0.01070138
    1124      0.01053660
    1125      0.01036524
    1126      0.01018824
    1127      0.01000469
    1128      0.00981411
    1129      0.00961858
    1130      0.00941851
    1131      0.00921264
    1132      0.00900253
    1133      0.00878799
    1134      0.00856872
    1135      0.00834600
    1136      0.00812010
    1137      0.00789095
    1138      0.00765879
    1139      0.00742418
    1140      0.00718766
    1141      0.00694982
    1142      0.00671035
    1143      0.00646894
    1144      0.00622775
    1145      0.00598734
    1146      0.00574693
    1147      0.00550936
    1148      0.00527498
    1149      0.00504172
    1150      0.00480970
    1151      0.00457938
    1152      0.00435132
    1153      0.00412636
    1154      0.00390430
    1155      0.00368470
    1156      0.00346838
    1157      0.00325543
    1158      0.00304525
    1159      0.00283908
    1160      0.00263688
    1161      0.00243852
    1162      0.00224465
    1163      0.00205457
    1164      0.00186916
    1165      0.00168982
    1166      0.00151641
    1167      0.00134885
    1168      0.00118831
    1169      0.00103495
    1170      0.00088763
    1171      0.00074629
    1172      0.00061204
    1173      0.00048508
    1174      0.00036501
    1175      0.00025332
    1176      0.00014960
    1177      0.00005221
    1178     -0.00003839
    1179     -0.00012303
    1180     -0.00020165
    1181     -0.00027162
    1182     -0.00033336
    1183     -0.00038876
    1184     -0.00043713
    1185     -0.00047840
    1186     -0.00051179
    1187     -0.00053635
    1188     -0.00055280
    1189     -0.00056154
    1190     -0.00056329
    1191     -0.00055885
    1192     -0.00054786
    1193     -0.00052931
    1194     -0.00050264
    1195     -0.00047015
    1196     -0.00043335
    1197     -0.00039116
    1198     -0.00034287
    1199     -0.00028810
    1200     -0.00022749
    1201     -0.00016051
    1202     -0.00008707
    1203     -0.00000740
    1204      0.00007900
    1205      0.00017213
    1206      0.00026977
    1207      0.00037081
    1208      0.00047618
    1209      0.00058723
    1210      0.00070442
    1211      0.00082574
    1212      0.00095022
    1213      0.00107834
    1214      0.00121018
    1215      0.00134454
    1216      0.00148113
    1217      0.00162078
    1218      0.00176227
    1219      0.00190472
    1220      0.00204897
    1221      0.00219399
    1222      0.00233917
    1223      0.00248528
    1224      0.00263187
    1225      0.00277865
    1226      0.00292605
    1227      0.00307298
    1228      0.00321849
    1229      0.00336295
    1230      0.00350620
    1231      0.00364892
    1232      0.00379039
    1233      0.00392902
    1234      0.00406449
    1235      0.00419752
    1236      0.00432854
    1237      0.00445693
    1238      0.00458192
    1239      0.00470398
    1240      0.00482356
    1241      0.00494058
    1242      0.00505506
    1243      0.00516601
    1244      0.00527404
    1245      0.00537977
    1246      0.00548178
    1247      0.00557990
    1248      0.00567457
    1249      0.00576561
    1250      0.00585417
    1251      0.00593843
    1252      0.00601658
    1253      0.00608856
    1254      0.00615487
    1255      0.00621718
    1256      0.00627538
    1257      0.00632819
    1258      0.00637579
    1259      0.00641936
    1260      0.00645906
    1261      0.00649423
    1262      0.00652398
    1263      0.00654928
    1264      0.00656961
    1265      0.00658404
    1266      0.00659348
    1267      0.00659728
    1268      0.00659601
    1269      0.00659079
    1270      0.00658126
    1271      0.00656830
    1272      0.00654987
    1273      0.00652476
    1274      0.00649450
    1275      0.00645952
    1276      0.00642093
    1277      0.00637842
    1278      0.00633176
    1279      0.00628092
    1280      0.00622519
    1281      0.00616469
    1282      0.00610015
    1283      0.00602996
    1284      0.00595528
    1285      0.00587711
    1286      0.00579512
    1287      0.00571091
    1288      0.00562374
    1289      0.00553393
    1290      0.00544150
    1291      0.00534563
    1292      0.00524662
    1293      0.00514433
    1294      0.00503905
    1295      0.00493158
    1296      0.00482206
    1297      0.00471002
    1298      0.00459502
    1299      0.00447741
    1300      0.00435830
    1301      0.00423797
    1302      0.00411601
    1303      0.00399264
    1304      0.00386861
    1305      0.00374428
    1306      0.00361888
    1307      0.00349271
    1308      0.00336633
    1309      0.00323879
    1310      0.00311057
    1311      0.00298244
    1312      0.00285466
    1313      0.00272801
    1314      0.00260180
    1315      0.00247556
    1316      0.00234988
    1317      0.00222622
    1318      0.00210513
    1319      0.00198546
    1320      0.00186856
    1321      0.00175362
    1322      0.00163849
    1323      0.00152417
    1324      0.00141177
    1325      0.00130166
    1326      0.00119383
    1327      0.00108844
    1328      0.00098668
    1329      0.00088978
    1330      0.00079722
    1331      0.00070853
    1332      0.00062392
    1333      0.00054256
    1334      0.00046412
    1335      0.00038831
    1336      0.00031510
    1337      0.00024535
    1338      0.00017969
    1339      0.00011734
    1340      0.00005870
    1341      0.00000549
    1342     -0.00004262
    1343     -0.00008667
    1344     -0.00012668
    1345     -0.00016188
    1346     -0.00019280
    1347     -0.00022083
    1348     -0.00024651
    1349     -0.00026931
    1350     -0.00028882
    1351     -0.00030370
    1352     -0.00031342
    1353     -0.00031848
    1354     -0.00031899
    1355     -0.00031539
    1356     -0.00030657
    1357     -0.00029264
    1358     -0.00027543
    1359     -0.00025493
    1360     -0.00023105
    1361     -0.00020470
    1362     -0.00017598
    1363     -0.00014430
    1364     -0.00010991
    1365     -0.00007218
    1366     -0.00003059
    1367      0.00001446
    1368      0.00006093
    1369      0.00010816
    1370      0.00015785
    1371      0.00020991
    1372      0.00026442
    1373      0.00032096
    1374      0.00037887
    1375      0.00043864
    1376      0.00050060
    1377      0.00056429
    1378      0.00062906
    1379      0.00069565
    1380      0.00076378
    1381      0.00083319
    1382      0.00090500
    1383      0.00097918
    1384      0.00105477
    1385      0.00113100
    1386      0.00120684
    1387      0.00128209
    1388      0.00135728
    1389      0.00143300
    1390      0.00150941
    1391      0.00158612
    1392      0.00166308
    1393      0.00173900
    1394      0.00181306
    1395      0.00188675
    1396      0.00195981
    1397      0.00203108
    1398      0.00210121
    1399      0.00217039
    1400      0.00223916
    1401      0.00230830
    1402      0.00237796
    1403      0.00244762
    1404      0.00251560
    1405      0.00258214
    1406      0.00264676
    1407      0.00270874
    1408      0.00276945
    1409      0.00282825
    1410      0.00288349
    1411      0.00293578
    1412      0.00298647
    1413      0.00303460
    1414      0.00308024
    1415      0.00312403
    1416      0.00316572
    1417      0.00320549
    1418      0.00324397
    1419      0.00328094
    1420      0.00331467
    1421      0.00334419
    1422      0.00337029
    1423      0.00339331
    1424      0.00341347
    1425      0.00343083
    1426      0.00344467
    1427      0.00345499
    1428      0.00346247
    1429      0.00346687
    1430      0.00346854
    1431      0.00346791
    1432      0.00346415
    1433      0.00345801
    1434      0.00345012
    1435      0.00343792
    1436      0.00342161
    1437      0.00340346
    1438      0.00338264
    1439      0.00335925
    1440      0.00333358
    1441      0.00330493
    1442      0.00327436
    1443      0.00324224
    1444      0.00320676
    1445      0.00316866
    1446      0.00312880
    1447      0.00308585
    1448      0.00304054
    1449      0.00299333
    1450      0.00294286
    1451      0.00288937
    1452      0.00283325
    1453      0.00277475
    1454      0.00271319
    1455      0.00264852
    1456      0.00258160
    1457      0.00251342
    1458      0.00244528
    1459      0.00237643
    1460      0.00230655
    1461      0.00223688
    1462      0.00216756
    1463      0.00209758
    1464      0.00202649
    1465      0.00195522
    1466      0.00188456
    1467      0.00181413
    1468      0.00174500
    1469      0.00167815
    1470      0.00161232
    1471      0.00154743
    1472      0.00148445
    1473      0.00142367
    1474      0.00136388
    1475      0.00130372
    1476      0.00124458
    1477      0.00118727
    1478      0.00113117
    1479      0.00107712
    1480      0.00102425
    1481      0.00097135
    1482      0.00091985
    1483      0.00087022
    1484      0.00082187
    1485      0.00077408
    1486      0.00072725
    1487      0.00068118
    1488      0.00063616
    1489      0.00059239
    1490      0.00054974
    1491      0.00050987
    1492      0.00047275
    1493      0.00043787
    1494      0.00040472
    1495      0.00037362
    1496      0.00034405
    1497      0.00031514
    1498      0.00028785
    1499      0.00026287
    1500      0.00024054
    1501      0.00022116
    1502      0.00020483
    1503      0.00019049
    1504      0.00017807
    1505      0.00016842
    1506      0.00016167
    1507      0.00015742
    1508      0.00015465
    1509      0.00015293
    1510      0.00015192
    1511      0.00015280
    1512      0.00015630
    1513      0.00016203
    1514      0.00016964
    1515      0.00017891
    1516      0.00018913
    1517      0.00019976
    1518      0.00021322
    1519      0.00022805
    1520      0.00024291
    1521      0.00025891
    1522      0.00027556
    1523      0.00029305
    1524      0.00031041
    1525      0.00032681
    1526      0.00034310
    1527      0.00035926
    1528      0.00037465
    1529      0.00038955
    1530      0.00040480
    1531      0.00042186
    1532      0.00043983
    1533      0.00045845
    1534      0.00047859
    1535      0.00050049
    1536      0.00052367
    1537      0.00054764
    1538      0.00057167
    1539      0.00059560
    1540      0.00061985
    1541      0.00064448
    1542      0.00067053
    1543      0.00069797
    1544      0.00072566
    1545      0.00075301
    1546      0.00078017
    1547      0.00080661
    1548      0.00083246
    1549      0.00085857
    1550      0.00088456
    1551      0.00091077
    1552      0.00093746
    1553      0.00096371
    1554      0.00098976
    1555      0.00101587
    1556      0.00104290
    1557      0.00106978
    1558      0.00109603
    1559      0.00112195
    1560      0.00114709
    1561      0.00117263
    1562      0.00119831
    1563      0.00122305
    1564      0.00124667
    1565      0.00126888
    1566      0.00129033
    1567      0.00131104
    1568      0.00133007
    1569      0.00134663
    1570      0.00136051
    1571      0.00137238
    1572      0.00138269
    1573      0.00139248
    1574      0.00140106
    1575      0.00140752
    1576      0.00141285
    1577      0.00141706
    1578      0.00141885
    1579      0.00141833
    1580      0.00141665
    1581      0.00141339
    1582      0.00140763
    1583      0.00140051
    1584      0.00139130
    1585      0.00137890
    1586      0.00136507
    1587      0.00135125
    1588      0.00133774
    1589      0.00132339
    1590      0.00130938
    1591      0.00129577
    1592      0.00128053
    1593      0.00126369
    1594      0.00124586
    1595      0.00122826
    1596      0.00121113
    1597      0.00119310
    1598      0.00117443
    1599      0.00115471
    1600      0.00113351
    1601      0.00111205
    1602      0.00109113
    1603      0.00107033
    1604      0.00104820
    1605      0.00102390
    1606      0.00099822
    1607      0.00097233
    1608      0.00094674
    1609      0.00092115
    1610      0.00089536
    1611      0.00086981
    1612      0.00084411
    1613      0.00081858
    1614      0.00079342
    1615      0.00076770
    1616      0.00074053
    1617      0.00071252
    1618      0.00068594
    1619      0.00065995
    1620      0.00063207
    1621      0.00060316
    1622      0.00057358
    1623      0.00054341
    1624      0.00051360
    1625      0.00048492
    1626      0.00045718
    1627      0.00043155
    1628      0.00040737
    1629      0.00038273
    1630      0.00035798
    1631      0.00033407
    1632      0.00031219
    1633      0.00029255
    1634      0.00027560
    1635      0.00025964
    1636      0.00024384
    1637      0.00022933
    1638      0.00021649
    1639      0.00020488
    1640      0.00019334
    1641      0.00018282
    1642      0.00017394
    1643      0.00016630
    1644      0.00015943
    1645      0.00015255
    1646      0.00014689
    1647      0.00014215
    1648      0.00013917
    1649      0.00013821
    1650      0.00013789
    1651      0.00013795
    1652      0.00013835
    1653      0.00013966
    1654      0.00014054
    1655      0.00014185
    1656      0.00014564
    1657      0.00015100
    1658      0.00015692
    1659      0.00016399
    1660      0.00017255
    1661      0.00018236
    1662      0.00019251
    1663      0.00020335
    1664      0.00021611
    1665      0.00023026
    1666      0.00024582
    1667      0.00026257
    1668      0.00027992
    1669      0.00029682
    1670      0.00031338
    1671      0.00033138
    1672      0.00035018
    1673      0.00036944
    1674      0.00038960
    1675      0.00040961
    1676      0.00042869
    1677      0.00044820
    1678      0.00046923
    1679      0.00049115
    1680      0.00051327
    1681      0.00053650
    1682      0.00056141
    1683      0.00058691
    1684      0.00061297
    1685      0.00063865
    1686      0.00066384
    1687      0.00068926
    1688      0.00071553
    1689      0.00074285
    1690      0.00077031
    1691      0.00079755
    1692      0.00082358
    1693      0.00084807
    1694      0.00087166
    1695      0.00089502
    1696      0.00091792
    1697      0.00093926
    1698      0.00095986
    1699      0.00097977
