       0      0.99891454
       1      0.99770534
       2      0.99523259
       3      0.99289134
       4      0.99055606
       5      0.98806621
       6      0.98551825
       7      0.98307985
       8      0.98077998
       9      0.97850612
      10      0.97602641
      11      0.97350988
      12      0.97105846
      13      0.96854935
      14      0.96609443
      15      0.96365601
      16      0.96124823
      17      0.95890443
      18      0.95661072
      19      0.95437858
      20      0.95202568
      21      0.94955949
      22      0.94718175
      23      0.94488321
      24      0.94233528
      25      0.93965580
      26      0.93725663
      27      0.93490086
      28      0.93234600
      29      0.92977720
      30      0.92714887
      31      0.92466887
      32      0.92245419
      33      0.92033943
      34      0.91799260
      35      0.91564767
      36      0.91352788
      37      0.91134941
      38      0.90925694
      39      0.90711988
      40      0.90494574
      41      0.90274668
      42      0.90042785
      43      0.89818956
      44      0.89599510
      45      0.89369867
      46      0.89130257
      47      0.88887317
      48      0.88658695
      49      0.88439802
      50      0.88228311
      51      0.88007110
      52      0.87774801
      53      0.87551913
      54      0.87327888
      55      0.87107785
      56      0.86893233
      57      0.86675022
      58      0.86446299
      59      0.86199427
      60      0.85969817
      61      0.85759901
      62      0.85547216
      63      0.85341973
      64      0.85136646
      65      0.84937783
      66      0.84740854
      67      0.84527970
      68      0.84309983
      69      0.84102063
      70      0.83893424
      71      0.83673133
      72      0.83464010
      73      0.83273297
      74      0.83081286
      75      0.82876073
      76      0.82652313
      77      0.82439236
      78      0.82243727
      79      0.82048742
      80      0.81862844
      81      0.81668622
      82      0.81461768
      83      0.81255643
      84      0.81047633
      85      0.80831358
      86      0.80616188
      87      0.80412698
      88      0.80204361
      89      0.80012931
      90      0.79816702
      91      0.79599006
      92      0.79398523
      93      0.79206878
      94      0.79008699
      95      0.78813152
      96      0.78639018
      97      0.78463852
      98      0.78271021
      99      0.78057704
     100      0.77851646
     101      0.77664775
     102      0.77483970
     103      0.77296925
     104      0.77096614
     105      0.76896468
     106      0.76697296
     107      0.76509985
     108      0.76321328
     109      0.76126211
     110      0.75937110
     111      0.75746367
     112      0.75562987
     113      0.75377636
     114      0.75191087
     115      0.74998252
     116      0.74800690
     117      0.74617632
     118      0.74416796
     119      0.74238124
     120      0.74067379
     121      0.73873149
     122      0.73697134
     123      0.73523243
     124      0.73343583
     125      0.73171345
     126      0.72996184
     127      0.72807842
     128      0.72607764
     129      0.72416235
     130      0.72256590
     131      0.72104785
     132      0.71932753
     133      0.71761195
     134      0.71593051
     135      0.71407890
     136      0.71223044
     137      0.71046573
     138      0.70865392
     139      0.70676088
     140      0.70495281
     141      0.70332731
     142      0.70160946
     143      0.69972743
     144      0.69802551
     145      0.69637534
     146      0.69468675
     147      0.69305966
     148      0.69137498
     149      0.68972647
     150      0.68805090
     151      0.68630100
     152      0.68463184
     153      0.68306737
     154      0.68142798
     155      0.67982629
     156      0.67824561
     157      0.67659101
     158      0.67487039
     159      0.67321060
     160      0.67164426
     161      0.67016908
     162      0.66849362
     163      0.66656532
     164      0.66491685
     165      0.66329274
     166      0.66157541
     167      0.65985654
     168      0.65821452
     169      0.65650782
     170      0.65479731
     171      0.65326803
     172      0.65158638
     173      0.64983982
     174      0.64834627
     175      0.64686949
     176      0.64526458
     177      0.64363452
     178      0.64203364
     179      0.64060797
     180      0.63913940
     181      0.63743523
     182      0.63576638
     183      0.63424524
     184      0.63267944
     185      0.63105496
     186      0.62965060
     187      0.62820805
     188      0.62672245
     189      0.62546545
     190      0.62408957
     191      0.62252243
     192      0.62101510
     193      0.61944205
     194      0.61780935
     195      0.61623731
     196      0.61470274
     197      0.61315777
     198      0.61149551
     199      0.60987420
     200      0.60836639
     201      0.60678713
     202      0.60533743
     203      0.60399457
     204      0.60248707
     205      0.60105115
     206      0.59960242
     207      0.59795608
     208      0.59631357
     209      0.59484167
     210      0.59343887
     211      0.59202319
     212      0.59051482
     213      0.58900683
     214      0.58752528
     215      0.58599754
     216      0.58465793
     217      0.58335631
     218      0.58198319
     219      0.58046193
     220      0.57894815
     221      0.57758316
     222      0.57614564
     223      0.57467811
     224      0.57321554
     225      0.57183307
     226      0.57056404
     227      0.56926979
     228      0.56789149
     229      0.56646118
     230      0.56502403
     231      0.56355735
     232      0.56215367
     233      0.56082477
     234      0.55947163
     235      0.55799284
     236      0.55650953
     237      0.55505806
     238      0.55359309
     239      0.55222619
     240      0.55090591
     241      0.54962546
     242      0.54836790
     243      0.54710439
     244      0.54580351
     245      0.54445843
     246      0.54300220
     247      0.54164459
     248      0.54030999
     249      0.53879298
     250      0.53727376
     251      0.53583766
     252      0.53449398
     253      0.53317893
     254      0.53200312
     255      0.53082268
     256      0.52946484
     257      0.52803664
     258      0.52660531
     259      0.52524349
     260      0.52384729
     261      0.52250212
     262      0.52121118
     263      0.51985358
     264      0.51859040
     265      0.51747353
     266      0.51642756
     267      0.51513605
     268      0.51367862
     269      0.51244658
     270      0.51116144
     271      0.50979454
     272      0.50862582
     273      0.50753394
     274      0.50637630
     275      0.50513742
     276      0.50377590
     277      0.50249272
     278      0.50122591
     279      0.49996364
     280      0.49876674
     281      0.49745291
     282      0.49609334
     283      0.49461664
     284      0.49307954
     285      0.49175884
     286      0.49058585
     287      0.48941780
     288      0.48807951
     289      0.48660331
     290      0.48529154
     291      0.48412412
     292      0.48298911
     293      0.48198702
     294      0.48101687
     295      0.47984389
     296      0.47871791
     297      0.47771445
     298      0.47666158
     299      0.47549892
     300      0.47432534
     301      0.47313948
     302      0.47210599
     303      0.47115464
     304      0.46994373
     305      0.46862525
     306      0.46730895
     307      0.46606813
     308      0.46492906
     309      0.46373736
     310      0.46259160
     311      0.46142186
     312      0.46023932
     313      0.45926261
     314      0.45826017
     315      0.45710668
     316      0.45595429
     317      0.45484709
     318      0.45374125
     319      0.45269830
     320      0.45158411
     321      0.45047710
     322      0.44939919
     323      0.44830471
     324      0.44729191
     325      0.44630061
     326      0.44532146
     327      0.44435681
     328      0.44344044
     329      0.44240514
     330      0.44124631
     331      0.44004751
     332      0.43885729
     333      0.43771805
     334      0.43656381
     335      0.43544894
     336      0.43431021
     337      0.43321680
     338      0.43221357
     339      0.43118808
     340      0.43026462
     341      0.42925263
     342      0.42817441
     343      0.42721142
     344      0.42630000
     345      0.42536272
     346      0.42434654
     347      0.42318052
     348      0.42200451
     349      0.42098675
     350      0.41998083
     351      0.41893639
     352      0.41784452
     353      0.41676778
     354      0.41578177
     355      0.41475250
     356      0.41375170
     357      0.41277563
     358      0.41174297
     359      0.41065578
     360      0.40952598
     361      0.40852268
     362      0.40756754
     363      0.40661148
     364      0.40559298
     365      0.40454545
     366      0.40358414
     367      0.40262264
     368      0.40158149
     369      0.40058891
     370      0.39962689
     371      0.39869982
     372      0.39786197
     373      0.39693834
     374      0.39594562
     375      0.39497740
     376      0.39400284
     377      0.39301161
     378      0.39212564
     379      0.39118510
     380      0.39009538
     381      0.38903286
     382      0.38797477
     383      0.38697353
     384      0.38591436
     385      0.38480722
     386      0.38377028
     387      0.38274020
     388      0.38174282
     389      0.38079036
     390      0.37971041
     391      0.37868122
     392      0.37775748
     393      0.37680610
     394      0.37588084
     395      0.37484802
     396      0.37379305
     397      0.37279608
     398      0.37190239
     399      0.37102255
     400      0.37011248
     401      0.36923455
     402      0.36840156
     403      0.36754786
     404      0.36664681
     405      0.36574260
     406      0.36478047
     407      0.36387654
     408      0.36303951
     409      0.36210642
     410      0.36120952
     411      0.36037792
     412      0.35943692
     413      0.35850442
     414      0.35764552
     415      0.35680507
     416      0.35598443
     417      0.35510963
     418      0.35426674
     419      0.35346100
     420      0.35256987
     421      0.35160303
     422      0.35070873
     423      0.34988554
     424      0.34911513
     425      0.34824132
     426      0.34725817
     427      0.34628407
     428      0.34536911
     429      0.34451457
     430      0.34358986
     431      0.34271769
     432      0.34186795
     433      0.34092097
     434      0.33995086
     435      0.33895513
     436      0.33801052
     437      0.33716829
     438      0.33631062
     439      0.33532925
     440      0.33430015
     441      0.33337671
     442      0.33260373
     443      0.33185814
     444      0.33099977
     445      0.33000847
     446      0.32907839
     447      0.32828218
     448      0.32740629
     449      0.32654670
     450      0.32573883
     451      0.32493526
     452      0.32420931
     453      0.32355029
     454      0.32276572
     455      0.32186761
     456      0.32102526
     457      0.32023165
     458      0.31947803
     459      0.31872375
     460      0.31806020
     461      0.31735594
     462      0.31650696
     463      0.31565786
     464      0.31478482
     465      0.31411018
     466      0.31339841
     467      0.31256715
     468      0.31186712
     469      0.31116810
     470      0.31043661
     471      0.30967399
     472      0.30890625
     473      0.30817335
     474      0.30737745
     475      0.30657129
     476      0.30597489
     477      0.30532504
     478      0.30445082
     479      0.30361037
     480      0.30289297
     481      0.30212499
     482      0.30126155
     483      0.30045710
     484      0.29976934
     485      0.29915699
     486      0.29847698
     487      0.29775902
     488      0.29703037
     489      0.29625914
     490      0.29551831
     491      0.29470611
     492      0.29383755
     493      0.29311187
     494      0.29243875
     495      0.29170436
     496      0.29089271
     497      0.29002071
     498      0.28928746
     499      0.28867774
     500      0.28808680
     501      0.28743237
     502      0.28665400
     503      0.28587456
     504      0.28516307
     505      0.28443928
     506      0.28359796
     507      0.28280892
     508      0.28204237
     509      0.28128979
     510      0.28057973
     511      0.27973475
     512      0.27887374
     513      0.27814490
     514      0.27746341
     515      0.27670077
     516      0.27585502
     517      0.27510913
     518      0.27443292
     519      0.27369066
     520      0.27301998
     521      0.27238081
     522      0.27173423
     523      0.27107222
     524      0.27038784
     525      0.26964836
     526      0.26891827
     527      0.26832345
     528      0.26776594
     529      0.26712042
     530      0.26640244
     531      0.26567538
     532      0.26491955
     533      0.26414894
     534      0.26336407
     535      0.26255836
     536      0.26181395
     537      0.26105059
     538      0.26027662
     539      0.25968233
     540      0.25913232
     541      0.25844630
     542      0.25773516
     543      0.25699977
     544      0.25624059
     545      0.25558591
     546      0.25497526
     547      0.25436171
     548      0.25386375
     549      0.25331883
     550      0.25261468
     551      0.25196704
     552      0.25134779
     553      0.25073198
     554      0.25014218
     555      0.24948858
     556      0.24879575
     557      0.24817423
     558      0.24746535
     559      0.24678476
     560      0.24626492
     561      0.24560350
     562      0.24483780
     563      0.24412571
     564      0.24338766
     565      0.24265993
     566      0.24205870
     567      0.24147242
     568      0.24096267
     569      0.24053657
     570      0.23992757
     571      0.23932472
     572      0.23885262
     573      0.23829378
     574      0.23766043
     575      0.23707132
     576      0.23645193
     577      0.23590956
     578      0.23545917
     579      0.23493284
     580      0.23431817
     581      0.23379628
     582      0.23327823
     583      0.23262920
     584      0.23205052
     585      0.23149745
     586      0.23097846
     587      0.23045169
     588      0.22991183
     589      0.22947222
     590      0.22900360
     591      0.22847051
     592      0.22794780
     593      0.22739248
     594      0.22684398
     595      0.22630465
     596      0.22567611
     597      0.22499461
     598      0.22449212
     599      0.22403958
     600      0.22343463
     601      0.22276748
     602      0.22218542
     603      0.22166508
     604      0.22106108
     605      0.22042203
     606      0.21981527
     607      0.21919034
     608      0.21858774
     609      0.21806673
     610      0.21759928
     611      0.21710017
     612      0.21655195
     613      0.21594153
     614      0.21528804
     615      0.21473840
     616      0.21424720
     617      0.21366903
     618      0.21319575
     619      0.21281160
     620      0.21230757
     621      0.21174549
     622      0.21122780
     623      0.21073645
     624      0.21021166
     625      0.20973036
     626      0.20924382
     627      0.20866308
     628      0.20805523
     629      0.20758618
     630      0.20713685
     631      0.20657541
     632      0.20590964
     633      0.20521712
     634      0.20468390
     635      0.20424892
     636      0.20372692
     637      0.20313907
     638      0.20252692
     639      0.20202552
     640      0.20167676
     641      0.20106672
     642      0.20041077
     643      0.20005038
     644      0.19973301
     645      0.19945485
     646      0.19906095
     647      0.19855721
     648      0.19800198
     649      0.19750449
     650      0.19708198
     651      0.19654053
     652      0.19592412
     653      0.19536969
     654      0.19498428
     655      0.19464548
     656      0.19418350
     657      0.19365215
     658      0.19321280
     659      0.19282729
     660      0.19240796
     661      0.19193310
     662      0.19138314
     663      0.19085949
     664      0.19036911
     665      0.18989434
     666      0.18948690
     667      0.18909652
     668      0.18863397
     669      0.18816355
     670      0.18773966
     671      0.18719255
     672      0.18666495
     673      0.18622420
     674      0.18568805
     675      0.18512960
     676      0.18463678
     677      0.18409007
     678      0.18354981
     679      0.18311784
     680      0.18265280
     681      0.18218344
     682      0.18177226
     683      0.18122407
     684      0.18070561
     685      0.18031441
     686      0.17987264
     687      0.17941287
     688      0.17900943
     689      0.17859911
     690      0.17816500
     691      0.17780556
     692      0.17752520
     693      0.17716547
     694      0.17669157
     695      0.17623912
     696      0.17576343
     697      0.17527090
     698      0.17481004
     699      0.17438378
     700      0.17389997
     701      0.17336854
     702      0.17294235
     703      0.17255525
     704      0.17215460
     705      0.17173353
     706      0.17133622
     707      0.17095250
     708      0.17055070
     709      0.17017882
     710      0.16977782
     711      0.16932975
     712      0.16899451
     713      0.16866697
     714      0.16826652
     715      0.16784281
     716      0.16741907
     717      0.16703992
     718      0.16664547
     719      0.16628644
     720      0.16585941
     721      0.16535500
     722      0.16490233
     723      0.16459035
     724      0.16433711
     725      0.16396236
     726      0.16352648
     727      0.16316422
     728      0.16286241
     729      0.16253464
     730      0.16207867
     731      0.16167306
     732      0.16138958
     733      0.16104117
     734      0.16062578
     735      0.16024740
     736      0.15990106
     737      0.15951044
     738      0.15909219
     739      0.15866744
     740      0.15822918
     741      0.15783134
     742      0.15746890
     743      0.15713495
     744      0.15678357
     745      0.15635787
     746      0.15590258
     747      0.15552095
     748      0.15513486
     749      0.15463981
     750      0.15423086
     751      0.15382996
     752      0.15339824
     753      0.15293597
     754      0.15249009
     755      0.15214305
     756      0.15181551
     757      0.15149395
     758      0.15106297
     759      0.15062222
     760      0.15026636
     761      0.14984006
     762      0.14945755
     763      0.14909340
     764      0.14856876
     765      0.14803070
     766      0.14767090
     767      0.14740589
     768      0.14706122
     769      0.14664772
     770      0.14630312
     771      0.14594570
     772      0.14559271
     773      0.14535825
     774      0.14504601
     775      0.14459681
     776      0.14417989
     777      0.14389691
     778      0.14367734
     779      0.14334223
     780      0.14301777
     781      0.14274566
     782      0.14232854
     783      0.14192584
     784      0.14159049
     785      0.14128685
     786      0.14101940
     787      0.14070917
     788      0.14036325
     789      0.13992839
     790      0.13947727
     791      0.13908150
     792      0.13868891
     793      0.13823738
     794      0.13789570
     795      0.13763846
     796      0.13739797
     797      0.13717700
     798      0.13681429
     799      0.13638474
     800      0.13602758
     801      0.13567857
     802      0.13524564
     803      0.13494751
     804      0.13477065
     805      0.13447881
     806      0.13417460
     807      0.13386535
     808      0.13360977
     809      0.13329811
     810      0.13294366
     811      0.13264704
     812      0.13234126
     813      0.13204473
     814      0.13163602
     815      0.13117536
     816      0.13081255
     817      0.13042776
     818      0.12989149
     819      0.12951522
     820      0.12931683
     821      0.12908973
     822      0.12878554
     823      0.12841804
     824      0.12807348
     825      0.12778793
     826      0.12744271
     827      0.12705968
     828      0.12669496
     829      0.12625008
     830      0.12582108
     831      0.12548660
     832      0.12514829
     833      0.12478796
     834      0.12449121
     835      0.12427742
     836      0.12406940
     837      0.12373688
     838      0.12335974
     839      0.12303756
     840      0.12275100
     841      0.12235577
     842      0.12195328
     843      0.12161402
     844      0.12124362
     845      0.12093331
     846      0.12068307
     847      0.12040253
     848      0.12005181
     849      0.11978621
     850      0.11948618
     851      0.11915150
     852      0.11893414
     853      0.11871689
     854      0.11847348
     855      0.11813862
     856      0.11775966
     857      0.11744641
     858      0.11715594
     859      0.11685873
     860      0.11660841
     861      0.11642625
     862      0.11617871
     863      0.11578733
     864      0.11535125
     865      0.11498994
     866      0.11465991
     867      0.11438624
     868      0.11414270
     869      0.11387104
     870      0.11360297
     871      0.11328227
     872      0.11304361
     873      0.11287332
     874      0.11256446
     875      0.11223117
     876      0.11202617
     877      0.11180709
     878      0.11143031
     879      0.11107996
     880      0.11073777
     881      0.11035371
     882      0.10998556
     883      0.10967794
     884      0.10949746
     885      0.10924135
     886      0.10894719
     887      0.10870474
     888      0.10848498
     889      0.10826989
     890      0.10800804
     891      0.10779776
     892      0.10762448
     893      0.10742660
     894      0.10727818
     895      0.10707819
     896      0.10676916
     897      0.10651877
     898      0.10628673
     899      0.10593588
     900      0.10552743
     901      0.10519110
     902      0.10485954
     903      0.10453198
     904      0.10425133
     905      0.10407949
     906      0.10390413
     907      0.10360109
     908      0.10328609
     909      0.10303671
     910      0.10279509
     911      0.10255330
     912      0.10232694
     913      0.10214466
     914      0.10196181
     915      0.10169959
     916      0.10143055
     917      0.10126421
     918      0.10110806
     919      0.10081300
     920      0.10054216
     921      0.10029031
     922      0.09998305
     923      0.09963168
     924      0.09931799
     925      0.09902360
     926      0.09875585
     927      0.09845987
     928      0.09802963
     929      0.09770478
     930      0.09748640
     931      0.09720096
     932      0.09687345
     933      0.09655670
     934      0.09635571
     935      0.09613255
     936      0.09587007
     937      0.09567616
     938      0.09543100
     939      0.09506968
     940      0.09469571
     941      0.09441501
     942      0.09416663
     943      0.09393297
     944      0.09374270
     945      0.09356321
     946      0.09333115
     947      0.09305345
     948      0.09275219
     949      0.09245979
     950      0.09217743
     951      0.09194750
     952      0.09175317
     953      0.09150382
     954      0.09124077
     955      0.09099574
     956      0.09073084
     957      0.09050050
     958      0.09037239
     959      0.09020652
     960      0.08999130
     961      0.08983325
     962      0.08960051
     963      0.08934543
     964      0.08913784
     965      0.08888401
     966      0.08862386
     967      0.08830653
     968      0.08800377
     969      0.08778624
     970      0.08759017
     971      0.08741836
     972      0.08713173
     973      0.08678239
     974      0.08664043
     975      0.08652731
     976      0.08628298
     977      0.08603003
     978      0.08579736
     979      0.08557915
     980      0.08532622
     981      0.08512249
     982      0.08493729
     983      0.08472877
     984      0.08458829
     985      0.08431748
     986      0.08394313
     987      0.08370710
     988      0.08354066
     989      0.08331579
     990      0.08316546
     991      0.08307559
     992      0.08293869
     993      0.08275096
     994      0.08249877
     995      0.08227867
     996      0.08204957
     997      0.08181361
     998      0.08162906
     999      0.08143113
    1000      0.08122097
    1001      0.08103977
    1002      0.08073885
    1003      0.08039397
    1004      0.08016900
    1005      0.07997384
    1006      0.07972900
    1007      0.07950388
    1008      0.07925803
    1009      0.07904015
    1010      0.07885933
    1011      0.07865144
    1012      0.07847030
    1013      0.07829247
    1014      0.07814590
    1015      0.07803013
    1016      0.07788382
    1017      0.07769017
    1018      0.07747983
    1019      0.07725957
    1020      0.07710371
    1021      0.07688988
    1022      0.07660597
    1023      0.07637200
    1024      0.07624154
    1025      0.07614185
    1026      0.07598109
    1027      0.07581529
    1028      0.07561289
    1029      0.07542632
    1030      0.07527668
    1031      0.07514052
    1032      0.07496158
    1033      0.07474971
    1034      0.07448070
    1035      0.07417417
    1036      0.07392296
    1037      0.07372054
    1038      0.07358717
    1039      0.07339952
    1040      0.07322391
    1041      0.07307928
    1042      0.07288946
    1043      0.07272766
    1044      0.07261112
    1045      0.07240677
    1046      0.07221476
    1047      0.07203175
    1048      0.07181248
    1049      0.07163373
    1050      0.07144677
    1051      0.07123359
    1052      0.07112985
    1053      0.07108016
    1054      0.07092321
    1055      0.07078375
    1056      0.07066469
    1057      0.07056571
    1058      0.07041740
    1059      0.07026250
    1060      0.07016367
    1061      0.06998010
    1062      0.06973839
    1063      0.06949708
    1064      0.06932419
    1065      0.06920680
    1066      0.06913126
    1067      0.06911231
    1068      0.06898062
    1069      0.06880657
    1070      0.06874358
    1071      0.06868050
    1072      0.06851058
    1073      0.06834652
    1074      0.06819520
    1075      0.06798774
    1076      0.06779590
    1077      0.06762950
    1078      0.06739100
    1079      0.06718678
    1080      0.06701821
    1081      0.06685701
    1082      0.06675774
    1083      0.06657170
    1084      0.06637740
    1085      0.06618410
    1086      0.06596191
    1087      0.06574528
    1088      0.06554546
    1089      0.06534416
    1090      0.06512545
    1091      0.06498302
    1092      0.06482751
    1093      0.06463529
    1094      0.06453849
    1095      0.06441723
    1096      0.06425500
    1097      0.06404746
    1098      0.06384885
    1099      0.06374850
    1100      0.06361234
    1101      0.06347483
    1102      0.06323846
    1103      0.06299144
    1104      0.06285753
    1105      0.06274885
    1106      0.06262389
    1107      0.06241901
    1108      0.06221317
    1109      0.06206660
    1110      0.06188500
    1111      0.06168652
    1112      0.06149237
    1113      0.06128195
    1114      0.06114432
    1115      0.06104954
    1116      0.06088876
    1117      0.06072705
    1118      0.06058472
    1119      0.06042580
    1120      0.06022278
    1121      0.05996004
    1122      0.05962405
    1123      0.05942063
    1124      0.05932183
    1125      0.05917728
    1126      0.05915226
    1127      0.05908974
    1128      0.05885862
    1129      0.05865352
    1130      0.05856144
    1131      0.05850260
    1132      0.05843018
    1133      0.05828849
    1134      0.05814280
    1135      0.05795894
    1136      0.05776914
    1137      0.05761499
    1138      0.05737205
    1139      0.05709159
    1140      0.05678013
    1141      0.05657254
    1142      0.05649994
    1143      0.05640076
    1144      0.05623154
    1145      0.05602058
    1146      0.05586280
    1147      0.05574369
    1148      0.05558084
    1149      0.05540129
    1150      0.05521941
    1151      0.05506463
    1152      0.05493326
    1153      0.05489933
    1154      0.05479499
    1155      0.05459357
    1156      0.05452059
    1157      0.05446965
    1158      0.05430189
    1159      0.05414970
    1160      0.05401738
    1161      0.05386471
    1162      0.05366334
    1163      0.05342187
    1164      0.05325639
    1165      0.05310218
    1166      0.05295343
    1167      0.05282272
    1168      0.05264093
    1169      0.05242034
    1170      0.05229975
    1171      0.05219262
    1172      0.05204013
    1173      0.05197127
    1174      0.05197011
    1175      0.05189402
    1176      0.05174549
    1177      0.05159933
    1178      0.05147351
    1179      0.05133670
    1180      0.05107984
    1181      0.05088366
    1182      0.05082201
    1183      0.05069294
    1184      0.05054547
    1185      0.05039611
    1186      0.05025854
    1187      0.05017721
    1188      0.05006916
    1189      0.05001570
    1190      0.05005613
    1191      0.04999783
    1192      0.04988231
    1193      0.04978608
    1194      0.04965234
    1195      0.04950533
    1196      0.04940672
    1197      0.04931243
    1198      0.04920314
    1199      0.04911508
    1200      0.04898800
    1201      0.04891801
    1202      0.04882441
    1203      0.04868585
    1204      0.04862461
    1205      0.04854820
    1206      0.04838156
    1207      0.04821344
    1208      0.04807421
    1209      0.04800917
    1210      0.04804449
    1211      0.04793010
    1212      0.04772403
    1213      0.04761158
    1214      0.04747750
    1215      0.04727524
    1216      0.04709783
    1217      0.04699132
    1218      0.04685230
    1219      0.04678149
    1220      0.04672316
    1221      0.04658707
    1222      0.04648591
    1223      0.04635988
    1224      0.04628628
    1225      0.04626786
    1226      0.04618136
    1227      0.04605198
    1228      0.04592984
    1229      0.04583351
    1230      0.04572274
    1231      0.04557804
    1232      0.04549910
    1233      0.04544367
    1234      0.04531606
    1235      0.04516705
    1236      0.04508811
    1237      0.04502310
    1238      0.04491055
    1239      0.04476325
    1240      0.04464012
    1241      0.04452344
    1242      0.04439153
    1243      0.04421983
    1244      0.04401700
    1245      0.04388552
    1246      0.04384686
    1247      0.04377187
    1248      0.04364761
    1249      0.04355808
    1250      0.04349270
    1251      0.04345124
    1252      0.04337668
    1253      0.04326380
    1254      0.04316050
    1255      0.04308576
    1256      0.04308435
    1257      0.04308771
    1258      0.04309434
    1259      0.04312141
    1260      0.04304836
    1261      0.04294476
    1262      0.04283949
    1263      0.04276875
    1264      0.04272436
    1265      0.04267459
    1266      0.04259780
    1267      0.04256209
    1268      0.04242506
    1269      0.04211545
    1270      0.04193973
    1271      0.04185252
    1272      0.04178710
    1273      0.04168584
    1274      0.04148725
    1275      0.04131669
    1276      0.04120808
    1277      0.04114194
    1278      0.04110843
    1279      0.04103845
    1280      0.04095764
    1281      0.04081585
    1282      0.04060466
    1283      0.04054889
    1284      0.04053037
    1285      0.04032979
    1286      0.04021885
    1287      0.04024268
    1288      0.04021589
    1289      0.04008813
    1290      0.04000100
    1291      0.03998803
    1292      0.03985534
    1293      0.03969227
    1294      0.03961561
    1295      0.03954303
    1296      0.03944290
    1297      0.03930483
    1298      0.03917959
    1299      0.03910259
    1300      0.03904270
    1301      0.03895669
    1302      0.03883724
    1303      0.03877346
    1304      0.03876590
    1305      0.03865056
    1306      0.03845861
    1307      0.03834769
    1308      0.03826029
    1309      0.03816874
    1310      0.03807334
    1311      0.03797523
    1312      0.03794545
    1313      0.03795195
    1314      0.03791917
    1315      0.03789969
    1316      0.03788658
    1317      0.03785037
    1318      0.03770840
    1319      0.03751639
    1320      0.03736955
    1321      0.03730062
    1322      0.03726054
    1323      0.03720214
    1324      0.03713802
    1325      0.03695334
    1326      0.03676644
    1327      0.03666766
    1328      0.03666141
    1329      0.03664150
    1330      0.03647079
    1331      0.03633515
    1332      0.03622689
    1333      0.03614583
    1334      0.03606298
    1335      0.03593052
    1336      0.03588532
    1337      0.03580704
    1338      0.03571283
    1339      0.03558246
    1340      0.03546174
    1341      0.03537191
    1342      0.03527143
    1343      0.03518297
    1344      0.03499236
    1345      0.03484607
    1346      0.03483544
    1347      0.03485535
    1348      0.03478800
    1349      0.03465579
    1350      0.03459841
    1351      0.03454121
    1352      0.03445724
    1353      0.03437275
    1354      0.03426325
    1355      0.03417293
    1356      0.03408662
    1357      0.03403703
    1358      0.03399232
    1359      0.03397080
    1360      0.03394542
    1361      0.03379197
    1362      0.03363726
    1363      0.03356599
    1364      0.03348312
    1365      0.03340235
    1366      0.03336586
    1367      0.03329973
    1368      0.03330179
    1369      0.03334442
    1370      0.03324477
    1371      0.03311021
    1372      0.03296456
    1373      0.03285438
    1374      0.03282319
    1375      0.03273486
    1376      0.03268491
    1377      0.03264926
    1378      0.03259600
    1379      0.03253552
    1380      0.03244759
    1381      0.03236425
    1382      0.03223398
    1383      0.03217621
    1384      0.03209396
    1385      0.03191612
    1386      0.03177339
    1387      0.03161122
    1388      0.03145307
    1389      0.03135633
    1390      0.03129595
    1391      0.03121689
    1392      0.03114878
    1393      0.03119445
    1394      0.03122186
    1395      0.03113418
    1396      0.03103558
    1397      0.03094283
    1398      0.03080929
    1399      0.03066268
    1400      0.03051247
    1401      0.03037935
    1402      0.03031697
    1403      0.03022250
    1404      0.03011414
    1405      0.03001749
    1406      0.02991444
    1407      0.02985427
    1408      0.02975188
    1409      0.02962333
    1410      0.02945831
    1411      0.02926954
    1412      0.02914086
    1413      0.02903212
    1414      0.02895462
    1415      0.02889866
    1416      0.02888443
    1417      0.02885839
    1418      0.02876175
    1419      0.02864041
    1420      0.02856631
    1421      0.02849874
    1422      0.02832509
    1423      0.02817260
    1424      0.02808423
    1425      0.02798197
    1426      0.02795049
    1427      0.02794372
    1428      0.02787173
    1429      0.02781751
    1430      0.02779985
    1431      0.02777384
    1432      0.02771107
    1433      0.02762813
    1434      0.02756564
    1435      0.02756581
    1436      0.02751097
    1437      0.02737512
    1438      0.02726425
    1439      0.02714586
    1440      0.02701016
    1441      0.02693683
    1442      0.02689671
    1443      0.02688752
    1444      0.02692592
    1445      0.02692693
    1446      0.02688252
    1447      0.02687867
    1448      0.02690500
    1449      0.02687222
    1450      0.02687742
    1451      0.02692686
    1452      0.02686428
    1453      0.02669892
    1454      0.02654734
    1455      0.02647947
    1456      0.02645394
    1457      0.02639342
    1458      0.02630167
    1459      0.02621325
    1460      0.02620354
    1461      0.02618889
    1462      0.02611143
    1463      0.02600141
    1464      0.02586248
    1465      0.02577560
    1466      0.02574941
    1467      0.02568923
    1468      0.02561039
    1469      0.02556531
    1470      0.02551191
    1471      0.02545782
    1472      0.02537374
    1473      0.02530378
    1474      0.02525326
    1475      0.02514385
    1476      0.02514349
    1477      0.02519880
    1478      0.02515566
    1479      0.02507207
    1480      0.02504449
    1481      0.02505789
    1482      0.02502084
    1483      0.02494437
    1484      0.02486092
    1485      0.02482396
    1486      0.02474407
    1487      0.02459960
    1488      0.02448945
    1489      0.02432594
    1490      0.02414876
    1491      0.02409479
    1492      0.02411463
    1493      0.02408556
    1494      0.02405285
    1495      0.02406389
    1496      0.02408280
    1497      0.02393425
    1498      0.02365963
    1499      0.02349388
    1500      0.02340219
    1501      0.02330185
    1502      0.02322975
    1503      0.02319460
    1504      0.02311362
    1505      0.02303091
    1506      0.02297888
    1507      0.02286051
    1508      0.02273099
    1509      0.02263731
    1510      0.02256207
    1511      0.02251748
    1512      0.02242190
    1513      0.02229399
    1514      0.02222070
    1515      0.02220249
    1516      0.02217910
    1517      0.02211853
    1518      0.02206341
    1519      0.02202429
    1520      0.02196180
    1521      0.02190669
    1522      0.02187758
    1523      0.02188481
    1524      0.02187131
    1525      0.02179423
    1526      0.02170680
    1527      0.02158283
    1528      0.02145436
    1529      0.02135207
    1530      0.02131448
    1531      0.02126035
    1532      0.02122671
    1533      0.02121222
    1534      0.02112159
    1535      0.02104092
    1536      0.02098843
    1537      0.02094973
    1538      0.02088059
    1539      0.02077880
    1540      0.02064471
    1541      0.02056578
    1542      0.02049375
    1543      0.02034924
    1544      0.02024563
    1545      0.02019401
    1546      0.02012992
    1547      0.02001796
    1548      0.01995224
    1549      0.01995411
    1550      0.01986241
    1551      0.01970774
    1552      0.01963813
    1553      0.01965160
    1554      0.01967160
    1555      0.01967188
    1556      0.01964341
    1557      0.01960732
    1558      0.01957874
    1559      0.01959047
    1560      0.01957840
    1561      0.01945874
    1562      0.01938290
    1563      0.01936842
    1564      0.01937866
    1565      0.01935347
    1566      0.01921977
    1567      0.01912209
    1568      0.01907758
    1569      0.01899494
    1570      0.01890578
    1571      0.01885909
    1572      0.01889579
    1573      0.01884065
    1574      0.01870690
    1575      0.01856856
    1576      0.01843587
    1577      0.01832029
    1578      0.01815486
    1579      0.01800318
    1580      0.01791449
    1581      0.01792625
    1582      0.01791029
    1583      0.01786414
    1584      0.01786758
    1585      0.01784306
    1586      0.01778120
    1587      0.01775207
    1588      0.01766809
    1589      0.01752129
    1590      0.01744444
    1591      0.01742322
    1592      0.01742043
    1593      0.01744494
    1594      0.01750432
    1595      0.01751844
    1596      0.01741466
    1597      0.01723449
    1598      0.01708829
    1599      0.01713402
    1600      0.01716122
    1601      0.01714027
    1602      0.01710652
    1603      0.01708266
    1604      0.01709092
    1605      0.01696054
    1606      0.01685905
    1607      0.01674914
    1608      0.01664296
    1609      0.01660105
    1610      0.01654052
    1611      0.01650685
    1612      0.01648355
    1613      0.01641529
    1614      0.01627900
    1615      0.01621209
    1616      0.01622856
    1617      0.01619053
    1618      0.01612485
    1619      0.01610840
    1620      0.01614792
    1621      0.01617651
    1622      0.01617087
    1623      0.01609064
    1624      0.01593570
    1625      0.01581145
    1626      0.01574521
    1627      0.01572967
    1628      0.01568881
    1629      0.01559162
    1630      0.01548949
    1631      0.01542741
    1632      0.01539163
    1633      0.01536545
    1634      0.01530250
    1635      0.01527322
    1636      0.01526889
    1637      0.01521296
    1638      0.01517074
    1639      0.01508959
    1640      0.01502407
    1641      0.01503414
    1642      0.01503818
    1643      0.01501805
    1644      0.01498999
    1645      0.01496151
    1646      0.01490720
    1647      0.01492763
    1648      0.01496684
    1649      0.01491694
    1650      0.01489812
    1651      0.01487949
    1652      0.01490726
    1653      0.01488132
    1654      0.01484796
    1655      0.01486588
    1656      0.01480803
    1657      0.01471697
    1658      0.01471732
    1659      0.01473374
    1660      0.01464540
    1661      0.01459548
    1662      0.01457974
    1663      0.01445839
    1664      0.01427100
    1665      0.01424372
    1666      0.01418879
    1667      0.01401047
    1668      0.01386312
    1669      0.01378942
    1670      0.01377032
    1671      0.01377275
    1672      0.01377488
    1673      0.01379639
    1674      0.01384277
    1675      0.01381688
    1676      0.01373221
    1677      0.01369582
    1678      0.01373835
    1679      0.01375327
    1680      0.01370347
    1681      0.01365376
    1682      0.01369871
    1683      0.01370453
    1684      0.01361257
    1685      0.01352592
    1686      0.01350911
    1687      0.01357483
    1688      0.01362896
    1689      0.01357661
    1690      0.01354158
    1691      0.01358053
    1692      0.01358623
    1693      0.01361428
    1694      0.01367874
    1695      0.01366178
    1696      0.01360527
    1697      0.01360784
    1698      0.01353980
    1699      0.01344671
    1700      0.01340266
    1701      0.01336141
    1702      0.01330454
    1703      0.01322220
    1704      0.01312084
    1705      0.01306983
    1706      0.01306016
    1707      0.01301507
    1708      0.01294631
    1709      0.01295043
    1710      0.01299892
    1711      0.01304715
    1712      0.01304588
    1713      0.01298990
    1714      0.01292169
    1715      0.01280327
    1716      0.01272092
    1717      0.01265391
    1718      0.01255821
    1719      0.01247540
    1720      0.01241107
    1721      0.01239924
    1722      0.01244059
    1723      0.01239413
    1724      0.01228247
    1725      0.01224111
    1726      0.01220009
    1727      0.01214250
    1728      0.01206137
    1729      0.01201780
    1730      0.01195514
    1731      0.01188726
    1732      0.01192435
    1733      0.01196060
    1734      0.01194425
    1735      0.01190080
    1736      0.01183758
    1737      0.01178391
    1738      0.01175946
    1739      0.01178445
    1740      0.01183111
    1741      0.01182775
    1742      0.01185206
    1743      0.01190180
    1744      0.01191258
    1745      0.01182895
    1746      0.01177023
    1747      0.01180314
    1748      0.01183441
    1749      0.01181746
    1750      0.01175664
    1751      0.01173412
    1752      0.01174969
    1753      0.01178464
    1754      0.01184545
    1755      0.01184921
    1756      0.01180683
    1757      0.01178374
    1758      0.01174086
    1759      0.01172580
    1760      0.01166571
    1761      0.01152194
    1762      0.01146530
    1763      0.01143616
    1764      0.01143805
    1765      0.01145220
    1766      0.01140357
    1767      0.01132587
    1768      0.01126664
    1769      0.01124363
    1770      0.01119213
    1771      0.01117646
    1772      0.01123000
    1773      0.01126565
    1774      0.01124219
    1775      0.01115581
    1776      0.01104659
    1777      0.01096890
    1778      0.01085031
    1779      0.01082196
    1780      0.01084247
    1781      0.01083654
    1782      0.01086266
    1783      0.01096552
    1784      0.01100893
    1785      0.01095932
    1786      0.01094990
    1787      0.01089207
    1788      0.01079823
    1789      0.01066966
    1790      0.01063526
    1791      0.01068754
    1792      0.01069006
    1793      0.01069771
    1794      0.01069171
    1795      0.01067305
    1796      0.01070827
    1797      0.01079251
    1798      0.01082210
    1799      0.01071599
    1800      0.01060999
    1801      0.01062777
    1802      0.01064569
    1803      0.01060735
    1804      0.01056184
    1805      0.01053856
    1806      0.01051693
    1807      0.01048738
    1808      0.01046073
    1809      0.01036941
    1810      0.01028536
    1811      0.01029747
    1812      0.01032929
    1813      0.01035773
    1814      0.01033161
    1815      0.01027818
    1816      0.01021549
    1817      0.01015119
    1818      0.01008045
    1819      0.00998410
    1820      0.00993146
    1821      0.00990701
    1822      0.00985492
    1823      0.00983792
    1824      0.00980842
    1825      0.00980801
    1826      0.00985077
    1827      0.00978574
    1828      0.00970683
    1829      0.00960495
    1830      0.00948809
    1831      0.00937594
    1832      0.00924953
    1833      0.00920477
    1834      0.00917520
    1835      0.00907892
    1836      0.00897884
    1837      0.00893401
    1838      0.00889469
    1839      0.00882112
    1840      0.00879653
    1841      0.00888130
    1842      0.00891768
    1843      0.00887759
    1844      0.00880908
    1845      0.00882354
    1846      0.00890615
    1847      0.00888318
    1848      0.00883316
    1849      0.00876363
    1850      0.00863070
    1851      0.00855791
    1852      0.00846428
    1853      0.00838545
    1854      0.00840280
    1855      0.00835586
    1856      0.00828984
    1857      0.00831655
    1858      0.00843230
    1859      0.00843881
    1860      0.00839185
    1861      0.00835825
    1862      0.00827537
    1863      0.00823476
    1864      0.00824923
    1865      0.00822100
    1866      0.00812403
    1867      0.00799444
    1868      0.00791003
    1869      0.00794274
    1870      0.00798875
    1871      0.00799152
    1872      0.00802831
    1873      0.00806371
    1874      0.00805484
    1875      0.00803247
    1876      0.00795630
    1877      0.00786056
    1878      0.00787909
    1879      0.00794629
    1880      0.00795249
    1881      0.00800084
    1882      0.00804008
    1883      0.00798456
    1884      0.00800428
    1885      0.00796787
    1886      0.00784665
    1887      0.00784555
    1888      0.00783576
    1889      0.00783190
    1890      0.00784652
    1891      0.00778462
    1892      0.00767360
    1893      0.00763495
    1894      0.00766100
    1895      0.00762196
    1896      0.00758325
    1897      0.00755345
    1898      0.00746674
    1899      0.00741708
    1900      0.00734137
    1901      0.00721082
    1902      0.00715281
    1903      0.00712134
    1904      0.00704020
    1905      0.00699184
    1906      0.00696092
    1907      0.00691223
    1908      0.00680737
    1909      0.00672774
    1910      0.00674103
    1911      0.00669536
    1912      0.00661495
    1913      0.00658577
    1914      0.00660753
    1915      0.00653344
    1916      0.00645401
    1917      0.00649805
    1918      0.00653672
    1919      0.00650054
    1920      0.00646373
    1921      0.00640216
    1922      0.00640935
    1923      0.00649928
    1924      0.00652122
    1925      0.00649356
    1926      0.00643490
    1927      0.00631356
    1928      0.00616252
    1929      0.00606943
    1930      0.00611682
    1931      0.00615935
    1932      0.00615295
    1933      0.00617235
    1934      0.00618509
    1935      0.00618670
    1936      0.00613323
    1937      0.00620546
    1938      0.00629977
    1939      0.00631454
    1940      0.00631520
    1941      0.00627228
    1942      0.00623833
    1943      0.00610144
    1944      0.00594585
    1945      0.00587984
    1946      0.00589495
    1947      0.00588229
    1948      0.00580383
    1949      0.00573712
    1950      0.00566428
    1951      0.00558962
    1952      0.00548610
    1953      0.00541708
    1954      0.00537703
    1955      0.00531417
    1956      0.00519046
    1957      0.00502073
    1958      0.00496394
    1959      0.00497029
    1960      0.00491006
    1961      0.00485391
    1962      0.00487243
    1963      0.00492529
    1964      0.00494360
    1965      0.00494666
    1966      0.00499126
    1967      0.00500351
    1968      0.00499455
    1969      0.00499122
    1970      0.00501991
    1971      0.00503104
    1972      0.00496371
    1973      0.00485751
    1974      0.00475559
    1975      0.00473139
    1976      0.00480962
    1977      0.00488025
    1978      0.00483822
    1979      0.00480102
    1980      0.00483640
    1981      0.00483560
    1982      0.00475238
    1983      0.00471057
    1984      0.00474663
    1985      0.00475546
    1986      0.00469094
    1987      0.00462369
    1988      0.00454822
    1989      0.00449496
    1990      0.00446284
    1991      0.00443176
    1992      0.00440357
    1993      0.00436191
    1994      0.00431169
    1995      0.00429940
    1996      0.00429789
    1997      0.00422852
    1998      0.00418082
    1999      0.00422835
    2000      0.00421821
    2001      0.00419213
    2002      0.00415184
    2003      0.00405748
    2004      0.00411120
    2005      0.00417602
    2006      0.00423170
    2007      0.00424986
    2008      0.00417544
    2009      0.00417779
    2010      0.00423001
    2011      0.00422363
    2012      0.00416608
    2013      0.00411987
    2014      0.00413216
    2015      0.00413855
    2016      0.00409136
    2017      0.00407733
    2018      0.00409147
    2019      0.00405128
    2020      0.00400353
    2021      0.00388355
    2022      0.00375199
    2023      0.00369297
    2024      0.00365221
    2025      0.00364844
    2026      0.00368645
    2027      0.00365276
    2028      0.00354519
    2029      0.00348175
    2030      0.00340441
    2031      0.00342422
    2032      0.00351171
    2033      0.00351625
    2034      0.00352638
    2035      0.00349062
    2036      0.00345049
    2037      0.00343697
    2038      0.00336487
    2039      0.00331404
    2040      0.00325912
    2041      0.00318919
    2042      0.00317868
    2043      0.00318335
    2044      0.00316079
    2045      0.00311778
    2046      0.00310638
    2047      0.00320084
    2048      0.00327662
    2049      0.00323031
    2050      0.00317231
    2051      0.00316789
    2052      0.00318098
    2053      0.00319305
    2054      0.00320092
    2055      0.00317441
    2056      0.00316139
    2057      0.00320822
    2058      0.00316499
    2059      0.00309532
    2060      0.00312264
    2061      0.00312992
    2062      0.00313390
    2063      0.00318400
    2064      0.00324238
    2065      0.00335799
    2066      0.00340986
    2067      0.00334386
    2068      0.00333225
    2069      0.00336712
    2070      0.00334088
    2071      0.00327745
    2072      0.00316501
    2073      0.00301889
    2074      0.00292804
    2075      0.00298030
    2076      0.00299093
    2077      0.00295364
    2078      0.00297147
    2079      0.00295682
    2080      0.00293217
    2081      0.00292937
    2082      0.00288088
    2083      0.00281078
    2084      0.00283178
    2085      0.00291920
    2086      0.00298210
    2087      0.00306847
    2088      0.00304472
    2089      0.00296934
    2090      0.00307955
    2091      0.00320148
    2092      0.00325535
    2093      0.00327373
    2094      0.00334107
    2095      0.00344029
    2096      0.00347221
    2097      0.00349348
    2098      0.00351520
    2099      0.00345252
    2100      0.00340465
    2101      0.00343920
    2102      0.00339172
    2103      0.00327682
    2104      0.00323434
    2105      0.00321130
    2106      0.00322122
    2107      0.00328090
    2108      0.00326278
    2109      0.00322097
    2110      0.00326841
    2111      0.00338881
    2112      0.00349639
    2113      0.00348850
    2114      0.00339784
    2115      0.00333687
    2116      0.00330445
    2117      0.00330423
    2118      0.00331914
    2119      0.00325691
    2120      0.00324978
    2121      0.00331440
    2122      0.00329138
    2123      0.00321196
    2124      0.00313488
    2125      0.00301524
    2126      0.00288327
    2127      0.00285801
    2128      0.00291541
    2129      0.00290823
    2130      0.00288853
    2131      0.00292074
    2132      0.00291840
    2133      0.00288001
    2134      0.00281959
    2135      0.00275015
    2136      0.00271086
    2137      0.00268310
    2138      0.00270957
    2139      0.00279204
    2140      0.00287449
    2141      0.00294930
    2142      0.00298158
    2143      0.00292468
    2144      0.00288347
    2145      0.00288364
    2146      0.00285411
    2147      0.00279184
    2148      0.00270663
    2149      0.00272259
    2150      0.00279193
    2151      0.00283241
    2152      0.00283846
    2153      0.00281949
    2154      0.00278560
    2155      0.00277772
    2156      0.00284449
    2157      0.00286734
    2158      0.00285668
    2159      0.00285353
    2160      0.00292803
    2161      0.00299909
    2162      0.00300213
    2163      0.00301482
    2164      0.00306754
    2165      0.00308155
    2166      0.00304407
    2167      0.00314915
    2168      0.00322856
    2169      0.00311892
    2170      0.00305939
    2171      0.00301332
    2172      0.00295417
    2173      0.00299573
    2174      0.00301571
    2175      0.00303469
    2176      0.00311133
    2177      0.00311920
    2178      0.00315235
    2179      0.00324813
    2180      0.00325902
    2181      0.00328557
    2182      0.00330329
    2183      0.00333320
    2184      0.00333800
    2185      0.00320168
    2186      0.00306383
    2187      0.00305513
    2188      0.00306683
    2189      0.00307204
    2190      0.00311514
    2191      0.00311226
    2192      0.00310908
    2193      0.00310995
    2194      0.00309927
    2195      0.00310663
    2196      0.00313534
    2197      0.00314111
    2198      0.00315334
    2199      0.00321867
    2200      0.00321504
    2201      0.00321503
    2202      0.00326589
    2203      0.00324745
    2204      0.00322178
    2205      0.00321404
    2206      0.00318951
    2207      0.00312886
    2208      0.00310372
    2209      0.00309035
    2210      0.00308771
    2211      0.00306942
    2212      0.00307622
    2213      0.00310368
    2214      0.00309438
    2215      0.00304274
    2216      0.00303252
    2217      0.00309628
    2218      0.00318948
    2219      0.00321356
    2220      0.00314913
    2221      0.00309400
    2222      0.00308371
    2223      0.00306837
    2224      0.00306210
    2225      0.00310452
    2226      0.00309245
    2227      0.00308999
    2228      0.00316870
    2229      0.00327115
    2230      0.00332019
    2231      0.00338273
    2232      0.00342619
    2233      0.00336014
    2234      0.00332202
    2235      0.00332428
    2236      0.00327560
    2237      0.00321418
    2238      0.00319969
    2239      0.00322514
    2240      0.00331079
    2241      0.00343274
    2242      0.00348442
    2243      0.00349919
    2244      0.00349832
    2245      0.00348635
    2246      0.00344147
    2247      0.00337791
    2248      0.00337069
    2249      0.00338198
    2250      0.00334334
    2251      0.00332947
    2252      0.00340216
    2253      0.00344342
    2254      0.00343770
    2255      0.00340888
    2256      0.00336887
    2257      0.00334862
    2258      0.00332259
    2259      0.00324415
    2260      0.00318256
    2261      0.00317567
    2262      0.00316719
    2263      0.00317080
    2264      0.00317985
    2265      0.00314121
    2266      0.00313496
    2267      0.00315019
    2268      0.00311465
    2269      0.00310335
    2270      0.00309911
    2271      0.00318019
    2272      0.00328317
    2273      0.00332121
    2274      0.00329069
    2275      0.00320172
    2276      0.00317495
    2277      0.00315108
    2278      0.00309251
    2279      0.00301542
    2280      0.00302865
    2281      0.00312069
    2282      0.00315713
    2283      0.00320187
    2284      0.00322669
    2285      0.00319866
    2286      0.00316384
    2287      0.00317068
    2288      0.00315328
    2289      0.00306136
    2290      0.00298892
    2291      0.00288475
    2292      0.00283768
    2293      0.00291940
    2294      0.00297726
    2295      0.00297599
    2296      0.00301447
    2297      0.00301552
    2298      0.00296596
    2299      0.00290339
    2300      0.00285662
    2301      0.00280822
    2302      0.00274253
    2303      0.00274288
    2304      0.00279276
    2305      0.00285113
    2306      0.00278754
    2307      0.00271220
    2308      0.00272093
    2309      0.00267763
    2310      0.00265700
    2311      0.00271695
    2312      0.00279150
    2313      0.00282923
    2314      0.00288069
    2315      0.00293842
    2316      0.00293519
    2317      0.00292553
    2318      0.00292425
    2319      0.00288547
    2320      0.00291692
    2321      0.00291387
    2322      0.00271927
    2323      0.00257006
    2324      0.00255295
    2325      0.00255992
    2326      0.00260519
    2327      0.00268589
    2328      0.00273597
    2329      0.00276823
    2330      0.00278285
    2331      0.00276303
    2332      0.00270122
    2333      0.00261993
    2334      0.00260159
    2335      0.00265088
    2336      0.00276647
    2337      0.00285071
    2338      0.00282774
    2339      0.00274125
    2340      0.00274659
    2341      0.00271202
    2342      0.00261385
    2343      0.00263504
    2344      0.00262051
    2345      0.00258170
    2346      0.00261996
    2347      0.00261665
    2348      0.00248905
    2349      0.00242632
    2350      0.00241244
    2351      0.00234281
    2352      0.00233662
    2353      0.00240534
    2354      0.00242465
    2355      0.00239824
    2356      0.00240055
    2357      0.00239925
    2358      0.00247206
    2359      0.00252130
    2360      0.00245216
    2361      0.00234865
    2362      0.00223602
    2363      0.00216025
    2364      0.00212626
    2365      0.00203519
    2366      0.00191757
    2367      0.00184273
    2368      0.00184481
    2369      0.00184366
    2370      0.00184355
    2371      0.00191072
    2372      0.00196271
    2373      0.00196830
    2374      0.00203405
    2375      0.00206801
    2376      0.00208046
    2377      0.00220257
    2378      0.00227829
    2379      0.00222739
    2380      0.00220515
    2381      0.00215160
    2382      0.00201537
    2383      0.00197540
    2384      0.00199693
    2385      0.00197566
    2386      0.00193165
    2387      0.00190906
    2388      0.00185829
    2389      0.00181029
    2390      0.00184834
    2391      0.00187676
    2392      0.00185678
    2393      0.00184365
    2394      0.00191385
    2395      0.00193382
    2396      0.00184527
    2397      0.00175744
    2398      0.00175878
    2399      0.00179645
    2400      0.00176257
    2401      0.00176625
    2402      0.00177221
    2403      0.00178344
    2404      0.00179886
    2405      0.00179859
    2406      0.00178218
    2407      0.00180365
    2408      0.00189257
    2409      0.00188420
    2410      0.00175746
    2411      0.00168388
    2412      0.00170472
    2413      0.00174003
    2414      0.00178924
    2415      0.00178177
    2416      0.00176625
    2417      0.00181845
    2418      0.00184173
    2419      0.00179777
    2420      0.00172831
    2421      0.00166331
    2422      0.00163212
    2423      0.00153957
    2424      0.00137831
    2425      0.00129381
    2426      0.00126006
    2427      0.00116399
    2428      0.00107586
    2429      0.00105470
    2430      0.00098990
    2431      0.00086919
    2432      0.00081522
    2433      0.00082267
    2434      0.00079764
    2435      0.00079955
    2436      0.00081029
    2437      0.00078062
    2438      0.00076278
    2439      0.00075452
    2440      0.00077078
    2441      0.00080790
    2442      0.00080987
    2443      0.00079850
    2444      0.00084774
    2445      0.00092803
    2446      0.00102593
    2447      0.00104175
    2448      0.00100848
    2449      0.00105309
    2450      0.00109506
    2451      0.00115438
    2452      0.00118734
    2453      0.00116227
    2454      0.00115825
    2455      0.00115777
    2456      0.00112158
    2457      0.00105403
    2458      0.00100299
    2459      0.00098378
    2460      0.00098847
    2461      0.00096104
    2462      0.00099688
    2463      0.00107789
    2464      0.00117842
    2465      0.00126965
    2466      0.00128798
    2467      0.00125355
    2468      0.00118658
    2469      0.00117034
    2470      0.00117995
    2471      0.00117142
    2472      0.00112468
    2473      0.00104959
    2474      0.00098977
    2475      0.00099241
    2476      0.00097426
    2477      0.00091632
    2478      0.00093882
    2479      0.00097250
    2480      0.00093636
    2481      0.00087059
    2482      0.00079268
    2483      0.00073045
    2484      0.00070287
    2485      0.00073945
    2486      0.00078098
    2487      0.00077001
    2488      0.00081076
    2489      0.00094396
    2490      0.00100557
    2491      0.00099769
    2492      0.00098036
    2493      0.00099121
    2494      0.00107410
    2495      0.00115750
    2496      0.00121346
    2497      0.00120161
    2498      0.00113980
    2499      0.00112709
    2500      0.00103823
    2501      0.00094315
    2502      0.00094498
    2503      0.00100189
    2504      0.00109345
    2505      0.00115336
    2506      0.00115603
    2507      0.00119973
    2508      0.00125315
    2509      0.00116204
    2510      0.00115143
    2511      0.00118012
    2512      0.00114252
    2513      0.00109305
    2514      0.00107409
    2515      0.00111450
    2516      0.00107825
    2517      0.00091821
    2518      0.00075564
    2519      0.00069702
    2520      0.00066491
    2521      0.00061786
    2522      0.00059904
    2523      0.00059836
    2524      0.00064160
    2525      0.00070785
    2526      0.00083652
    2527      0.00096996
    2528      0.00099289
    2529      0.00099523
    2530      0.00099677
    2531      0.00097118
    2532      0.00095576
    2533      0.00095133
    2534      0.00101803
    2535      0.00110982
    2536      0.00110980
    2537      0.00115759
    2538      0.00117341
    2539      0.00112027
    2540      0.00111395
    2541      0.00111530
    2542      0.00106081
    2543      0.00100971
    2544      0.00090228
    2545      0.00079846
    2546      0.00084349
    2547      0.00084304
    2548      0.00085563
    2549      0.00084579
    2550      0.00079761
    2551      0.00078873
    2552      0.00076364
    2553      0.00069173
    2554      0.00062135
    2555      0.00063037
    2556      0.00063581
    2557      0.00058851
    2558      0.00053511
    2559      0.00049500
    2560      0.00052483
    2561      0.00054409
    2562      0.00055598
    2563      0.00058320
    2564      0.00064010
    2565      0.00075283
    2566      0.00081596
    2567      0.00081227
    2568      0.00075573
    2569      0.00075736
    2570      0.00071960
    2571      0.00061828
    2572      0.00060024
    2573      0.00065590
    2574      0.00071657
    2575      0.00078323
    2576      0.00087653
    2577      0.00094406
    2578      0.00098802
    2579      0.00093738
    2580      0.00081015
    2581      0.00074914
    2582      0.00080397
    2583      0.00083050
    2584      0.00075019
    2585      0.00070094
    2586      0.00069458
    2587      0.00069567
    2588      0.00068638
    2589      0.00071828
    2590      0.00080758
    2591      0.00086974
    2592      0.00077823
    2593      0.00062946
    2594      0.00055086
    2595      0.00049123
    2596      0.00046434
    2597      0.00049106
    2598      0.00050283
    2599      0.00052532
    2600      0.00060593
    2601      0.00057617
    2602      0.00056955
    2603      0.00067066
    2604      0.00071470
    2605      0.00068530
    2606      0.00058799
    2607      0.00049478
    2608      0.00045037
    2609      0.00047326
    2610      0.00047872
    2611      0.00045450
    2612      0.00050842
    2613      0.00062238
    2614      0.00066088
    2615      0.00062702
    2616      0.00065771
    2617      0.00071793
    2618      0.00074447
    2619      0.00076212
    2620      0.00081965
    2621      0.00087521
    2622      0.00089424
    2623      0.00097040
    2624      0.00105693
    2625      0.00108629
    2626      0.00110482
    2627      0.00109511
    2628      0.00104070
    2629      0.00105501
    2630      0.00110828
    2631      0.00110571
    2632      0.00105651
    2633      0.00097256
    2634      0.00094663
    2635      0.00101206
    2636      0.00101335
    2637      0.00092839
    2638      0.00090390
    2639      0.00088673
    2640      0.00081422
    2641      0.00084950
    2642      0.00094001
    2643      0.00096969
    2644      0.00097961
    2645      0.00101028
    2646      0.00105991
    2647      0.00107342
    2648      0.00108329
    2649      0.00114751
    2650      0.00120501
    2651      0.00114976
    2652      0.00110964
    2653      0.00114564
    2654      0.00109067
    2655      0.00095564
    2656      0.00086376
    2657      0.00085149
    2658      0.00089839
    2659      0.00095540
    2660      0.00100160
    2661      0.00092002
    2662      0.00083210
    2663      0.00085558
    2664      0.00084267
    2665      0.00070082
    2666      0.00062832
    2667      0.00059682
    2668      0.00045080
    2669      0.00037260
    2670      0.00033965
    2671      0.00029888
    2672      0.00023663
    2673      0.00014365
    2674      0.00006755
    2675      0.00001129
    2676      0.00002523
    2677      0.00006499
    2678      0.00008830
    2679      0.00008559
    2680      0.00013704
    2681      0.00024157
    2682      0.00026985
    2683      0.00030516
    2684      0.00039592
    2685      0.00046508
    2686      0.00045459
    2687      0.00039203
    2688      0.00040178
    2689      0.00046248
    2690      0.00048882
    2691      0.00049954
    2692      0.00051547
    2693      0.00050035
    2694      0.00051445
    2695      0.00051119
    2696      0.00046001
    2697      0.00041136
    2698      0.00042421
    2699      0.00044225
    2700      0.00046414
    2701      0.00054946
    2702      0.00058393
    2703      0.00064636
    2704      0.00066972
    2705      0.00059881
    2706      0.00057660
    2707      0.00055563
    2708      0.00053196
    2709      0.00047145
    2710      0.00040929
    2711      0.00041196
    2712      0.00043100
    2713      0.00047259
    2714      0.00053687
    2715      0.00058981
    2716      0.00062431
    2717      0.00059670
    2718      0.00053662
    2719      0.00051528
    2720      0.00048725
    2721      0.00047488
    2722      0.00042790
    2723      0.00034573
    2724      0.00027685
    2725      0.00026274
    2726      0.00026326
    2727      0.00021161
    2728      0.00013388
    2729      0.00005355
    2730      0.00007548
    2731      0.00010921
    2732      0.00012488
    2733      0.00028785
    2734      0.00041090
    2735      0.00039744
    2736      0.00040456
    2737      0.00043713
    2738      0.00045277
    2739      0.00037005
    2740      0.00032741
    2741      0.00038713
    2742      0.00044479
    2743      0.00052689
    2744      0.00056906
    2745      0.00054481
    2746      0.00061456
    2747      0.00069483
    2748      0.00061318
    2749      0.00057003
    2750      0.00060994
    2751      0.00062209
    2752      0.00068666
    2753      0.00070915
    2754      0.00068325
    2755      0.00068080
    2756      0.00067623
    2757      0.00065614
    2758      0.00061199
    2759      0.00057364
    2760      0.00056574
    2761      0.00060543
    2762      0.00067579
    2763      0.00074349
    2764      0.00075844
    2765      0.00075811
    2766      0.00079420
    2767      0.00083592
    2768      0.00083371
    2769      0.00082130
    2770      0.00084481
    2771      0.00088021
    2772      0.00089120
    2773      0.00082733
    2774      0.00070974
    2775      0.00067545
    2776      0.00073312
    2777      0.00070779
    2778      0.00063579
    2779      0.00064703
    2780      0.00068748
    2781      0.00073337
    2782      0.00073254
    2783      0.00073709
    2784      0.00080225
    2785      0.00082640
    2786      0.00086308
    2787      0.00087396
    2788      0.00092588
    2789      0.00101676
    2790      0.00103457
    2791      0.00101938
    2792      0.00100683
    2793      0.00093976
    2794      0.00081615
    2795      0.00077510
    2796      0.00081796
    2797      0.00087071
    2798      0.00092443
    2799      0.00099344
    2800      0.00102646
    2801      0.00102382
    2802      0.00098474
    2803      0.00095784
    2804      0.00100951
    2805      0.00099320
    2806      0.00090485
    2807      0.00088793
    2808      0.00085969
    2809      0.00089977
    2810      0.00104135
    2811      0.00105118
    2812      0.00092326
    2813      0.00085287
    2814      0.00090330
    2815      0.00088024
    2816      0.00083418
    2817      0.00077643
    2818      0.00066493
    2819      0.00065692
    2820      0.00065764
    2821      0.00063284
    2822      0.00068263
    2823      0.00074998
    2824      0.00076561
    2825      0.00072526
    2826      0.00074448
    2827      0.00080734
    2828      0.00078536
    2829      0.00067186
    2830      0.00062523
    2831      0.00065697
    2832      0.00062951
    2833      0.00055628
    2834      0.00046299
    2835      0.00042328
    2836      0.00035214
    2837      0.00025992
    2838      0.00030544
    2839      0.00040186
    2840      0.00044364
    2841      0.00051713
    2842      0.00066875
    2843      0.00076513
    2844      0.00073367
    2845      0.00075485
    2846      0.00085559
    2847      0.00087425
    2848      0.00084904
    2849      0.00080297
    2850      0.00073988
    2851      0.00069490
    2852      0.00070761
    2853      0.00076548
    2854      0.00080535
    2855      0.00078920
    2856      0.00080828
    2857      0.00080507
    2858      0.00078345
    2859      0.00078835
    2860      0.00083517
    2861      0.00093597
    2862      0.00093039
    2863      0.00085073
    2864      0.00079711
    2865      0.00078535
    2866      0.00078455
    2867      0.00074334
    2868      0.00068450
    2869      0.00068210
    2870      0.00068935
    2871      0.00068066
    2872      0.00063909
    2873      0.00057853
    2874      0.00056705
    2875      0.00059816
    2876      0.00058065
    2877      0.00053333
    2878      0.00058022
    2879      0.00061933
    2880      0.00060247
    2881      0.00059099
    2882      0.00059195
    2883      0.00053874
    2884      0.00043991
    2885      0.00040608
    2886      0.00037106
    2887      0.00025635
    2888      0.00017135
    2889      0.00015487
    2890      0.00014893
    2891      0.00013746
    2892      0.00006151
    2893     -0.00002731
    2894     -0.00005261
    2895     -0.00004822
    2896      0.00001242
    2897      0.00007631
    2898      0.00006843
    2899      0.00006466
    2900      0.00003892
    2901      0.00003384
    2902      0.00005627
    2903     -0.00000533
    2904     -0.00005198
    2905     -0.00003751
    2906      0.00000870
    2907      0.00000673
    2908     -0.00006556
    2909     -0.00008794
    2910     -0.00006726
    2911     -0.00010772
    2912     -0.00011717
    2913     -0.00010848
    2914     -0.00022506
    2915     -0.00032483
    2916     -0.00029672
    2917     -0.00019011
    2918     -0.00010650
    2919     -0.00009837
    2920     -0.00008785
    2921     -0.00007270
    2922     -0.00013827
    2923     -0.00021033
    2924     -0.00017597
    2925     -0.00016638
    2926     -0.00016823
    2927     -0.00014794
    2928     -0.00019304
    2929     -0.00022031
    2930     -0.00025744
    2931     -0.00028764
    2932     -0.00026923
    2933     -0.00030087
    2934     -0.00027856
    2935     -0.00015519
    2936     -0.00011801
    2937     -0.00015917
    2938     -0.00013005
    2939     -0.00007359
    2940     -0.00007398
    2941     -0.00006825
    2942      0.00000554
    2943      0.00002928
    2944     -0.00005557
    2945     -0.00011688
    2946     -0.00014088
    2947     -0.00013191
    2948     -0.00011897
    2949     -0.00015981
    2950     -0.00024447
    2951     -0.00030182
    2952     -0.00033092
    2953     -0.00034825
    2954     -0.00038324
    2955     -0.00039896
    2956     -0.00031499
    2957     -0.00027385
    2958     -0.00026033
    2959     -0.00018901
    2960     -0.00019191
    2961     -0.00028161
    2962     -0.00027640
    2963     -0.00028193
    2964     -0.00032692
    2965     -0.00036360
    2966     -0.00041509
    2967     -0.00048452
    2968     -0.00051470
    2969     -0.00050752
    2970     -0.00048978
    2971     -0.00045305
    2972     -0.00048835
    2973     -0.00054624
    2974     -0.00061428
    2975     -0.00067374
    2976     -0.00068577
    2977     -0.00063478
    2978     -0.00065727
    2979     -0.00067817
    2980     -0.00065376
    2981     -0.00069977
    2982     -0.00072417
    2983     -0.00074456
    2984     -0.00070570
    2985     -0.00062426
    2986     -0.00054460
    2987     -0.00050074
    2988     -0.00055827
    2989     -0.00075136
    2990     -0.00089351
    2991     -0.00088655
    2992     -0.00092080
    2993     -0.00091602
    2994     -0.00076124
    2995     -0.00075257
    2996     -0.00085348
    2997     -0.00083950
    2998     -0.00081344
    2999     -0.00085995
