       0      1.00031591
       1      0.99115736
       2      0.96552296
       3      0.92695649
       4      0.87870792
       5      0.82370226
       6      0.76446794
       7      0.70311652
       8      0.64140903
       9      0.58076308
      10      0.52226005
      11      0.46667519
      12      0.41456624
      13      0.36625198
      14      0.32187752
      15      0.28146600
      16      0.24492739
      17      0.21213294
      18      0.18289694
      19      0.15701672
      20      0.13425028
      21      0.11431557
      22      0.09694339
      23      0.08188779
      24      0.06893440
      25      0.05783559
      26      0.04835039
      27      0.04026657
      28      0.03339712
      29      0.02759447
      30      0.02272379
      31      0.01865621
      32      0.01527242
      33      0.01246953
      34      0.01014193
      35      0.00821538
      36      0.00664037
      37      0.00535514
      38      0.00431356
      39      0.00348489
      40      0.00283682
      41      0.00232646
      42      0.00192018
      43      0.00159528
      44      0.00133055
      45      0.00110475
      46      0.00091113
      47      0.00076376
      48      0.00066020
      49      0.00059337
