       0      1.00116537
       1      0.99870201
       2      0.99155834
       3      0.98006631
       4      0.96457701
       5      0.94545137
       6      0.92308189
       7      0.89784363
       8      0.87009690
       9      0.84021364
      10      0.80854905
      11      0.77543254
      12      0.74118454
      13      0.70611832
      14      0.67053109
      15      0.63469229
      16      0.59884385
      17      0.56321232
      18      0.52799764
      19      0.49339346
      20      0.45956722
      21      0.42665619
      22      0.39478792
      23      0.36406877
      24      0.33457572
      25      0.30638513
      26      0.27955422
      27      0.25412182
      28      0.23011093
      29      0.20752678
      30      0.18636791
      31      0.16662370
      32      0.14828469
      33      0.13132772
      34      0.11571025
      35      0.10137785
      36      0.08827672
      37      0.07636402
      38      0.06559455
      39      0.05590772
      40      0.04723971
      41      0.03953419
      42      0.03273863
      43      0.02678639
      44      0.02161162
      45      0.01715645
      46      0.01336447
      47      0.01018012
      48      0.00754491
      49      0.00540378
      50      0.00370333
      51      0.00239206
      52      0.00142287
      53      0.00075649
      54      0.00035745
      55      0.00018620
      56      0.00020613
      57      0.00038381
      58      0.00069241
      59      0.00110375
      60      0.00159263
      61      0.00214086
      62      0.00272448
      63      0.00332567
      64      0.00393273
      65      0.00453505
      66      0.00512365
      67      0.00569019
      68      0.00622938
      69      0.00673547
      70      0.00719594
      71      0.00760597
      72      0.00796783
      73      0.00827818
      74      0.00853637
      75      0.00873905
      76      0.00888285
      77      0.00897138
      78      0.00900630
      79      0.00899193
      80      0.00893049
      81      0.00882728
      82      0.00868718
      83      0.00851811
      84      0.00832289
      85      0.00810459
      86      0.00786796
      87      0.00761437
      88      0.00734837
      89      0.00707645
      90      0.00680189
      91      0.00652481
      92      0.00624656
      93      0.00596342
      94      0.00567936
      95      0.00540254
      96      0.00513325
      97      0.00486860
      98      0.00460704
      99      0.00434805
     100      0.00409859
     101      0.00386068
     102      0.00362752
     103      0.00339986
     104      0.00318329
     105      0.00298144
     106      0.00279118
     107      0.00260984
     108      0.00243534
     109      0.00226842
     110      0.00211357
     111      0.00196894
     112      0.00182980
     113      0.00169845
     114      0.00157539
     115      0.00146014
     116      0.00135157
     117      0.00124400
     118      0.00113651
     119      0.00102969
