       0      0.99959813
       1      0.99714351
       2      0.98995638
       3      0.97832504
       4      0.96258288
       5      0.94307408
       6      0.92015627
       7      0.89419739
       8      0.86556044
       9      0.83460970
      10      0.80169493
      11      0.76716709
      12      0.73138317
      13      0.69465737
      14      0.65729963
      15      0.61961778
      16      0.58187955
      17      0.54433059
      18      0.50720542
      19      0.47072066
      20      0.43506942
      21      0.40041949
      22      0.36692155
      23      0.33470698
      24      0.30388882
      25      0.27455932
      26      0.24678053
      27      0.22059299
      28      0.19602902
      29      0.17311239
      30      0.15185297
      31      0.13223548
      32      0.11423474
      33      0.09782112
      34      0.08295202
      35      0.06957753
      36      0.05764234
      37      0.04708464
      38      0.03783050
      39      0.02980271
      40      0.02292789
      41      0.01712962
      42      0.01232359
      43      0.00843772
      44      0.00539585
      45      0.00311720
      46      0.00152862
      47      0.00055841
      48      0.00013008
      49      0.00017116
      50      0.00061602
      51      0.00140252
      52      0.00247800
      53      0.00378170
      54      0.00525957
      55      0.00686723
      56      0.00856210
      57      0.01030921
      58      0.01207301
      59      0.01381461
      60      0.01550811
      61      0.01713635
      62      0.01867828
      63      0.02011220
      64      0.02142768
      65      0.02261551
      66      0.02366241
      67      0.02455830
      68      0.02530127
      69      0.02589233
      70      0.02632721
      71      0.02661123
      72      0.02675496
      73      0.02676058
      74      0.02663164
      75      0.02637813
      76      0.02601237
      77      0.02554280
      78      0.02497727
      79      0.02432660
      80      0.02359666
      81      0.02280012
      82      0.02195158
      83      0.02105732
      84      0.02012451
      85      0.01915983
      86      0.01817076
      87      0.01716912
      88      0.01616122
      89      0.01515343
      90      0.01415459
      91      0.01317556
      92      0.01221844
      93      0.01128192
      94      0.01037169
      95      0.00948970
      96      0.00864037
      97      0.00782892
      98      0.00705589
      99      0.00632319
     100      0.00563290
     101      0.00498986
     102      0.00439526
     103      0.00384339
     104      0.00333618
     105      0.00287798
     106      0.00247045
     107      0.00210542
     108      0.00177810
     109      0.00148919
     110      0.00123440
     111      0.00101209
     112      0.00082204
     113      0.00066410
     114      0.00053705
     115      0.00043245
     116      0.00034817
     117      0.00028648
     118      0.00024299
     119      0.00021326
