       0      0.99873201
       1      0.99399793
       2      0.98436752
       3      0.97428156
       4      0.96426490
       5      0.95446272
       6      0.94499477
       7      0.93567817
       8      0.92624747
       9      0.91703879
      10      0.90794373
      11      0.89885473
      12      0.88997106
      13      0.88114353
      14      0.87226807
      15      0.86349033
      16      0.85486651
      17      0.84623615
      18      0.83765403
      19      0.82933834
      20      0.82107563
      21      0.81287529
      22      0.80483534
      23      0.79667229
      24      0.78834349
      25      0.78042572
      26      0.77261543
      27      0.76460952
      28      0.75688397
      29      0.74929514
      30      0.74171073
      31      0.73443196
      32      0.72735159
      33      0.72025751
      34      0.71339263
      35      0.70633160
      36      0.69906462
      37      0.69196154
      38      0.68505620
      39      0.67834796
      40      0.67168561
      41      0.66499771
      42      0.65835302
      43      0.65172704
      44      0.64526771
      45      0.63880022
      46      0.63229675
      47      0.62603620
      48      0.61970002
      49      0.61333538
      50      0.60702249
      51      0.60107908
      52      0.59539399
      53      0.58949916
      54      0.58359674
      55      0.57776551
      56      0.57174233
      57      0.56583948
      58      0.56021686
      59      0.55472490
      60      0.54937881
      61      0.54389581
      62      0.53831618
      63      0.53276126
      64      0.52731001
      65      0.52208601
      66      0.51690929
      67      0.51175624
      68      0.50678939
      69      0.50176677
      70      0.49675119
      71      0.49172917
      72      0.48666110
      73      0.48175197
      74      0.47694249
      75      0.47205294
      76      0.46719659
      77      0.46245058
      78      0.45771570
      79      0.45311825
      80      0.44859044
      81      0.44409657
      82      0.43964739
      83      0.43515035
      84      0.43074584
      85      0.42645436
      86      0.42227320
      87      0.41820838
      88      0.41404367
      89      0.40999151
      90      0.40621419
      91      0.40215368
      92      0.39791767
      93      0.39387926
      94      0.38994213
      95      0.38612067
      96      0.38224575
      97      0.37844434
      98      0.37468403
      99      0.37085237
     100      0.36703922
     101      0.36341417
     102      0.35993041
     103      0.35643564
     104      0.35290582
     105      0.34932672
     106      0.34587125
     107      0.34249850
     108      0.33906271
     109      0.33553081
     110      0.33209670
     111      0.32870932
     112      0.32526026
     113      0.32205128
     114      0.31908919
     115      0.31613329
     116      0.31312160
     117      0.31017659
     118      0.30729171
     119      0.30426835
     120      0.30127019
     121      0.29840982
     122      0.29550976
     123      0.29256293
     124      0.28959371
     125      0.28675143
     126      0.28399389
     127      0.28124194
     128      0.27853214
     129      0.27586599
     130      0.27327541
     131      0.27065668
     132      0.26800859
     133      0.26557336
     134      0.26310921
     135      0.26036121
     136      0.25758627
     137      0.25502874
     138      0.25253539
     139      0.24991769
     140      0.24743837
     141      0.24507579
     142      0.24264089
     143      0.24015013
     144      0.23777408
     145      0.23533928
     146      0.23285053
     147      0.23040132
     148      0.22799972
     149      0.22564258
     150      0.22328194
     151      0.22110830
     152      0.21901563
     153      0.21684116
     154      0.21474034
     155      0.21276880
     156      0.21068450
     157      0.20845053
     158      0.20627391
     159      0.20423815
     160      0.20231439
     161      0.20044262
     162      0.19849171
     163      0.19647249
     164      0.19452834
     165      0.19256356
     166      0.19055231
     167      0.18866511
     168      0.18688062
     169      0.18514297
     170      0.18331994
     171      0.18146894
     172      0.17967592
     173      0.17778424
     174      0.17585314
     175      0.17404582
     176      0.17235930
     177      0.17074368
     178      0.16897164
     179      0.16724936
     180      0.16567149
     181      0.16401061
     182      0.16241771
     183      0.16093812
     184      0.15949775
     185      0.15806056
     186      0.15656056
     187      0.15491722
     188      0.15338587
     189      0.15193741
     190      0.15041365
     191      0.14895038
     192      0.14754174
     193      0.14607286
     194      0.14453901
     195      0.14301382
     196      0.14154036
     197      0.14007761
     198      0.13854195
     199      0.13708455
     200      0.13564073
     201      0.13417579
     202      0.13290993
     203      0.13165635
     204      0.13031162
     205      0.12901454
     206      0.12773772
     207      0.12648912
     208      0.12536274
     209      0.12422705
     210      0.12296623
     211      0.12165548
     212      0.12033090
     213      0.11911079
     214      0.11804032
     215      0.11688522
     216      0.11568085
     217      0.11455981
     218      0.11334187
     219      0.11215708
     220      0.11097420
     221      0.10979223
     222      0.10876381
     223      0.10758779
     224      0.10642510
     225      0.10533728
     226      0.10426550
     227      0.10328517
     228      0.10232861
     229      0.10136743
     230      0.10032198
     231      0.09929108
     232      0.09827047
     233      0.09727041
     234      0.09619884
     235      0.09505978
     236      0.09408093
     237      0.09321619
     238      0.09226493
     239      0.09125161
     240      0.09026460
     241      0.08933947
     242      0.08858403
     243      0.08784114
     244      0.08700761
     245      0.08612734
     246      0.08519059
     247      0.08435207
     248      0.08360805
     249      0.08277224
     250      0.08188395
     251      0.08102282
     252      0.08020780
     253      0.07933049
     254      0.07839176
     255      0.07755357
     256      0.07673792
     257      0.07589662
     258      0.07511889
     259      0.07440766
     260      0.07371581
     261      0.07308743
     262      0.07247002
     263      0.07178898
     264      0.07111193
     265      0.07034685
     266      0.06972623
     267      0.06919429
     268      0.06843597
     269      0.06766702
     270      0.06704203
     271      0.06649018
     272      0.06593842
     273      0.06525300
     274      0.06452509
     275      0.06394481
     276      0.06334525
     277      0.06269899
     278      0.06216969
     279      0.06165281
     280      0.06101129
     281      0.06032640
     282      0.05966633
     283      0.05907082
     284      0.05841126
     285      0.05779207
     286      0.05731630
     287      0.05690458
     288      0.05646079
     289      0.05587776
     290      0.05527013
     291      0.05477149
     292      0.05428316
     293      0.05365552
     294      0.05306480
     295      0.05252789
     296      0.05206723
     297      0.05171990
     298      0.05125415
     299      0.05077498
     300      0.05035379
     301      0.04980705
     302      0.04923285
     303      0.04867352
     304      0.04802000
     305      0.04740391
     306      0.04686826
     307      0.04639037
     308      0.04603989
     309      0.04569267
     310      0.04537904
     311      0.04503501
     312      0.04457225
     313      0.04418677
     314      0.04381272
     315      0.04324515
     316      0.04263278
     317      0.04212476
     318      0.04174320
     319      0.04138803
     320      0.04091688
     321      0.04038866
     322      0.03995274
     323      0.03959357
     324      0.03920271
     325      0.03872787
     326      0.03843454
     327      0.03828914
     328      0.03801103
     329      0.03762022
     330      0.03717944
     331      0.03671368
     332      0.03638210
     333      0.03605737
     334      0.03565111
     335      0.03529901
     336      0.03503487
     337      0.03477291
     338      0.03433522
     339      0.03398331
     340      0.03369708
     341      0.03330055
     342      0.03296514
     343      0.03268374
     344      0.03233547
     345      0.03187422
     346      0.03135960
     347      0.03102982
     348      0.03079040
     349      0.03051262
     350      0.03022158
     351      0.02998001
     352      0.02982439
     353      0.02967323
     354      0.02947431
     355      0.02926327
     356      0.02907577
     357      0.02889270
     358      0.02868041
     359      0.02841412
     360      0.02819181
     361      0.02802926
     362      0.02781028
     363      0.02759643
     364      0.02738915
     365      0.02719124
     366      0.02690691
     367      0.02650309
     368      0.02610915
     369      0.02585222
     370      0.02577271
     371      0.02553731
     372      0.02518771
     373      0.02481180
     374      0.02449037
     375      0.02432357
     376      0.02416298
     377      0.02391300
     378      0.02368658
     379      0.02343799
     380      0.02316433
     381      0.02281534
     382      0.02249749
     383      0.02221710
     384      0.02181062
     385      0.02152819
     386      0.02135892
     387      0.02114623
     388      0.02092941
     389      0.02069805
     390      0.02056952
     391      0.02045881
     392      0.02025486
     393      0.02000632
     394      0.01980825
     395      0.01968872
     396      0.01955272
     397      0.01936462
     398      0.01921672
     399      0.01901857
     400      0.01878846
     401      0.01853358
     402      0.01823028
     403      0.01798901
     404      0.01772228
     405      0.01744100
     406      0.01726235
     407      0.01707195
     408      0.01683516
     409      0.01666791
     410      0.01656516
     411      0.01640258
     412      0.01613138
     413      0.01583478
     414      0.01548277
     415      0.01525784
     416      0.01516988
     417      0.01494434
     418      0.01475040
     419      0.01464480
     420      0.01453598
     421      0.01439594
     422      0.01420924
     423      0.01403681
     424      0.01382564
     425      0.01366218
     426      0.01357757
     427      0.01351488
     428      0.01343980
     429      0.01321269
     430      0.01294016
     431      0.01273022
     432      0.01252641
     433      0.01230493
     434      0.01209544
     435      0.01197394
     436      0.01178324
     437      0.01154772
     438      0.01137842
     439      0.01129639
     440      0.01119551
     441      0.01108056
     442      0.01096505
     443      0.01084252
     444      0.01072478
     445      0.01048442
     446      0.01019861
     447      0.01007302
     448      0.01001711
     449      0.00997942
     450      0.00996471
     451      0.00990823
     452      0.00973701
     453      0.00952977
     454      0.00939892
     455      0.00930259
     456      0.00921055
     457      0.00906651
     458      0.00888681
     459      0.00873366
     460      0.00860661
     461      0.00857257
     462      0.00850426
     463      0.00840020
     464      0.00836977
     465      0.00842848
     466      0.00851614
     467      0.00850381
     468      0.00844804
     469      0.00834928
     470      0.00824801
     471      0.00806119
     472      0.00783762
     473      0.00764064
     474      0.00748054
     475      0.00745924
     476      0.00750423
     477      0.00751382
     478      0.00737765
     479      0.00730916
     480      0.00740851
     481      0.00738411
     482      0.00735319
     483      0.00740744
     484      0.00748134
     485      0.00745197
     486      0.00737913
     487      0.00739273
     488      0.00741221
     489      0.00740800
     490      0.00739845
     491      0.00734960
     492      0.00722053
     493      0.00715926
     494      0.00710844
     495      0.00708391
     496      0.00700431
     497      0.00688863
     498      0.00685273
     499      0.00676229
     500      0.00668935
     501      0.00664194
     502      0.00658051
     503      0.00648843
     504      0.00636153
     505      0.00631015
     506      0.00625890
     507      0.00609295
     508      0.00605373
     509      0.00606237
     510      0.00593462
     511      0.00593155
     512      0.00593156
     513      0.00582156
     514      0.00576912
     515      0.00576065
     516      0.00573722
     517      0.00563975
     518      0.00562121
     519      0.00561115
     520      0.00557600
     521      0.00555485
     522      0.00545135
     523      0.00535866
     524      0.00536585
     525      0.00533709
     526      0.00528375
     527      0.00518423
     528      0.00502727
     529      0.00498889
     530      0.00494752
     531      0.00478722
     532      0.00462081
     533      0.00451079
     534      0.00435051
     535      0.00430427
     536      0.00440735
     537      0.00437843
     538      0.00425826
     539      0.00429747
     540      0.00438025
     541      0.00434582
     542      0.00434334
     543      0.00437992
     544      0.00444326
     545      0.00449505
     546      0.00450516
     547      0.00450916
     548      0.00443971
     549      0.00441543
     550      0.00451019
     551      0.00453430
     552      0.00457115
     553      0.00460947
     554      0.00447670
     555      0.00437416
     556      0.00441825
     557      0.00442014
     558      0.00439391
     559      0.00427365
     560      0.00417803
     561      0.00415849
     562      0.00399989
     563      0.00375583
     564      0.00356129
     565      0.00341304
     566      0.00338758
     567      0.00352948
     568      0.00345517
     569      0.00330013
     570      0.00328924
     571      0.00325684
     572      0.00323192
     573      0.00313277
     574      0.00303878
     575      0.00308741
     576      0.00322108
     577      0.00332845
     578      0.00338445
     579      0.00341808
     580      0.00336812
     581      0.00324310
     582      0.00311151
     583      0.00295807
     584      0.00285768
     585      0.00266980
     586      0.00246920
     587      0.00234862
     588      0.00227006
     589      0.00228463
     590      0.00227116
     591      0.00224535
     592      0.00237530
     593      0.00249371
     594      0.00248457
     595      0.00242460
     596      0.00244216
     597      0.00254043
     598      0.00261423
     599      0.00267952
     600      0.00262747
     601      0.00250915
     602      0.00251774
     603      0.00259782
     604      0.00244398
     605      0.00229405
     606      0.00230655
     607      0.00226961
     608      0.00224442
     609      0.00225006
     610      0.00213780
     611      0.00200861
     612      0.00199904
     613      0.00196973
     614      0.00196006
     615      0.00196985
     616      0.00201551
     617      0.00194458
     618      0.00181574
     619      0.00182820
     620      0.00176514
     621      0.00162414
     622      0.00147374
     623      0.00137554
     624      0.00144863
     625      0.00148628
     626      0.00150514
     627      0.00168585
     628      0.00188537
     629      0.00189319
     630      0.00179288
     631      0.00175363
     632      0.00176499
     633      0.00177601
     634      0.00179064
     635      0.00176577
     636      0.00159419
     637      0.00152009
     638      0.00158249
     639      0.00151900
     640      0.00137213
     641      0.00128704
     642      0.00142769
     643      0.00152571
     644      0.00140211
     645      0.00128981
     646      0.00122902
     647      0.00122660
     648      0.00127254
     649      0.00131026
     650      0.00137917
     651      0.00155389
     652      0.00164714
     653      0.00158344
     654      0.00143676
     655      0.00141391
     656      0.00137498
     657      0.00126246
     658      0.00127050
     659      0.00123844
     660      0.00125287
     661      0.00135841
     662      0.00138289
     663      0.00134635
     664      0.00134317
     665      0.00133588
     666      0.00138164
     667      0.00147999
     668      0.00150172
     669      0.00152699
     670      0.00167562
     671      0.00171745
     672      0.00167535
     673      0.00166883
     674      0.00162098
     675      0.00167314
     676      0.00168085
     677      0.00169927
     678      0.00183103
     679      0.00183584
     680      0.00179901
     681      0.00184966
     682      0.00176799
     683      0.00167472
     684      0.00168798
     685      0.00166530
     686      0.00170190
     687      0.00172024
     688      0.00170687
     689      0.00169224
     690      0.00160708
     691      0.00162712
     692      0.00166628
     693      0.00161487
     694      0.00157720
     695      0.00158215
     696      0.00164554
     697      0.00177810
     698      0.00176998
     699      0.00152628
     700      0.00133617
     701      0.00122751
     702      0.00106849
     703      0.00104933
     704      0.00105628
     705      0.00102273
     706      0.00100337
     707      0.00098602
     708      0.00104731
     709      0.00101126
     710      0.00082262
     711      0.00078629
     712      0.00080678
     713      0.00076692
     714      0.00079059
     715      0.00082023
     716      0.00087636
     717      0.00087681
     718      0.00084310
     719      0.00083827
     720      0.00088813
     721      0.00102335
     722      0.00100803
     723      0.00085516
     724      0.00080469
     725      0.00079055
     726      0.00065959
     727      0.00060892
     728      0.00067477
     729      0.00072840
     730      0.00080743
     731      0.00088260
     732      0.00088041
     733      0.00098310
     734      0.00108830
     735      0.00106957
     736      0.00115431
     737      0.00134021
     738      0.00142270
     739      0.00136073
     740      0.00137839
     741      0.00144931
     742      0.00137619
     743      0.00134118
     744      0.00132520
     745      0.00130968
     746      0.00137380
     747      0.00141081
     748      0.00136173
     749      0.00134082
