       0      0.99975714
       1      0.99029600
       2      0.96307607
       3      0.92074545
       4      0.86615472
       5      0.80222669
       6      0.73181554
       7      0.65758410
       8      0.58197842
       9      0.50714275
      10      0.43487507
      11      0.36664084
      12      0.30352576
      13      0.24629351
      14      0.19544492
      15      0.15119410
      16      0.11353005
      17      0.08224709
      18      0.05696393
      19      0.03718881
      20      0.02236563
      21      0.01186407
      22      0.00504975
      23      0.00131035
      24      0.00003059
      25      0.00062211
      26      0.00256595
      27      0.00540304
      28      0.00873710
      29      0.01225839
      30      0.01570691
      31      0.01886688
      32      0.02158479
      33      0.02376096
      34      0.02534855
      35      0.02633245
      36      0.02671616
      37      0.02655479
      38      0.02591223
      39      0.02486113
      40      0.02347623
      41      0.02181488
      42      0.01995418
      43      0.01798633
      44      0.01598014
      45      0.01399165
      46      0.01206130
      47      0.01021115
      48      0.00847989
      49      0.00690429
      50      0.00549971
      51      0.00426066
      52      0.00317704
      53      0.00226189
      54      0.00151230
      55      0.00092640
      56      0.00048468
      57      0.00016378
      58     -0.00004717
      59     -0.00016665
