       0      1.00076380
       1      1.00035960
       2      0.99918602
       3      0.99727169
       4      0.99463973
       5      0.99131843
       6      0.98733969
       7      0.98273274
       8      0.97753028
       9      0.97176063
      10      0.96545101
      11      0.95862992
      12      0.95132289
      13      0.94355673
      14      0.93535702
      15      0.92675054
      16      0.91776040
      17      0.90841088
      18      0.89872579
      19      0.88872950
      20      0.87844428
      21      0.86789031
      22      0.85709163
      23      0.84606980
      24      0.83484429
      25      0.82343201
      26      0.81185105
      27      0.80012234
      28      0.78826694
      29      0.77630296
      30      0.76424356
      31      0.75210188
      32      0.73989324
      33      0.72763277
      34      0.71533602
      35      0.70301723
      36      0.69068740
      37      0.67835688
      38      0.66603924
      39      0.65374876
      40      0.64149183
      41      0.62927558
      42      0.61711258
      43      0.60501018
      44      0.59297524
      45      0.58101690
      46      0.56914290
      47      0.55736280
      48      0.54568397
      49      0.53411291
      50      0.52265445
      51      0.51131282
      52      0.50009422
      53      0.48900226
      54      0.47804163
      55      0.46722122
      56      0.45654304
      57      0.44600485
      58      0.43561126
      59      0.42536387
      60      0.41526446
      61      0.40531720
      62      0.39552218
      63      0.38588066
      64      0.37639392
      65      0.36706265
      66      0.35789043
      67      0.34887800
      68      0.34002503
      69      0.33133096
      70      0.32279280
      71      0.31440927
      72      0.30618302
      73      0.29811158
      74      0.29019361
      75      0.28243250
      76      0.27482603
      77      0.26737109
      78      0.26006843
      79      0.25291891
      80      0.24592064
      81      0.23907151
      82      0.23236921
      83      0.22581262
      84      0.21940184
      85      0.21313611
      86      0.20701184
      87      0.20102635
      88      0.19517749
      89      0.18946509
      90      0.18389146
      91      0.17845190
      92      0.17314188
      93      0.16796222
      94      0.16291027
      95      0.15798191
      96      0.15317573
      97      0.14849216
      98      0.14392856
      99      0.13948287
     100      0.13515638
     101      0.13094566
     102      0.12684522
     103      0.12285456
     104      0.11897244
     105      0.11519415
     106      0.11151821
     107      0.10794292
     108      0.10446538
     109      0.10108359
     110      0.09779470
     111      0.09459732
     112      0.09149049
     113      0.08847203
     114      0.08554018
     115      0.08269270
     116      0.07992636
     117      0.07724031
     118      0.07463493
     119      0.07210660
     120      0.06965157
     121      0.06726877
     122      0.06495716
     123      0.06271597
     124      0.06054309
     125      0.05843420
     126      0.05638838
     127      0.05440566
     128      0.05248359
     129      0.05062217
     130      0.04881959
     131      0.04707291
     132      0.04538106
     133      0.04374211
     134      0.04215419
     135      0.04061630
     136      0.03912833
     137      0.03768786
     138      0.03629216
     139      0.03494191
     140      0.03363758
     141      0.03237827
     142      0.03116087
     143      0.02998410
     144      0.02884840
     145      0.02775032
     146      0.02668797
     147      0.02566054
     148      0.02466755
     149      0.02370775
     150      0.02278138
     151      0.02188869
     152      0.02102725
     153      0.02019644
     154      0.01939510
     155      0.01862331
     156      0.01787999
     157      0.01716245
     158      0.01647005
     159      0.01580274
     160      0.01515861
     161      0.01453607
     162      0.01393714
     163      0.01336016
     164      0.01280246
     165      0.01226480
     166      0.01174694
     167      0.01124852
     168      0.01076999
     169      0.01031041
     170      0.00986807
     171      0.00944353
     172      0.00903593
     173      0.00864266
     174      0.00826342
     175      0.00789765
     176      0.00754473
     177      0.00720495
     178      0.00687923
     179      0.00656747
     180      0.00626765
     181      0.00597852
     182      0.00569984
     183      0.00543228
     184      0.00517515
     185      0.00492730
     186      0.00468821
     187      0.00445910
     188      0.00424107
     189      0.00403264
     190      0.00383243
     191      0.00364072
     192      0.00345758
     193      0.00328234
     194      0.00311448
     195      0.00295474
     196      0.00280168
     197      0.00265430
     198      0.00251472
     199      0.00238240
     200      0.00225673
     201      0.00213828
     202      0.00202574
     203      0.00191739
     204      0.00181383
     205      0.00171665
     206      0.00162527
     207      0.00153765
     208      0.00145250
     209      0.00137111
     210      0.00129444
     211      0.00122196
     212      0.00115305
     213      0.00108636
     214      0.00102288
     215      0.00096321
     216      0.00090673
     217      0.00085385
     218      0.00080454
     219      0.00075818
     220      0.00071336
     221      0.00067035
     222      0.00063003
     223      0.00059315
     224      0.00055909
     225      0.00052857
     226      0.00050080
     227      0.00047333
     228      0.00044677
     229      0.00042107
     230      0.00039584
     231      0.00037193
     232      0.00034892
     233      0.00032598
     234      0.00030391
     235      0.00028259
     236      0.00026215
     237      0.00024350
     238      0.00022720
     239      0.00021156
     240      0.00019505
     241      0.00017935
     242      0.00016421
     243      0.00014883
     244      0.00013485
     245      0.00012204
     246      0.00010961
     247      0.00009808
     248      0.00008649
     249      0.00007604
     250      0.00006704
     251      0.00005844
     252      0.00005029
     253      0.00004263
     254      0.00003667
     255      0.00003258
     256      0.00002959
     257      0.00002632
     258      0.00002323
     259      0.00002200
     260      0.00002191
     261      0.00002176
     262      0.00002253
     263      0.00002412
     264      0.00002514
     265      0.00002540
     266      0.00002586
     267      0.00002601
     268      0.00002412
     269      0.00001925
     270      0.00001264
     271      0.00000503
     272     -0.00000161
     273     -0.00000699
     274     -0.00001301
     275     -0.00001955
     276     -0.00002757
     277     -0.00003548
     278     -0.00004147
     279     -0.00004638
     280     -0.00005024
     281     -0.00005317
     282     -0.00005614
     283     -0.00005971
     284     -0.00006323
     285     -0.00006491
     286     -0.00006551
     287     -0.00006776
     288     -0.00007050
     289     -0.00007249
     290     -0.00007417
     291     -0.00007518
     292     -0.00007662
     293     -0.00007830
     294     -0.00007909
     295     -0.00007911
     296     -0.00007854
     297     -0.00007834
     298     -0.00007880
     299     -0.00007998
