       0      1.00131629
       1      0.99224198
       2      0.96691585
       3      0.92910325
       4      0.88214251
       5      0.82893389
       6      0.77198412
       7      0.71333716
       8      0.65456382
       9      0.59688184
      10      0.54121060
      11      0.48822893
      12      0.43843269
      13      0.39210279
      14      0.34933366
      15      0.31014125
      16      0.27446075
      17      0.24215636
      18      0.21306235
      19      0.18700037
      20      0.16374388
      21      0.14304876
      22      0.12470517
      23      0.10850684
      24      0.09423389
      25      0.08168645
      26      0.07068244
      27      0.06105362
      28      0.05265899
      29      0.04534583
      30      0.03897704
      31      0.03343998
      32      0.02863238
      33      0.02448990
      34      0.02095465
      35      0.01793135
      36      0.01532944
      37      0.01307680
      38      0.01113581
      39      0.00948474
      40      0.00808766
      41      0.00687896
      42      0.00583683
      43      0.00496758
      44      0.00424323
      45      0.00363140
      46      0.00313350
      47      0.00274072
      48      0.00240882
      49      0.00212245
      50      0.00188506
      51      0.00168211
      52      0.00150922
      53      0.00135059
      54      0.00117741
      55      0.00102536
      56      0.00091498
      57      0.00082914
      58      0.00074505
      59      0.00067397
