       0      0.99950994
       1      0.99693496
       2      0.98948035
       3      0.97732372
       4      0.96067648
       5      0.93978936
       6      0.91495499
       7      0.88647920
       8      0.85469183
       9      0.81995233
      10      0.78263313
      11      0.74312906
      12      0.70183574
      13      0.65913999
      14      0.61543221
      15      0.57110981
      16      0.52655913
      17      0.48214924
      18      0.43823585
      19      0.39515760
      20      0.35324537
      21      0.31280229
      22      0.27409496
      23      0.23736822
      24      0.20284975
      25      0.17072850
      26      0.14116534
      27      0.11429084
      28      0.09019326
      29      0.06894001
      30      0.05057601
      31      0.03512315
      32      0.02256689
      33      0.01286196
      34      0.00594086
      35      0.00170710
      36      0.00004719
      37      0.00083245
      38      0.00391214
      39      0.00911815
      40      0.01626897
      41      0.02517725
      42      0.03564253
      43      0.04745754
      44      0.06041461
      45      0.07430281
      46      0.08890761
      47      0.10401625
      48      0.11942635
      49      0.13493936
      50      0.15035423
      51      0.16548673
      52      0.18016998
      53      0.19424403
      54      0.20756086
      55      0.21998084
      56      0.23138093
      57      0.24166293
      58      0.25073915
      59      0.25853726
      60      0.26499818
      61      0.27008416
      62      0.27377319
      63      0.27604818
      64      0.27691028
      65      0.27638498
      66      0.27451060
      67      0.27132601
      68      0.26688569
      69      0.26125106
      70      0.25450120
      71      0.24672703
      72      0.23802251
      73      0.22848669
      74      0.21821828
      75      0.20732515
      76      0.19591749
      77      0.18410354
      78      0.17200338
      79      0.15972748
      80      0.14737926
      81      0.13506361
      82      0.12288110
      83      0.11092522
      84      0.09928126
      85      0.08803467
      86      0.07726349
      87      0.06703713
      88      0.05741561
      89      0.04844899
      90      0.04018409
      91      0.03266076
      92      0.02590601
      93      0.01994184
      94      0.01478134
      95      0.01042915
      96      0.00687927
      97      0.00411399
      98      0.00211988
      99      0.00088031
     100      0.00035993
     101      0.00051952
     102      0.00132241
     103      0.00272511
     104      0.00467467
     105      0.00711338
     106      0.00998490
     107      0.01323441
     108      0.01680329
     109      0.02062521
     110      0.02464170
     111      0.02880156
     112      0.03304856
     113      0.03732661
     114      0.04158069
     115      0.04575781
     116      0.04981383
     117      0.05370458
     118      0.05737904
     119      0.06080106
     120      0.06394401
     121      0.06677834
     122      0.06928352
     123      0.07143704
     124      0.07321864
     125      0.07461668
     126      0.07562894
     127      0.07625635
     128      0.07649934
     129      0.07636427
     130      0.07586273
     131      0.07501195
     132      0.07381973
     133      0.07229727
     134      0.07047185
     135      0.06836163
     136      0.06598559
     137      0.06337693
     138      0.06056402
     139      0.05757925
     140      0.05445767
     141      0.05122404
     142      0.04790478
     143      0.04453319
     144      0.04114020
     145      0.03775063
     146      0.03439329
     147      0.03109622
     148      0.02788055
     149      0.02476760
     150      0.02178215
     151      0.01894122
     152      0.01626311
     153      0.01377057
     154      0.01147599
     155      0.00938587
     156      0.00750695
     157      0.00584277
     158      0.00439752
     159      0.00317250
     160      0.00216645
     161      0.00138050
     162      0.00081212
     163      0.00045309
     164      0.00028855
     165      0.00030670
     166      0.00050018
     167      0.00085616
     168      0.00135933
     169      0.00199879
     170      0.00275800
     171      0.00361905
     172      0.00457104
     173      0.00560147
     174      0.00668929
     175      0.00781317
     176      0.00895894
     177      0.01011330
     178      0.01126463
     179      0.01240177
     180      0.01350546
     181      0.01456275
     182      0.01556603
     183      0.01650134
     184      0.01735896
     185      0.01813973
     186      0.01883849
     187      0.01944270
     188      0.01994733
     189      0.02035039
     190      0.02065076
     191      0.02084865
     192      0.02093828
     193      0.02091672
     194      0.02079003
     195      0.02056363
     196      0.02024748
     197      0.01984303
     198      0.01935451
     199      0.01878827
     200      0.01814663
     201      0.01744171
     202      0.01668087
     203      0.01587956
     204      0.01504734
     205      0.01419327
     206      0.01331918
     207      0.01242872
     208      0.01153391
     209      0.01064193
     210      0.00975677
     211      0.00888575
     212      0.00803625
     213      0.00721244
     214      0.00641796
     215      0.00566377
     216      0.00495343
     217      0.00428858
     218      0.00367645
     219      0.00311901
     220      0.00261854
     221      0.00217517
     222      0.00178962
     223      0.00145794
     224      0.00117853
     225      0.00095583
     226      0.00078641
     227      0.00066717
     228      0.00059557
     229      0.00056882
     230      0.00058825
     231      0.00064967
     232      0.00074721
     233      0.00087780
     234      0.00103792
     235      0.00122571
     236      0.00144058
     237      0.00167870
     238      0.00193370
     239      0.00220191
     240      0.00247737
     241      0.00275907
     242      0.00305057
     243      0.00334695
     244      0.00364390
     245      0.00393860
     246      0.00422008
     247      0.00448200
     248      0.00472614
     249      0.00494900
     250      0.00514408
     251      0.00531699
     252      0.00546600
     253      0.00558513
     254      0.00567669
     255      0.00574247
     256      0.00578474
     257      0.00580526
     258      0.00579668
     259      0.00575483
     260      0.00568444
     261      0.00559114
     262      0.00548028
     263      0.00534857
     264      0.00519198
     265      0.00501109
     266      0.00480979
     267      0.00458941
     268      0.00435903
     269      0.00412516
     270      0.00388079
     271      0.00362525
     272      0.00336163
     273      0.00309396
     274      0.00282677
     275      0.00256557
     276      0.00231317
     277      0.00206572
     278      0.00182179
     279      0.00158015
     280      0.00134617
     281      0.00112406
     282      0.00092190
     283      0.00074255
     284      0.00058182
     285      0.00043786
     286      0.00030425
     287      0.00018004
     288      0.00006792
     289     -0.00002469
     290     -0.00009823
     291     -0.00015548
     292     -0.00019334
     293     -0.00021649
     294     -0.00022406
     295     -0.00021235
     296     -0.00018867
     297     -0.00015506
     298     -0.00011099
     299     -0.00005898
