       0      0.99918789
       1      0.99679399
       2      0.98976520
       3      0.97847689
       4      0.96331612
       5      0.94468084
       6      0.92296090
       7      0.89853770
       8      0.87179323
       9      0.84308672
      10      0.81275494
      11      0.78113077
      12      0.74851557
      13      0.71518475
      14      0.68140796
      15      0.64743076
      16      0.61348480
      17      0.57977353
      18      0.54647147
      19      0.51373445
      20      0.48169591
      21      0.45049037
      22      0.42023524
      23      0.39101018
      24      0.36288014
      25      0.33590595
      26      0.31013323
      27      0.28559012
      28      0.26228677
      29      0.24023672
      30      0.21943838
      31      0.19987307
      32      0.18153004
      33      0.16439207
      34      0.14842425
      35      0.13358858
      36      0.11984137
      37      0.10713833
      38      0.09544248
      39      0.08471512
      40      0.07490612
      41      0.06596408
      42      0.05783699
      43      0.05047482
      44      0.04383465
      45      0.03786986
      46      0.03252930
      47      0.02777282
      48      0.02355735
      49      0.01983561
      50      0.01656847
      51      0.01371494
      52      0.01124138
      53      0.00910732
      54      0.00727717
      55      0.00572553
      56      0.00441894
      57      0.00332789
      58      0.00243368
      59      0.00171876
      60      0.00116083
      61      0.00073495
      62      0.00042472
      63      0.00021489
      64      0.00008924
      65      0.00003274
      66      0.00003554
      67      0.00008818
      68      0.00017739
      69      0.00029701
      70      0.00043283
      71      0.00057820
      72      0.00073528
      73      0.00089477
      74      0.00104569
      75      0.00118485
      76      0.00131648
      77      0.00144361
      78      0.00156443
      79      0.00167605
      80      0.00177312
      81      0.00184958
      82      0.00191065
      83      0.00196093
      84      0.00199994
      85      0.00203061
      86      0.00204793
      87      0.00204724
      88      0.00203086
      89      0.00200460
      90      0.00197354
      91      0.00193741
      92      0.00189116
      93      0.00183540
      94      0.00177481
      95      0.00171212
      96      0.00165067
      97      0.00158508
      98      0.00151281
      99      0.00143759
     100      0.00136094
     101      0.00128580
     102      0.00120986
     103      0.00112806
     104      0.00103958
     105      0.00094879
     106      0.00085555
     107      0.00076233
     108      0.00067970
     109      0.00060554
