       0      0.99630877
       1      0.98653595
       2      0.95752362
       3      0.91058002
       4      0.84772972
       5      0.77156609
       6      0.68513400
       7      0.59188334
       8      0.49545957
       9      0.39952702
      10      0.30770321
      11      0.22338223
      12      0.14956685
      13      0.08878798
      14      0.04302552
      15      0.01360244
      16      0.00116071
      17      0.00570885
      18      0.02657400
      19      0.06244278
      20      0.11143133
      21      0.17118214
      22      0.23898686
      23      0.31183903
      24      0.38658135
      25      0.46004587
      26      0.52922328
      27      0.59133363
      28      0.64388309
      29      0.68483661
      30      0.71268072
      31      0.72642153
      32      0.72564208
      33      0.71053517
      34      0.68184632
      35      0.64080926
      36      0.58914410
      37      0.52899093
      38      0.46275577
      39      0.39301339
      40      0.32246983
      41      0.25380698
      42      0.18953016
      43      0.13195691
      44      0.08309537
      45      0.04457976
      46      0.01761855
      47      0.00294465
      48      0.00076301
      49      0.01078468
      50      0.03226588
      51      0.06402463
      52      0.10449041
      53      0.15177712
      54      0.20374773
      55      0.25812703
      56      0.31262217
      57      0.36495755
      58      0.41301382
      59      0.45486656
      60      0.48887793
      61      0.51376094
      62      0.52860089
      63      0.53289877
      64      0.52656543
      65      0.50996786
      66      0.48387369
      67      0.44938786
      68      0.40794615
      69      0.36122015
      70      0.31105562
      71      0.25940806
      72      0.20822630
      73      0.15942122
      74      0.11480786
      75      0.07599411
      76      0.04429001
      77      0.02070801
      78      0.00594229
      79      0.00031324
      80      0.00375933
      81      0.01586291
      82      0.03588259
      83      0.06279693
      84      0.09533846
      85      0.13201919
      86      0.17121603
      87      0.21126947
      88      0.25048384
      89      0.28722467
      90      0.32001806
      91      0.34754441
      92      0.36872579
      93      0.38279179
      94      0.38926084
      95      0.38796172
      96      0.37904065
      97      0.36292842
      98      0.34028347
      99      0.31206140
     100      0.27942467
     101      0.24368258
     102      0.20624949
     103      0.16856876
     104      0.13204769
     105      0.09801686
     106      0.06769603
     107      0.04213650
     108      0.02219914
     109      0.00849806
     110      0.00137869
     111      0.00092450
     112      0.00695681
     113      0.01904745
     114      0.03653318
     115      0.05854925
     116      0.08408685
     117      0.11200589
     118      0.14109396
     119      0.17012279
     120      0.19787226
     121      0.22320377
     122      0.24510486
     123      0.26271884
     124      0.27537573
     125      0.28261099
     126      0.28419896
     127      0.28014240
     128      0.27062860
     129      0.25609186
     130      0.23717175
     131      0.21463940
     132      0.18941013
     133      0.16250156
     134      0.13493887
     135      0.10777318
     136      0.08203743
     137      0.05866024
     138      0.03846159
     139      0.02212626
     140      0.01017075
     141      0.00292048
     142      0.00052847
     143      0.00294467
     144      0.00992326
     145      0.02106738
     146      0.03581808
     147      0.05347791
     148      0.07323958
     149      0.09423488
     150      0.11556985
     151      0.13633990
     152      0.15568301
     153      0.17282023
     154      0.18708155
     155      0.19794428
     156      0.20500168
     157      0.20797493
     158      0.20678060
     159      0.20152612
     160      0.19248424
     161      0.18005175
     162      0.16474502
     163      0.14716920
     164      0.12799604
     165      0.10797470
     166      0.08786502
     167      0.06841790
     168      0.05035748
     169      0.03433095
     170      0.02090732
     171      0.01054500
     172      0.00355536
     173      0.00010901
     174      0.00025896
     175      0.00388197
     176      0.01071639
     177      0.02040240
     178      0.03245805
     179      0.04632831
     180      0.06139754
     181      0.07704810
     182      0.09262563
     183      0.10745271
     184      0.12092804
     185      0.13252722
     186      0.14180102
     187      0.14839381
     188      0.15208085
     189      0.15273495
     190      0.15034469
     191      0.14503640
     192      0.13704486
     193      0.12672586
     194      0.11451873
     195      0.10090430
     196      0.08641911
     197      0.07161128
     198      0.05703718
     199      0.04325490
     200      0.03076441
     201      0.01999488
     202      0.01131920
     203      0.00502590
     204      0.00127989
     205      0.00014949
     206      0.00160207
     207      0.00548952
     208      0.01158496
     209      0.01958299
     210      0.02910235
     211      0.03972659
     212      0.05099660
     213      0.06242637
     214      0.07354395
     215      0.08388296
     216      0.09303317
     217      0.10063810
     218      0.10639403
     219      0.11008735
     220      0.11158295
     221      0.11085007
     222      0.10794068
     223      0.10296323
     224      0.09614624
     225      0.08779921
     226      0.07826235
     227      0.06791124
     228      0.05713938
     229      0.04635065
     230      0.03594607
     231      0.02633002
     232      0.01785812
     233      0.01080954
     234      0.00541788
     235      0.00184898
     236      0.00018037
     237      0.00042225
     238      0.00251076
     239      0.00631123
     240      0.01161517
     241      0.01816259
     242      0.02563502
     243      0.03368599
     244      0.04197179
     245      0.05013489
     246      0.05783755
     247      0.06476922
     248      0.07066302
     249      0.07529717
     250      0.07851119
     251      0.08019150
     252      0.08028720
     253      0.07881068
     254      0.07581629
     255      0.07144117
     256      0.06587065
     257      0.05934069
     258      0.05211294
     259      0.04447436
     260      0.03672948
     261      0.02915838
     262      0.02202655
     263      0.01559128
     264      0.01008256
     265      0.00570697
     266      0.00260667
     267      0.00083583
     268      0.00041181
     269      0.00133279
     270      0.00353666
     271      0.00688612
     272      0.01121153
     273      0.01631035
     274      0.02194535
     275      0.02786886
     276      0.03382923
     277      0.03957718
     278      0.04487796
     279      0.04953196
     280      0.05333772
     281      0.05614179
     282      0.05786756
     283      0.05847096
     284      0.05792591
     285      0.05624196
     286      0.05348871
     287      0.04979832
     288      0.04533243
     289      0.04028824
     290      0.03487363
     291      0.02928984
     292      0.02374848
     293      0.01846197
     294      0.01362577
     295      0.00939261
     296      0.00590310
     297      0.00327263
     298      0.00159110
     299      0.00089943
     300      0.00117449
     301      0.00236818
     302      0.00441506
     303      0.00720499
     304      0.01060109
     305      0.01446385
     306      0.01862503
     307      0.02290737
     308      0.02712970
     309      0.03111381
     310      0.03468658
     311      0.03770063
     312      0.04004666
     313      0.04164649
     314      0.04244675
     315      0.04242041
     316      0.04158288
     317      0.03997226
     318      0.03765457
     319      0.03473894
     320      0.03132972
     321      0.02754347
     322      0.02354675
     323      0.01949415
     324      0.01553152
     325      0.01180459
     326      0.00846021
     327      0.00561901
     328      0.00335694
     329      0.00175744
     330      0.00087711
     331      0.00072505
     332      0.00125751
     333      0.00243549
     334      0.00421796
     335      0.00651596
     336      0.00922021
     337      0.01221120
     338      0.01535746
     339      0.01851692
     340      0.02155598
     341      0.02434637
     342      0.02679322
     343      0.02881064
     344      0.03032042
     345      0.03126438
     346      0.03159961
     347      0.03133304
     348      0.03049630
     349      0.02910222
     350      0.02721180
     351      0.02491087
     352      0.02227618
     353      0.01942426
     354      0.01647681
     355      0.01353984
     356      0.01070926
     357      0.00808828
     358      0.00578906
     359      0.00389205
     360      0.00243472
     361      0.00146049
     362      0.00102725
     363      0.00114207
     364      0.00177171
     365      0.00287112
     366      0.00438302
     367      0.00623006
     368      0.00832378
     369      0.01058379
     370      0.01291721
     371      0.01520966
     372      0.01735532
     373      0.01926075
     374      0.02085530
     375      0.02209584
     376      0.02294958
     377      0.02337841
     378      0.02335855
     379      0.02289246
     380      0.02199846
     381      0.02071951
     382      0.01911218
     383      0.01722908
     384      0.01512941
     385      0.01291825
     386      0.01068185
     387      0.00848468
     388      0.00641893
     389      0.00456753
     390      0.00299533
     391      0.00175521
     392      0.00088025
     393      0.00037418
     394      0.00024339
     395      0.00048057
     396      0.00106484
     397      0.00196666
     398      0.00314252
     399      0.00454828
     400      0.00610780
     401      0.00775231
     402      0.00941521
     403      0.01101310
     404      0.01249330
     405      0.01379486
     406      0.01486105
     407      0.01564988
     408      0.01613595
     409      0.01631317
     410      0.01617410
     411      0.01572558
     412      0.01498870
     413      0.01398018
     414      0.01273730
     415      0.01132973
     416      0.00982729
     417      0.00828818
     418      0.00676840
     419      0.00531138
     420      0.00395039
     421      0.00275216
     422      0.00178697
     423      0.00106561
     424      0.00059118
     425      0.00037706
     426      0.00044237
     427      0.00077936
     428      0.00136167
     429      0.00216676
     430      0.00315201
     431      0.00428196
     432      0.00549830
     433      0.00673516
     434      0.00795840
     435      0.00911497
     436      0.01014285
     437      0.01100629
     438      0.01167004
     439      0.01210481
     440      0.01228217
     441      0.01219463
     442      0.01186196
     443      0.01132311
     444      0.01060600
     445      0.00972310
     446      0.00870396
     447      0.00759863
     448      0.00644847
     449      0.00528178
     450      0.00413368
     451      0.00304212
     452      0.00205887
     453      0.00123646
     454      0.00058954
     455      0.00013222
     456     -0.00011825
     457     -0.00015461
     458      0.00000834
     459      0.00035789
     460      0.00088925
     461      0.00156570
     462      0.00234180
     463      0.00318559
     464      0.00406990
     465      0.00493846
     466      0.00576350
     467      0.00651450
     468      0.00715027
     469      0.00763235
     470      0.00793495
     471      0.00805520
     472      0.00799776
     473      0.00776384
     474      0.00735149
     475      0.00677272
     476      0.00605646
     477      0.00523328
     478      0.00432934
     479      0.00338610
     480      0.00244137
     481      0.00152538
     482      0.00067671
     483     -0.00006902
     484     -0.00068865
     485     -0.00116237
     486     -0.00147067
     487     -0.00160468
     488     -0.00156675
     489     -0.00135560
     490     -0.00098675
     491     -0.00046507
     492      0.00016970
     493      0.00086331
     494      0.00160182
     495      0.00236273
     496      0.00311288
     497      0.00380685
     498      0.00441196
     499      0.00492647
     500      0.00534697
     501      0.00565003
     502      0.00581764
     503      0.00584223
     504      0.00571828
     505      0.00544572
     506      0.00503989
     507      0.00451382
     508      0.00389281
     509      0.00321241
     510      0.00249581
     511      0.00176329
     512      0.00103083
     513      0.00033708
     514     -0.00025443
     515     -0.00072878
     516     -0.00108780
     517     -0.00132432
     518     -0.00142849
     519     -0.00137911
     520     -0.00118603
     521     -0.00086197
     522     -0.00042691
     523      0.00009257
     524      0.00066421
     525      0.00126259
     526      0.00187283
     527      0.00247125
     528      0.00302309
     529      0.00351427
     530      0.00392814
     531      0.00424248
     532      0.00444429
     533      0.00452213
     534      0.00447116
     535      0.00428956
     536      0.00398902
     537      0.00359676
     538      0.00313301
     539      0.00261496
     540      0.00206884
     541      0.00151705
     542      0.00098559
     543      0.00049660
     544      0.00006378
     545     -0.00029138
     546     -0.00055324
     547     -0.00073057
     548     -0.00082724
     549     -0.00081577
     550     -0.00069501
     551     -0.00048038
     552     -0.00018719
     553      0.00017548
     554      0.00059768
     555      0.00104251
     556      0.00148596
     557      0.00192145
     558      0.00233955
     559      0.00272527
     560      0.00305420
     561      0.00330080
     562      0.00346578
     563      0.00355712
     564      0.00356701
     565      0.00348169
     566      0.00331188
     567      0.00307704
     568      0.00278176
     569      0.00243354
     570      0.00205938
     571      0.00168188
     572      0.00129715
     573      0.00090561
     574      0.00052391
     575      0.00017770
     576     -0.00012198
     577     -0.00036974
     578     -0.00053635
     579     -0.00062399
     580     -0.00063771
     581     -0.00058304
     582     -0.00046577
     583     -0.00028854
     584     -0.00005995
     585      0.00020245
     586      0.00047277
     587      0.00073458
     588      0.00098676
     589      0.00122014
     590      0.00142225
     591      0.00158704
     592      0.00170175
     593      0.00175958
     594      0.00175391
     595      0.00168593
     596      0.00156956
     597      0.00140954
     598      0.00122134
     599      0.00103309
     600      0.00084654
     601      0.00066306
     602      0.00048758
     603      0.00032924
     604      0.00018864
     605      0.00006202
     606     -0.00005897
     607     -0.00016908
     608     -0.00024103
     609     -0.00026693
     610     -0.00025780
     611     -0.00021960
     612     -0.00014269
     613     -0.00001231
     614      0.00016045
     615      0.00035310
     616      0.00056080
     617      0.00079133
     618      0.00103400
     619      0.00127618
     620      0.00150156
     621      0.00170201
     622      0.00187482
     623      0.00201145
     624      0.00210565
     625      0.00216210
     626      0.00216357
     627      0.00210874
     628      0.00200332
     629      0.00184924
     630      0.00166416
     631      0.00145226
     632      0.00121153
     633      0.00095567
     634      0.00070155
     635      0.00046409
     636      0.00025301
     637      0.00007404
     638     -0.00005577
     639     -0.00012689
     640     -0.00015155
     641     -0.00013896
     642     -0.00009946
     643     -0.00003461
     644      0.00005921
     645      0.00016885
     646      0.00030481
     647      0.00047483
     648      0.00066297
     649      0.00085875
     650      0.00104038
     651      0.00119470
     652      0.00132376
     653      0.00144651
     654      0.00156161
     655      0.00164977
     656      0.00170053
     657      0.00170568
     658      0.00168177
     659      0.00162998
     660      0.00155931
     661      0.00147310
     662      0.00136214
     663      0.00122306
     664      0.00107814
     665      0.00095475
     666      0.00085262
     667      0.00077118
     668      0.00071227
     669      0.00067539
     670      0.00066928
     671      0.00069280
     672      0.00071893
     673      0.00074553
     674      0.00078910
     675      0.00083202
     676      0.00085257
     677      0.00086766
     678      0.00089942
     679      0.00094585
     680      0.00099505
     681      0.00104141
     682      0.00108492
     683      0.00112637
     684      0.00115250
     685      0.00115893
     686      0.00115218
     687      0.00113008
     688      0.00108891
     689      0.00102345
     690      0.00093258
     691      0.00081906
     692      0.00069805
     693      0.00056718
     694      0.00042963
     695      0.00029957
     696      0.00016238
     697      0.00001403
     698     -0.00013981
     699     -0.00028992
