       0      1.00221250
       1      0.99515731
       2      0.97900500
       3      0.95983221
       4      0.93979646
       5      0.91971071
       6      0.89991160
       7      0.88046319
       8      0.86120366
       9      0.84232731
      10      0.82399472
      11      0.80615799
      12      0.78883517
      13      0.77188850
      14      0.75520376
      15      0.73888407
      16      0.72305446
      17      0.70751968
      18      0.69218639
      19      0.67706267
      20      0.66212788
      21      0.64758193
      22      0.63354390
      23      0.61982877
      24      0.60634759
      25      0.59315646
      26      0.58029777
      27      0.56766320
      28      0.55521095
      29      0.54309147
      30      0.53127421
      31      0.51969062
      32      0.50840251
      33      0.49746284
      34      0.48690697
      35      0.47654345
      36      0.46624330
      37      0.45611108
      38      0.44617797
      39      0.43640066
      40      0.42681918
      41      0.41748638
      42      0.40834830
      43      0.39932672
      44      0.39057976
      45      0.38214749
      46      0.37386090
      47      0.36580579
      48      0.35803793
      49      0.35038045
      50      0.34280592
      51      0.33540625
      52      0.32814832
      53      0.32103454
      54      0.31415835
      55      0.30751402
      56      0.30098535
      57      0.29457828
      58      0.28825888
      59      0.28206615
      60      0.27603822
      61      0.27011261
      62      0.26424202
      63      0.25834867
      64      0.25269292
      65      0.24732900
      66      0.24194104
      67      0.23663954
      68      0.23148311
      69      0.22628626
      70      0.22110360
      71      0.21614731
      72      0.21142886
      73      0.20695339
      74      0.20263887
      75      0.19834955
      76      0.19416749
      77      0.19008937
      78      0.18609575
      79      0.18221660
      80      0.17835566
      81      0.17451873
      82      0.17086130
      83      0.16725865
      84      0.16355039
      85      0.15987571
      86      0.15636915
      87      0.15286618
      88      0.14935182
      89      0.14603254
      90      0.14276684
      91      0.13956055
      92      0.13654181
      93      0.13358808
      94      0.13066678
      95      0.12782101
      96      0.12499383
      97      0.12227337
      98      0.11961251
      99      0.11690584
     100      0.11433383
     101      0.11190759
     102      0.10944478
     103      0.10704480
     104      0.10467549
     105      0.10226107
     106      0.09997671
     107      0.09780233
     108      0.09570768
     109      0.09369844
     110      0.09166187
     111      0.08963700
     112      0.08768683
     113      0.08580092
     114      0.08396311
     115      0.08217906
     116      0.08039827
     117      0.07863143
     118      0.07696760
     119      0.07534447
     120      0.07372774
     121      0.07213849
     122      0.07056553
     123      0.06909186
     124      0.06766573
     125      0.06621919
     126      0.06480388
     127      0.06343703
     128      0.06214290
     129      0.06091230
     130      0.05964582
     131      0.05836899
     132      0.05711128
     133      0.05582210
     134      0.05459269
     135      0.05344896
     136      0.05229361
     137      0.05108264
     138      0.04993042
     139      0.04896178
     140      0.04801718
     141      0.04707281
     142      0.04618617
     143      0.04529637
     144      0.04441002
     145      0.04351604
     146      0.04259509
     147      0.04162087
     148      0.04071280
     149      0.03982613
     150      0.03888616
     151      0.03790988
     152      0.03692196
     153      0.03601578
     154      0.03520714
     155      0.03448191
     156      0.03381884
     157      0.03311591
     158      0.03242986
     159      0.03176258
     160      0.03104080
     161      0.03036939
     162      0.02974200
     163      0.02915676
     164      0.02859463
     165      0.02800182
     166      0.02735350
     167      0.02668362
     168      0.02607358
     169      0.02548842
     170      0.02488850
     171      0.02436133
     172      0.02392629
     173      0.02349005
     174      0.02300857
     175      0.02252309
     176      0.02202856
     177      0.02149289
     178      0.02098520
     179      0.02050656
     180      0.02006265
     181      0.01967435
     182      0.01927339
     183      0.01880994
     184      0.01835491
     185      0.01801056
     186      0.01768071
     187      0.01731521
     188      0.01690183
     189      0.01650736
     190      0.01618241
     191      0.01583950
     192      0.01545972
     193      0.01506413
     194      0.01467985
     195      0.01429778
     196      0.01399164
     197      0.01370862
     198      0.01344155
     199      0.01319706
     200      0.01292935
     201      0.01266371
     202      0.01230995
     203      0.01196126
     204      0.01164773
     205      0.01134446
     206      0.01107128
     207      0.01075936
     208      0.01048909
     209      0.01034130
     210      0.01020586
     211      0.00999787
     212      0.00975909
     213      0.00952443
     214      0.00929062
     215      0.00910567
     216      0.00896458
     217      0.00878422
     218      0.00858877
     219      0.00836731
     220      0.00814378
     221      0.00797815
     222      0.00783938
     223      0.00764834
     224      0.00737901
     225      0.00718075
     226      0.00704045
     227      0.00689928
     228      0.00675766
     229      0.00657914
     230      0.00635694
     231      0.00615857
     232      0.00598564
     233      0.00576474
     234      0.00563996
     235      0.00556196
     236      0.00539234
     237      0.00521226
     238      0.00503840
     239      0.00489740
     240      0.00481803
     241      0.00476566
     242      0.00464526
     243      0.00451841
     244      0.00446529
     245      0.00439247
     246      0.00422981
     247      0.00404573
     248      0.00391283
     249      0.00386891
     250      0.00380163
     251      0.00368057
     252      0.00361269
     253      0.00356319
     254      0.00353502
     255      0.00347755
     256      0.00339793
     257      0.00335938
     258      0.00334960
     259      0.00330787
     260      0.00321947
     261      0.00313882
     262      0.00311424
     263      0.00308760
     264      0.00300514
     265      0.00290542
     266      0.00276510
     267      0.00262571
     268      0.00253269
     269      0.00250536
     270      0.00248999
     271      0.00241600
     272      0.00235210
     273      0.00231596
     274      0.00232874
     275      0.00232106
     276      0.00223799
     277      0.00211683
     278      0.00206475
     279      0.00203203
     280      0.00195448
     281      0.00188438
     282      0.00181596
     283      0.00178795
     284      0.00176620
     285      0.00165504
     286      0.00156825
     287      0.00152995
     288      0.00151367
     289      0.00151291
     290      0.00154155
     291      0.00158286
     292      0.00157753
     293      0.00155514
     294      0.00152713
     295      0.00146162
     296      0.00139515
     297      0.00135577
     298      0.00131403
     299      0.00127679
     300      0.00120209
     301      0.00111821
     302      0.00107084
     303      0.00108594
     304      0.00119998
     305      0.00132718
     306      0.00143034
     307      0.00153959
     308      0.00156479
     309      0.00149983
     310      0.00140129
     311      0.00128257
     312      0.00116160
     313      0.00102364
     314      0.00091995
     315      0.00090675
     316      0.00084780
     317      0.00076005
     318      0.00075184
     319      0.00082178
     320      0.00091478
     321      0.00098478
     322      0.00102337
     323      0.00097147
     324      0.00092521
     325      0.00087074
     326      0.00080691
     327      0.00077808
     328      0.00072047
     329      0.00065367
     330      0.00061794
     331      0.00063824
     332      0.00073683
     333      0.00082899
     334      0.00089573
     335      0.00088348
     336      0.00078405
     337      0.00079734
     338      0.00085704
     339      0.00084434
     340      0.00083485
     341      0.00081573
     342      0.00077993
     343      0.00074562
     344      0.00070930
     345      0.00069896
     346      0.00074811
     347      0.00078830
     348      0.00084615
     349      0.00092889
