0.000000000000 0.995822478156 0.996142758889 1.005964610216 0.996308673810
0.300000000000 0.795251887527 0.801324016685 0.862659233457 0.885920762414
0.600000000000 0.501553852371 0.507133175589 0.667923395117 0.743934560102
0.900000000000 0.327518931939 0.331094395638 0.549368273838 0.652981483300
1.200000000000 0.225617948549 0.228310688730 0.451966382280 0.569465578618
1.500000000000 0.160591185596 0.163256690339 0.378259001084 0.503045742710
1.800000000000 0.116605906068 0.118380645100 0.319000564277 0.445543379164
2.100000000000 0.087065530115 0.087277481103 0.270347663542 0.396802062917
2.400000000000 0.064132351014 0.064437861018 0.231649894122 0.354251878337
2.700000000000 0.047016781366 0.047837707400 0.198363274555 0.317251792821
3.000000000000 0.034421501527 0.035462612608 0.171278910087 0.284902540740
3.300000000000 0.025801411235 0.025306201338 0.149123684134 0.256382776794
3.600000000000 0.019884836492 0.017697210751 0.128137026681 0.231460265837
3.900000000000 0.015325969860 0.012896521058 0.110265023393 0.209526468121
4.200000000000 0.012287655035 0.009411676941 0.095699542900 0.189224433246
4.500000000000 0.008413467082 0.006494245145 0.083121652304 0.171348805770
4.800000000000 0.004655709869 0.005347191293 0.071923764000 0.156105264004
5.100000000000 0.004035546760 0.005107977716 0.061640100177 0.141926583661
5.400000000000 0.002271613188 0.004434948043 0.053518790193 0.128899370159
5.700000000000 -0.000678211486 0.003121628980 0.047491021571 0.117671981256
6.000000000000 -0.001020091277 0.002421391245 0.041651219108 0.107289810709
6.300000000000 -0.000528700005 0.001716634810 0.036599275253 0.097187927162
6.600000000000 -0.000260799011 0.001687171983 0.031061278928 0.089218325587
6.900000000000 -0.001124678281 0.001923652900 0.026953451045 0.081165655968
7.200000000000 -0.000214514983 0.001616075481 0.024050382032 0.072923862095
7.500000000000 0.000567868254 0.000670738052 0.021808543253 0.066038646552
7.800000000000 0.000631484906 -0.000466542673 0.019485799790 0.061213139467
8.100000000000 0.000819008794 -0.001244984957 0.016743013272 0.055586224407
8.400000000000 0.001160054860 -0.000604823822 0.015498465358 0.049925092194
8.700000000000 0.001199060648 0.000105485865 0.014328575724 0.045438286772
9.000000000000 0.001296780878 0.001442260636 0.013230408779 0.040409578361
9.300000000000 0.000729423116 0.001949259498 0.011183775829 0.036994811513
9.600000000000 -0.000172066650 0.000910865659 0.009258758327 0.034570507507
9.900000000000 -0.000608667522 -0.000162385273 0.007779259334 0.031140812851
10.200000000000 0.000713585052 0.000168879238 0.006752158930 0.027720050185
10.500000000000 0.001579288072 0.000290091382 0.006382332779 0.025012321905
10.800000000000 0.001707951861 0.000118261239 0.005299651914 0.023086486784
11.100000000000 0.001346807793 0.000300277436 0.005056270220 0.021583213839
11.400000000000 0.001245292779 0.000969518440 0.004988390183 0.019680731375
11.700000000000 0.000956558012 0.001540955411 0.004537929766 0.018942128677
12.000000000000 0.000319431758 0.001545613705 0.004430524775 0.017668415190
12.300000000000 -0.000287238203 0.001005524631 0.004479319334 0.015866399528
12.600000000000 0.000054258173 0.001170619642 0.004386794981 0.014421046582
12.900000000000 0.000465204625 0.000572792191 0.003796670605 0.012411726420
13.200000000000 -0.000153605290 0.001073022105 0.003254587502 0.011854015494
13.500000000000 -0.000847605574 0.001022216736 0.002538870902 0.010267931091
13.800000000000 -0.000609153886 0.000251787701 0.001709028872 0.009145851232
14.100000000000 -0.000220293435 0.000822341414 0.001259444120 0.009066919467
14.400000000000 -0.000454706214 0.000032570726 0.000716633555 0.007863307328
14.700000000000 -0.000836997645 -0.000981947999 -0.000419727163 0.006920059076
15.000000000000 -0.000194400874 -0.000793877335 -0.000448411169 0.006296317406
15.300000000000 0.000187585088 -0.000537935413 0.000519825262 0.005318910892
15.600000000000 0.000025404233 -0.000854644191 -0.000062485223 0.004608214706
15.900000000000 -0.001006225526 -0.000504542746 -0.000013313322 0.004199831109
16.200000000000 -0.001045667575 0.000080404291 0.000292719143 0.004470633103
16.500000000000 -0.000564184202 0.001189785267 0.000968744257 0.004325033836
16.800000000000 0.000149021562 0.001240390453 0.000854391757 0.003747747071
17.100000000000 0.000437113277 0.000859896614 0.000341696038 0.002793769164
17.400000000000 0.001722019785 0.000378752496 0.000616332186 0.002247249622
17.700000000000 0.002160491306 0.000765784050 0.000825453659 0.001671985186
18.000000000000 0.001368351741 0.001076290868 -0.000195604557 0.001527863339
18.300000000000 0.002289967348 0.001746426980 -0.000096859552 0.000799427285
18.600000000000 0.002549626602 0.001518235054 -0.000156938785 0.001207779667
18.900000000000 0.002713129239 0.001635900057 0.000023632064 0.001227551339
19.200000000000 0.002545811383 0.002500209989 -0.000375020600 0.000498496200
19.500000000000 0.002709404847 0.002895622705 -0.000977619449 0.000661994158
19.800000000000 0.002350220315 0.001873117575 -0.000858045866 0.001423125388
20.100000000000 0.001911162269 0.001280509641 -0.000542416887 0.001181056833
20.400000000000 0.001600040072 -0.000254140341 -0.001099627882 0.000889004755
20.700000000000 0.001272194310 -0.001511980559 -0.000754937573 0.000895726564
21.000000000000 0.000957272536 -0.001809677110 -0.000396513361 0.000861056349
21.300000000000 0.000685833273 -0.001233162524 -0.000892588744 0.000133530230
21.600000000000 0.000748976242 -0.000163419764 -0.001054700144 0.000037480861
21.900000000000 0.000785998149 0.001203342802 -0.001488350200 0.000103927584
22.200000000000 0.000803272223 0.001112612676 -0.001253746255 0.000322526465
22.500000000000 0.000741947580 0.000096304321 -0.000545899965 -0.000208980078
22.800000000000 0.000553534704 0.000577671150 -0.000277237649 -0.000906269866
23.100000000000 0.000770375958 0.001048805535 0.000043257045 -0.001032933109
23.400000000000 0.000826049548 0.000676196183 -0.000215280334 -0.000813640611
23.700000000000 0.001181912957 -0.000077821147 -0.000742686772 -0.000394449221
24.000000000000 0.001545061467 -0.000955466666 -0.001448849460 -0.000894159317
24.300000000000 0.001561238903 -0.001354901091 -0.001754353855 -0.000362741420
24.600000000000 0.001275119565 -0.000722510380 -0.001249539988 0.000063668371
24.900000000000 0.000555990211 -0.001506843027 -0.001252562397 0.000372582503
25.200000000000 0.000844531581 -0.001938434050 -0.001794479993 0.000984066854
25.500000000000 0.000701373155 -0.001934954419 -0.001597728630 0.001158190146
25.800000000000 -0.000413164062 -0.002039877723 -0.001815712340 0.001404915729
26.100000000000 -0.000543303345 -0.000776904194 -0.001611738152 0.001178037282
26.400000000000 0.000043002787 -0.000217409815 -0.001395719339 0.000623603224
26.700000000000 -0.000030143288 0.000244027164 0.000207168598 0.000363280408
27.000000000000 -0.000002646803 -0.000051799931 0.000293632748 -0.000091169487
27.300000000000 0.000785625419 -0.000434611298 -0.000295490679 0.000317192328
27.600000000000 0.000711687709 -0.000297136277 -0.000352656051 0.000870949815
27.900000000000 0.000045030986 -0.000977987489 -0.001083751737 0.000696092617
28.200000000000 -0.000198581004 -0.000735613620 -0.001256016390 0.000728087131
28.500000000000 -0.000869006984 0.000008740199 -0.000265039387 0.000651200264
28.800000000000 -0.001339055736 -0.000229747055 -0.000644818638 0.000341292934
29.100000000000 -0.000368743650 -0.000350254377 -0.000812994988 -0.000346287578
29.400000000000 0.000313970942 -0.000069498717 -0.001229850118 -0.000542527776
29.700000000000 0.000127505604 -0.000152094049 -0.000896927064 -0.000686599703
30.000000000000 -0.000403327850 -0.000523670227 -0.000370332703 -0.000223194944
30.300000000000 0.000171226612 -0.000393832507 -0.000319099444 0.000219395327
30.600000000000 0.000094320575 -0.000214407837 -0.000443526592 0.000933900728
30.900000000000 -0.000418156729 -0.000739749566 -0.000696490816 0.001162405714
31.200000000000 0.000198187025 -0.000836334966 -0.000911204647 0.001438778293
31.500000000000 0.000728773717 -0.001172941459 -0.000689879831 0.001699470336
31.800000000000 0.000212206047 -0.001278392201 -0.000100243943 0.000443782192
32.100000000000 -0.000235440281 -0.000506556662 0.000816711542 0.000226173449
32.400000000000 -0.000455021169 -0.000334356139 0.001959511928 0.000126276841
32.700000000000 -0.000740224931 0.000328542359 0.001654534562 0.000266034509
33.000000000000 -0.000614028396 0.000239663155 0.000952026275 0.000197043980
33.300000000000 -0.001073004461 0.000027089253 0.001113294502 -0.000349868793
33.600000000000 -0.000968051713 -0.000280821772 0.001276197849 -0.000556815733
33.900000000000 -0.000487499821 0.000386309722 0.001471408371 -0.000174903395
34.200000000000 0.000498256417 0.000340498674 0.001303836064 -0.000188751694
34.500000000000 0.001809715126 0.000542580840 0.001177173549 -0.001086540150
34.800000000000 0.001575601273 0.001577551824 0.000129407269 -0.001046679564
35.100000000000 0.001695506849 0.002345152600 0.000370476423 -0.000701355265
35.400000000000 0.001697958662 0.001307573379 0.000948695924 -0.001237981427
35.700000000000 0.001376838084 0.000663328951 0.001379857940 -0.000968847690
36.000000000000 0.000599565077 0.000202508577 0.001082193084 -0.000555140013
36.300000000000 0.000186008498 0.001261061744 0.000185332017 -0.001092693761
36.600000000000 0.000079449537 0.001809938024 0.000644493384 -0.001299582703
36.900000000000 -0.000735215436 0.001671772431 0.001173242872 -0.001481297047
37.200000000000 -0.001301668822 0.001062571834 0.000928979601 -0.001171915806
37.500000000000 -0.000876506486 0.000693641415 0.001065247798 -0.000878706112
37.800000000000 -0.001478489170 0.000703733040 -0.000268573916 -0.001195749329
38.100000000000 -0.001022210839 0.001314761226 -0.000948441886 -0.001030785982
38.400000000000 0.000121676419 0.001208261208 -0.000549653845 0.000164412981
38.700000000000 0.000610183008 0.000487948529 -0.001000117092 0.000293949334
39.000000000000 0.000215629310 0.000569749190 -0.000755175341 -0.000255281016
39.300000000000 0.000282670589 0.001018998466 0.000039892213 -0.001058068475
39.600000000000 0.000103500740 0.001775184441 0.000231881642 -0.001011822385
39.900000000000 0.000165965829 0.001835388542 -0.000451075243 -0.000973640283
40.200000000000 -0.000410416920 0.000658865927 -0.000644086918 -0.001023961592
40.500000000000 -0.000441272332 0.000066643740 0.000465619459 -0.000271833057
40.800000000000 -0.000507583786 -0.000550754093 0.001071989838 -0.000099531562
41.100000000000 -0.000173580669 -0.001263553130 0.000562760790 0.000684964629
41.400000000000 -0.000129497575 -0.001253540427 0.000151766460 0.000830336824
41.700000000000 -0.000259473710 -0.001431785428 -0.000147191203 0.000093103328
42.000000000000 0.000755139479 -0.001427335763 -0.000887005555 -0.000048937629
42.300000000000 0.001024138346 -0.000832304892 -0.000883006876 -0.000410173487
42.600000000000 0.000543063098 -0.001344564358 0.000199191820 -0.000410621008
42.900000000000 -0.000030260845 -0.001561119906 0.000715993783 -0.000587262114
43.200000000000 -0.000965674787 0.000037338331 0.000970069443 -0.000817009360
43.500000000000 -0.000247823607 0.001135823739 0.000856784688 -0.000552266667
43.800000000000 0.000554846972 0.001769432162 0.000391133224 -0.000237877561
44.100000000000 0.000789999741 0.001755673151 -0.000103621641 0.000077064782
44.400000000000 0.002063259001 0.000574936831 0.000407289504 0.000290915688
44.700000000000 0.002212126062 -0.000125277810 0.000815463435 -0.000166909026
45.000000000000 0.002615841204 -0.000365375717 0.000295969922 -0.000832101446
45.300000000000 0.002862469068 -0.000218220301 0.000410782729 -0.001079090402
45.600000000000 0.002190872976 0.000791266763 0.000762912321 0.000331225736
45.900000000000 0.001776524116 0.000370323538 0.000062990186 -0.000055068619
46.200000000000 0.001440032276 -0.000035560581 -0.000428990066 -0.000582132814
46.500000000000 0.001838856471 -0.000048196622 -0.001186814343 0.000300286512
46.800000000000 0.001948233438 -0.000396412332 -0.001871536970 0.000477283259
47.100000000000 0.001201897344 -0.000172180058 -0.001625510601 0.000526837993
47.400000000000 0.000420835284 0.000219641592 -0.001817916789 0.000891395140
47.700000000000 0.000347805138 0.000436433596 -0.001581984699 0.000809914265
48.000000000000 -0.001122265233 0.001008217418 -0.001431480993 0.000524950394
48.300000000000 -0.001704485613 0.000924337639 -0.001194482708 0.000158255837
48.600000000000 -0.001031922191 0.000869533594 -0.000815305490 -0.000577061966
48.900000000000 -0.000668481404 0.000030355402 -0.001408174984 -0.000757583832
49.200000000000 -0.000404609405 -0.000635932621 -0.001753935742 -0.000657319213
49.500000000000 -0.000340089745 0.000008157426 -0.001230972728 -0.000897568402
49.800000000000 -0.000842261016 0.000626935392 -0.000858329919 -0.000289868249
50.100000000000 -0.001363551022 -0.000049454691 -0.000875396380 0.001010657275
50.400000000000 -0.001125345436 -0.000465070173 -0.001511770366 0.000454698543
50.700000000000 -0.000332420928 0.000419833022 -0.001984141842 0.000267237904
51.000000000000 0.000087550226 0.001483760109 -0.002159281587 0.000572537841
51.300000000000 0.000570631841 0.002413031503 -0.001989983934 0.001008941634
51.600000000000 0.000042957994 0.001588645247 -0.001616022992 0.001238011169
51.900000000000 -0.000888131115 0.000411400480 -0.001973407294 0.001171035729
52.200000000000 -0.001308751949 -0.000163935107 -0.002132666433 0.001382606027
52.500000000000 -0.001234031228 0.000127780554 -0.001025286892 0.000880355411
52.800000000000 -0.000363465678 0.000530350076 -0.000167392147 0.000185638900
53.100000000000 0.000178627445 -0.000382005469 -0.000747311364 -0.000701592728
53.400000000000 0.000488261536 -0.000880809518 -0.001723564384 -0.001078073367
53.700000000000 0.000941748521 -0.001098862571 -0.001471587455 -0.000514188648
54.000000000000 0.001386465669 0.000122297172 -0.001476801373 -0.001563075600
54.300000000000 0.001141940108 0.001240355388 -0.001220373847 -0.001669310475
54.600000000000 -0.000070416915 0.001037950722 -0.000167599345 -0.001189422527
54.900000000000 -0.000617765361 -0.000075272215 -0.000163164864 -0.001271367636
55.200000000000 -0.000404498992 -0.001052047511 -0.000650241082 -0.001269634732
55.500000000000 0.000125425311 -0.000778982857 -0.000739746629 -0.001931839061
55.800000000000 0.000342714344 -0.001043575311 -0.000111122205 -0.001554871339
56.100000000000 -0.000309043034 -0.001990106282 0.000219673356 -0.000889365969
56.400000000000 -0.000909130213 -0.002465609032 -0.000625170126 -0.001084399876
56.700000000000 -0.000684907187 -0.002407663186 -0.001039033339 -0.001350221170
57.000000000000 -0.000691402532 -0.000923385461 -0.000925828372 -0.001288016065
57.300000000000 -0.000481573680 -0.000114299506 -0.000691388390 -0.000637234604
57.600000000000 0.000102313579 0.000880745172 -0.000244387791 -0.000965535437
57.900000000000 0.001391231542 0.000763999202 -0.000701572325 -0.000411611248
58.200000000000 0.001690189499 0.000465699403 -0.001298360340 0.000516667561
58.500000000000 0.001016342614 0.000719336918 -0.001305185526 0.000492527173
58.800000000000 0.000498172197 0.001196298230 -0.001800700405 0.000486142623
59.100000000000 0.000428855769 0.001177074525 -0.002349769915 0.000171944680
59.400000000000 -0.000203076252 0.001158900708 -0.001783996696 0.000238048650
59.700000000000 -0.000023862869 0.001361960946 -0.001100897521 0.000588563633
60.000000000000 -0.000109700901 0.001178466310 -0.000253686113 -0.000163547034
60.300000000000 0.000514019460 0.000960972394 -0.000232664846 -0.000356669482
60.600000000000 0.001133795741 0.000884664270 0.000133559309 0.000542434458
60.900000000000 0.000011535068 0.001817009529 0.000989712439 0.001450114704
61.200000000000 -0.000244209778 0.001228453408 0.000915237641 0.000641691125
61.500000000000 0.000133272484 0.001093384547 0.000503924373 -0.000247822651
61.800000000000 0.000339287603 0.001282226642 -0.000020769906 -0.000350196228
62.100000000000 -0.000575869133 0.001158740175 0.000242908071 0.000079195752
62.400000000000 -0.001135445109 0.000462387231 0.001226989195 0.000289024330
62.700000000000 -0.001214817810 0.000286753936 0.002091722372 0.000265644406
63.000000000000 -0.001270029250 -0.000149442764 0.001620614732 -0.000331373155
63.300000000000 -0.000402793517 0.000220928210 0.001552306709 -0.000954656899
63.600000000000 -0.000290213573 0.000028087905 0.002389864093 -0.001116605670
63.900000000000 0.000238277339 -0.000243573327 0.002131017842 -0.001271867737
64.200000000000 0.001347907374 -0.000576262142 0.001493201152 -0.001139791380
64.500000000000 0.001917858455 -0.001002755141 0.002334601000 -0.001181170063
64.800000000000 0.001209153423 -0.000509743571 0.002290992825 -0.000769049955
65.100000000000 0.000323365205 0.000400378316 0.001493043282 -0.001388802763
65.400000000000 0.000559705450 0.000521438873 0.000587748753 -0.001501232334
65.700000000000 0.000726291432 0.000361898093 0.000566539872 -0.000950963388
66.000000000000 0.000116489726 0.001027003381 0.000371946585 -0.000947907714
66.300000000000 -0.001163430375 0.000984122587 0.000030995374 -0.001497643188
66.600000000000 -0.000990667401 0.000467808400 0.000671981200 -0.001366373062
66.900000000000 0.000019067188 0.000014657663 0.000507277132 -0.001198727903
67.200000000000 0.000980256456 0.000556905677 -0.000564477583 -0.001611529661
67.500000000000 0.001175108141 0.000965409711 -0.001150450859 -0.000920007416
67.800000000000 0.000896345403 0.000083249377 -0.001049963872 -0.000991954418
68.100000000000 0.000595754796 0.000061289260 -0.000965471350 -0.001632560290
68.400000000000 0.000624099778 0.001576891202 -0.000675374773 -0.001789559069
68.700000000000 0.000725969227 0.001556567155 -0.001094994601 -0.000714662248
69.000000000000 0.000490897930 0.001461364473 -0.001188169898 0.000082053683
69.300000000000 0.000383885076 0.000825864481 -0.000430342244 -0.000240509840
69.600000000000 0.000585283057 -0.001677493479 -0.000509528443 -0.000668892563
69.900000000000 0.000891916466 -0.002303420870 -0.000724372395 -0.000868343382
70.200000000000 0.001135063761 -0.001913855095 -0.000803068266 -0.000424251941
70.500000000000 0.001420326623 -0.001350880027 -0.000979561719 -0.000217640413
70.800000000000 0.002062078938 -0.000864036901 -0.001641640052 -0.000828299065
71.100000000000 0.002009660926 -0.000163363293 -0.002363958835 -0.001726723957
71.400000000000 0.001516515830 -0.000896547577 -0.002447279448 -0.001693030463
71.700000000000 0.001411081970 -0.001472592360 -0.001186651844 -0.000922175093
72.000000000000 0.000738095661 -0.000800173786 0.000221297692 -0.000329824498
72.300000000000 0.000274674240 0.000791540088 0.000104149429 -0.000155975382
72.600000000000 0.000163729466 0.001204557093 -0.000724570507 0.000334256879
72.900000000000 0.000163485117 0.000583064575 -0.000919132612 0.000220562786
73.200000000000 0.000571089337 -0.001177281401 -0.000901671271 -0.000362199315
73.500000000000 0.001436078229 -0.002118767056 -0.000891125197 -0.000459861945
73.800000000000 0.001423400701 -0.001584939280 -0.000194263406 -0.000441666244
74.100000000000 0.001086466005 -0.000684223448 0.000293062506 0.000151270389
74.400000000000 0.000655913860 -0.001106868573 -0.000906261363 0.000495261463
74.700000000000 0.001011995174 -0.002017997662 -0.000802125050 0.000123586247
75.000000000000 0.001307338819 -0.002053686937 -0.000352296798 0.000407617844
75.300000000000 0.000846888909 -0.001260876118 -0.000385812249 0.000501317726
75.600000000000 0.000543527593 -0.000655494777 0.000068757938 -0.000081664576
75.900000000000 0.000652766341 -0.000946978338 0.000122440147 0.000276497576
76.200000000000 0.000803826885 -0.001013619300 -0.000175075036 0.000351973105
76.500000000000 -0.000293419584 0.000110802851 -0.000245774934 0.000885980087
76.800000000000 -0.001283761315 0.001242484256 -0.000012641067 0.001133849578
77.100000000000 -0.000346246488 0.001508452413 0.000248515664 0.000756942558
77.400000000000 0.000252745687 0.000704343153 0.000496015362 0.000163766407
77.700000000000 -0.001143473521 0.000227777195 0.000297270532 0.000317752646
78.000000000000 -0.002799273525 0.000027880018 0.000680450873 0.001053991495
78.300000000000 -0.002405300842 -0.000443411304 0.001582665615 0.001264438491
78.600000000000 -0.002166482715 -0.000211916099 0.001823384602 0.001231549079
78.900000000000 -0.001936444961 0.000891176238 0.001757158531 0.001271338350
79.200000000000 -0.001393792890 0.001439352116 0.001239076571 0.000740118952
79.500000000000 -0.001831757861 0.001147132014 0.000875863562 0.000564751123
79.800000000000 -0.001670596013 0.000536604436 0.001253216788 -0.000249434724
80.100000000000 -0.000914038953 0.000379531642 0.001297571100 -0.000783825828
80.400000000000 0.000193976692 0.000437872003 0.001072730007 -0.000677843234
80.700000000000 0.000257898530 0.000654187314 0.001380723916 -0.000538686738
81.000000000000 0.000262517552 0.001067616348 0.000720741158 -0.000594306048
81.300000000000 0.000241497660 0.002080709307 0.000523330093 -0.000996806062
81.600000000000 0.001017651612 0.002227699836 0.000372488113 -0.001929664170
81.900000000000 0.001121586267 0.001211173283 0.000466691389 -0.001968689813
82.200000000000 0.000590002280 -0.000119852115 0.000498818103 -0.000790731690
82.500000000000 0.000671459136 -0.000970987038 0.000577986101 0.000211977349
82.800000000000 0.000237652527 -0.000120849690 0.000312443187 0.000506599361
83.100000000000 -0.000529246611 0.001173633492 0.000581471459 0.000846423115
83.400000000000 -0.000383710475 0.000753093789 0.000564571226 0.000284720676
83.700000000000 -0.000777485331 0.000131100561 0.000269492774 0.000221412844
84.000000000000 -0.000837000936 -0.000137513796 -0.000233899705 0.000887049872
84.300000000000 -0.000611394315 -0.000620234647 -0.000042873280 0.000830745694
84.600000000000 -0.000230543356 -0.001610662495 0.000059599222 0.000354190765
84.900000000000 -0.000001670241 -0.001460588442 0.000254554745 -0.000482977944
85.200000000000 -0.000013087746 -0.000878107562 0.000305616479 -0.000647695381
85.500000000000 -0.000699691266 -0.000654392290 0.000396421869 -0.000459799327
85.800000000000 -0.001001183260 0.000055506373 0.001340598707 0.000257024606
86.100000000000 -0.000746928177 0.000395664365 0.001595382442 0.000886122031
86.400000000000 -0.000825677357 0.000518435170 0.001075734465 0.000733480273
86.700000000000 -0.000487231688 0.001110882167 0.000681584498 0.001383542006
87.000000000000 0.000243685464 0.001545146113 0.000107763499 0.001795028052
87.300000000000 -0.000119956497 0.002368344208 -0.000339584475 0.001606773010
87.600000000000 -0.001082816855 0.002369154540 -0.000822854302 0.001229327814
87.900000000000 -0.000449665916 0.001197977190 -0.000496643635 0.000695685680
88.200000000000 0.001084022344 0.000370491012 0.000096716212 -0.000020450944
88.500000000000 0.001818963488 0.000401571299 0.000762491069 -0.000658097752
88.800000000000 0.001421621742 -0.000097731775 0.000847423448 -0.000005305831
89.100000000000 0.000642302171 0.000622866664 0.000535772091 0.000056575379
89.400000000000 0.000425826414 0.001100041090 -0.000652074614 0.000021592964
89.700000000000 0.000505373348 0.001098684370 -0.000038818453 -0.000388260435
90.000000000000 -0.000095825957 0.000955895812 0.000369292442 -0.000374416818
90.300000000000 -0.000961148863 0.000919981955 -0.000134599231 -0.000149314487
90.600000000000 0.000024181921 0.001623691612 -0.000642499672 -0.000327701898
90.900000000000 0.000883204778 0.001065487625 -0.000247707022 -0.000469724088
91.200000000000 0.000920054616 -0.000076560237 -0.000202548981 -0.001410614578
91.500000000000 0.000345468959 -0.000625912165 -0.001490963059 -0.002006108742
91.800000000000 0.000532523112 -0.000522670365 -0.001641034494 -0.001482158189
92.100000000000 0.000339438267 -0.000542794316 -0.001628689906 -0.001652887466
92.400000000000 -0.000401253771 -0.000508892462 -0.000972345990 -0.002018318201
92.700000000000 -0.000648948598 -0.002362855114 -0.000146106341 -0.001009040035
93.000000000000 0.000109474260 -0.003229788374 -0.000196521756 -0.000586950169
93.300000000000 0.000231360696 -0.002134140711 -0.001022303047 -0.001008248082
93.600000000000 0.000096806468 -0.001096805541 -0.001883569763 -0.000837227116
93.900000000000 0.000244063647 0.000441821920 -0.002220779630 -0.001008669823
94.200000000000 0.000729610108 0.001655355917 -0.001542897297 -0.001024078003
94.500000000000 0.000971605376 0.001703907832 -0.001569360813 -0.001482598037
94.800000000000 0.000885692494 0.001120069527 -0.001503025489 -0.001760174818
95.100000000000 -0.000013590443 -0.000340767434 -0.000865895434 -0.001238477199
95.400000000000 0.000004324419 -0.001496646143 -0.000598377059 -0.000996661866
95.700000000000 0.000618257414 -0.000868691806 -0.001250117226 -0.001044038300
96.000000000000 0.000279200256 -0.000476558852 -0.001333200660 -0.000346967883
96.300000000000 0.000469128733 -0.000141007063 -0.000354090017 -0.000013036098
96.600000000000 0.000022567248 -0.000103232311 0.000549090574 0.000182736542
96.900000000000 -0.000190094914 -0.000214250788 0.001103842918 -0.000624774997
97.200000000000 0.000990218411 -0.000020107911 0.000709891435 -0.001288405609
97.500000000000 0.002014222254 0.000273539558 0.000441917046 -0.001231377795
97.800000000000 0.002728222692 0.000102309280 0.000838180821 -0.001187452357
98.100000000000 0.001390615654 0.000182341364 0.001340474910 -0.001281808813
98.400000000000 0.000781007460 0.000438191467 0.001848324632 -0.001281033079
98.700000000000 0.000488087057 -0.000357314627 0.002345247400 -0.001396079986
99.000000000000 -0.000230959597 0.000003093537 0.001640076315 -0.000293171209
99.300000000000 0.000060047788 0.000548061570 0.000449854128 -0.000578773224
99.600000000000 0.000251434218 0.000336384290 -0.000115823596 -0.001187847427
99.900000000000 0.000227039551 0.000151898946 -0.000223447693 -0.000861607258
100.200000000000 0.000831981622 -0.000077739964 -0.000134432887 -0.000994650273
100.500000000000 0.001177314456 0.000288416599 0.000308346891 -0.001285490616
100.800000000000 0.001417516526 0.000250355497 0.000661918114 -0.000885047367
101.100000000000 0.001450339075 0.000365241361 0.000803257884 -0.001099660220
101.400000000000 0.001556355507 0.000581457059 0.000351583693 -0.001521390805
101.700000000000 0.002053099259 0.000382201490 0.000187073135 -0.001024644323
102.000000000000 0.001776809732 0.000077040042 -0.000419601252 -0.000676210158
102.300000000000 0.000538942505 -0.000076499019 -0.000904528890 -0.000406928715
102.600000000000 -0.001044302877 -0.000479957789 -0.000505267299 -0.000455745491
102.900000000000 -0.001629523716 -0.000354377466 -0.000588003904 -0.000840475126
103.200000000000 -0.001043075036 -0.000153947347 -0.000895685934 -0.000787634189
103.500000000000 -0.000942319221 -0.000877975491 -0.000646744612 -0.000726688940
103.800000000000 -0.001367928249 -0.001188664620 -0.000747109654 -0.000963320182
104.100000000000 -0.001563128227 -0.000404574937 -0.000585424245 -0.000845610488
104.400000000000 -0.000817247259 0.000006166279 -0.000732585213 -0.000386155694
104.700000000000 -0.000410741387 0.000462057237 -0.000457530156 0.000417781553
105.000000000000 0.000913306655 0.000896308993 0.000782178911 0.000181517160
105.300000000000 0.001503670171 0.000125195277 0.001679352176 0.000281193394
105.600000000000 0.001127061575 -0.000529878360 0.001922080625 0.000220890606
105.900000000000 0.001776849789 0.000041919632 0.001731439898 -0.000616235171
106.200000000000 0.000830412854 0.000076557157 0.001250135721 -0.000394643104
106.500000000000 -0.000601853646 -0.000509792584 0.000317786288 -0.000066486183
106.800000000000 -0.000152676736 -0.000570545489 -0.000402825048 -0.000345970686
107.100000000000 0.000289323393 0.000410874408 -0.000899871474 -0.000454887900
107.400000000000 -0.000049050483 0.001037069286 -0.001218107191 0.000112628286
107.700000000000 0.000538421881 0.001382600111 -0.001397806664 0.001136419422
108.000000000000 -0.000575216984 0.000892676609 -0.001154772015 0.001503030776
108.300000000000 -0.001127745851 0.000449500153 -0.000495548392 0.001213311864
108.600000000000 -0.000339052897 0.001136752124 -0.000715425872 0.000458696878
108.900000000000 -0.000402352594 0.001160844000 -0.000526616942 0.000742801771
109.200000000000 -0.000538544288 0.000398838279 -0.000929162137 0.000510131636
109.500000000000 -0.000217389349 0.000581670769 -0.001738624605 0.000110309574
109.800000000000 0.000747454160 0.001066784387 -0.001816614721 0.000171961081
110.100000000000 0.000943032269 0.000227472784 -0.000885257708 0.000187633472
110.400000000000 0.000183275099 -0.000802445692 0.000112502627 0.000004952849
110.700000000000 -0.000022578828 -0.002136766286 0.000682468695 0.000234979554
111.000000000000 -0.000783694876 -0.002252625867 -0.000036443328 -0.000049863058
111.300000000000 -0.000580830531 -0.001914869605 -0.000669875210 -0.000778152495
111.600000000000 0.000149869992 -0.001243205355 0.000484826024 -0.000610958930
111.900000000000 0.000124832721 -0.000512256952 0.001501489567 -0.000253468746
112.200000000000 0.001137633526 -0.000503684118 0.001540987748 -0.000114092569
112.500000000000 0.001027646784 -0.000264011508 0.000822707432 -0.000839233699
112.800000000000 -0.000379960181 0.000192807022 0.000248584545 -0.001449356489
113.100000000000 -0.000808371753 0.000524535873 0.000366712526 -0.001004533897
113.400000000000 -0.000113870411 -0.000559695529 0.000889238996 -0.000718148793
113.700000000000 0.001457680769 -0.000079022132 0.000576365191 -0.000079139421
114.000000000000 0.001623906513 0.001513504698 0.000264472061 -0.000203064835
114.300000000000 0.000840919418 0.000675866745 -0.000284902437 -0.001125727955
114.600000000000 0.000463784943 -0.000263504096 0.000262568642 -0.001282051453
114.900000000000 -0.000233371860 -0.000434758762 0.000971361651 -0.000329907403
115.200000000000 -0.001124308986 -0.000218556134 0.000467151846 0.000063892210
115.500000000000 -0.000806282810 -0.001130649554 -0.000193341139 0.000276202768
115.800000000000 -0.000555183017 -0.001084820821 -0.001766513925 0.000531274832
116.100000000000 -0.000568100641 -0.000381742939 -0.002607084207 0.000176851013
116.400000000000 -0.000474635693 -0.000522424908 -0.002874909876 -0.000236255086
116.700000000000 0.000336243937 -0.000626178581 -0.002163487900 -0.000302779224
117.000000000000 -0.000383020363 -0.000852146579 -0.002133342216 -0.001449180491
117.300000000000 -0.001194307836 0.000312864953 -0.002596215497 -0.001353022662
117.600000000000 -0.001123078610 0.000518136382 -0.002452129914 -0.001009403870
117.900000000000 0.000075575971 0.000695054280 -0.002613621829 -0.001115333002
118.200000000000 0.001139782242 0.001165454855 -0.002420311204 -0.000438190240
118.500000000000 0.001768521142 0.001537259385 -0.002718352071 -0.000467442098
118.800000000000 0.001072467856 0.001298745069 -0.002802527072 -0.000218462727
119.100000000000 0.000887835391 0.001292409951 -0.001691028923 -0.000786676519
119.400000000000 -0.000257699809 0.000371245635 -0.002165704390 -0.001336769755
119.700000000000 -0.000242583857 -0.000073532619 -0.002338495592 -0.000845404490
