    0        0.000000000000        0.996308673810        1.004777577825
    1        0.300000000000        0.885920762414        0.170726847549
    2        0.600000000000        0.743934560102        0.024493452540
    3        0.900000000000        0.652981483300        0.005828131622
    4        1.200000000000        0.569465578618        0.001915736269
    5        1.500000000000        0.503045742710        0.000475480101
    6        1.800000000000        0.445543379164       -0.000315978970
    7        2.100000000000        0.396802062917        0.001838739643
    8        2.400000000000        0.354251878337       -0.000058668372
    9        2.700000000000        0.317251792821        0.000752510111
   10        3.000000000000        0.284902540740       -0.001350381501
   11        3.300000000000        0.256382776794        0.000705557685
   12        3.600000000000        0.231460265837       -0.000499642181
   13        3.900000000000        0.209526468121       -0.000876518626
   14        4.200000000000        0.189224433246       -0.001389971151
   15        4.500000000000        0.171348805770       -0.000825793884
   16        4.800000000000        0.156105264004        0.000153777613
   17        5.100000000000        0.141926583661       -0.000567955971
   18        5.400000000000        0.128899370159       -0.002279350089
   19        5.700000000000        0.117671981256       -0.000746232558
   20        6.000000000000        0.107289810709        0.001066988725
   21        6.300000000000        0.097187927162        0.000428171735
   22        6.600000000000        0.089218325587       -0.001092813998
   23        6.900000000000        0.081165655968       -0.000139163756
   24        7.200000000000        0.072923862095        0.001342791788
   25        7.500000000000        0.066038646552       -0.000489477717
   26        7.800000000000        0.061213139467        0.000261391194
   27        8.100000000000        0.055586224407        0.000527748750
   28        8.400000000000        0.049925092194        0.001767403436
   29        8.700000000000        0.045438286772        0.000897627847
   30        9.000000000000        0.040409578361       -0.000231454038
   31        9.300000000000        0.036994811513        0.000702370804
   32        9.600000000000        0.034570507507        0.000370396739
   33        9.900000000000        0.031140812851        0.000662173886
   34       10.200000000000        0.027720050185        0.000613747266
   35       10.500000000000        0.025012321905        0.000077237801
   36       10.800000000000        0.023086486784        0.000291419412
   37       11.100000000000        0.021583213839        0.000229778283
   38       11.400000000000        0.019680731375        0.001862164119
   39       11.700000000000        0.018942128677       -0.000006462099
   40       12.000000000000        0.017668415190       -0.000117610733
   41       12.300000000000        0.015866399528       -0.000833897008
   42       12.600000000000        0.014421046582       -0.000793635862
   43       12.900000000000        0.012411726420        0.000056048400
   44       13.200000000000        0.011854015494        0.000984243549
   45       13.500000000000        0.010267931091       -0.000462996977
   46       13.800000000000        0.009145851232       -0.000427184621
   47       14.100000000000        0.009066919467       -0.000090847636
   48       14.400000000000        0.007863307328        0.000543635203
   49       14.700000000000        0.006920059076        0.001655422954
   50       15.000000000000        0.006296317406       -0.000730359171
   51       15.300000000000        0.005318910892        0.000673912228
   52       15.600000000000        0.004608214706       -0.000780788917
   53       15.900000000000        0.004199831109        0.000187624746
   54       16.200000000000        0.004470633103        0.000977124156
   55       16.500000000000        0.004325033836        0.000625456812
   56       16.800000000000        0.003747747071        0.000112832588
   57       17.100000000000        0.002793769164       -0.000408470311
   58       17.400000000000        0.002247249622        0.000031020490
   59       17.700000000000        0.001671985186        0.001743997749
   60       18.000000000000        0.001527863339       -0.000738801086
   61       18.300000000000        0.000799427285       -0.000364701955
   62       18.600000000000        0.001207779667       -0.000746623697
   63       18.900000000000        0.001227551339        0.000377501998
   64       19.200000000000        0.000498496200        0.000011737276
   65       19.500000000000        0.000661994158        0.000553019394
   66       19.800000000000        0.001423125388       -0.000286786795
   67       20.100000000000        0.001181056833        0.000671340033
   68       20.400000000000        0.000889004755       -0.000385842362
   69       20.700000000000        0.000895726564       -0.000032770424
   70       21.000000000000        0.000861056349       -0.000160126408
   71       21.300000000000        0.000133530230       -0.001160000503
   72       21.600000000000        0.000037480861        0.000494407256
   73       21.900000000000        0.000103927584       -0.000165875972
   74       22.200000000000        0.000322526465        0.001419634281
   75       22.500000000000       -0.000208980078       -0.000813232635
   76       22.800000000000       -0.000906269866       -0.001657204477
   77       23.100000000000       -0.001032933109        0.001290021255
   78       23.400000000000       -0.000813640611       -0.000189685070
   79       23.700000000000       -0.000394449221        0.001572053002
   80       24.000000000000       -0.000894159317        0.000569194541
   81       24.300000000000       -0.000362741420       -0.000798097775
   82       24.600000000000        0.000063668371       -0.000630208852
   83       24.900000000000        0.000372582503        0.000154621131
   84       25.200000000000        0.000984066854        0.001478500706
   85       25.500000000000        0.001158190146        0.000025839649
   86       25.800000000000        0.001404915729        0.000041988014
   87       26.100000000000        0.001178037282       -0.000183028395
   88       26.400000000000        0.000623603224       -0.001653922819
   89       26.700000000000        0.000363280408        0.000357401728
   90       27.000000000000       -0.000091169487       -0.000542226583
   91       27.300000000000        0.000317192328        0.001367870435
   92       27.600000000000        0.000870949815        0.000778893956
   93       27.900000000000        0.000696092617        0.000742520396
   94       28.200000000000        0.000728087131       -0.000209900430
   95       28.500000000000        0.000651200264       -0.000514856248
   96       28.800000000000        0.000341292934        0.000465248575
   97       29.100000000000       -0.000346287578        0.000672500721
   98       29.400000000000       -0.000542527776        0.000481402545
   99       29.700000000000       -0.000686599703       -0.000276860647
  100       30.000000000000       -0.000223194944        0.000388215132
  101       30.300000000000        0.000219395327       -0.001155190299
  102       30.600000000000        0.000933900728       -0.001740800593
  103       30.900000000000        0.001162405714       -0.001311522724
  104       31.200000000000        0.001438778293        0.001340166861
  105       31.500000000000        0.001699470336       -0.000084453713
  106       31.800000000000        0.000443782192        0.000059932320
  107       32.100000000000        0.000226173449        0.000382456016
  108       32.400000000000        0.000126276841        0.000054949808
  109       32.700000000000        0.000266034509        0.000948781617
  110       33.000000000000        0.000197043980       -0.000021700793
  111       33.300000000000       -0.000349868793       -0.000997379523
  112       33.600000000000       -0.000556815733        0.000309208431
  113       33.900000000000       -0.000174903395        0.000563496199
  114       34.200000000000       -0.000188751694       -0.001537021846
  115       34.500000000000       -0.001086540150       -0.000730047510
  116       34.800000000000       -0.001046679564       -0.000806744111
  117       35.100000000000       -0.000701355265       -0.001640211730
  118       35.400000000000       -0.001237981427        0.000779370297
  119       35.700000000000       -0.000968847690       -0.000619516674
  120       36.000000000000       -0.000555140013       -0.000444476960
  121       36.300000000000       -0.001092693761       -0.002179712855
  122       36.600000000000       -0.001299582703       -0.000073718762
  123       36.900000000000       -0.001481297047       -0.000518025583
  124       37.200000000000       -0.001171915806        0.000076355700
  125       37.500000000000       -0.000878706112       -0.000106909503
  126       37.800000000000       -0.001195749329        0.000271259524
  127       38.100000000000       -0.001030785982        0.000521351117
  128       38.400000000000        0.000164412981        0.000995487594
  129       38.700000000000        0.000293949334       -0.001153723488
  130       39.000000000000       -0.000255281016        0.000196045147
  131       39.300000000000       -0.001058068475       -0.000144124829
  132       39.600000000000       -0.001011822385       -0.000970078800
  133       39.900000000000       -0.000973640283       -0.000858088294
  134       40.200000000000       -0.001023961592        0.000073577067
  135       40.500000000000       -0.000271833057       -0.000344248483
  136       40.800000000000       -0.000099531562        0.000125105823
  137       41.100000000000        0.000684964629        0.000917616282
  138       41.400000000000        0.000830336824       -0.000380892877
  139       41.700000000000        0.000093103328        0.001343690222
  140       42.000000000000       -0.000048937629       -0.000453760777
  141       42.300000000000       -0.000410173487        0.000483228163
  142       42.600000000000       -0.000410621008        0.000108006258
  143       42.900000000000       -0.000587262114        0.001324179525
  144       43.200000000000       -0.000817009360       -0.000737771653
  145       43.500000000000       -0.000552266667        0.001000343846
  146       43.800000000000       -0.000237877561        0.001521283500
  147       44.100000000000        0.000077064782        0.000829584516
  148       44.400000000000        0.000290915688        0.001741354277
  149       44.700000000000       -0.000166909026       -0.000155165706
  150       45.000000000000       -0.000832101446        0.000294938784
  151       45.300000000000       -0.001079090402       -0.000475527936
  152       45.600000000000        0.000331225736       -0.001265577570
  153       45.900000000000       -0.000055068619       -0.001550550935
  154       46.200000000000       -0.000582132814        0.000778455475
  155       46.500000000000        0.000300286512        0.000300196489
  156       46.800000000000        0.000477283259        0.001381741960
  157       47.100000000000        0.000526837993        0.000634294059
  158       47.400000000000        0.000891395140        0.000170012940
  159       47.700000000000        0.000809914265        0.002117182627
  160       48.000000000000        0.000524950394       -0.000046668414
  161       48.300000000000        0.000158255837        0.000165418108
  162       48.600000000000       -0.000577061966        0.000542865282
  163       48.900000000000       -0.000757583832        0.000971171315
  164       49.200000000000       -0.000657319213       -0.001076925463
  165       49.500000000000       -0.000897568402       -0.000089765576
  166       49.800000000000       -0.000289868249       -0.000847084626
  167       50.100000000000        0.001010657275       -0.000849366436
  168       50.400000000000        0.000454698543        0.000782792954
  169       50.700000000000        0.000267237904       -0.000030687861
  170       51.000000000000        0.000572537841        0.000106521889
  171       51.300000000000        0.001008941634       -0.001103922757
  172       51.600000000000        0.001238011169       -0.001398819706
  173       51.900000000000        0.001171035729       -0.002128296300
  174       52.200000000000        0.001382606027       -0.002059623829
  175       52.500000000000        0.000880355411       -0.000606979177
  176       52.800000000000        0.000185638900       -0.001781676306
  177       53.100000000000       -0.000701592728       -0.001120940438
  178       53.400000000000       -0.001078073367        0.000767842941
  179       53.700000000000       -0.000514188648        0.001204715497
  180       54.000000000000       -0.001563075600       -0.001082341479
  181       54.300000000000       -0.001669310475        0.000067233315
  182       54.600000000000       -0.001189422527        0.000008576862
  183       54.900000000000       -0.001271367636        0.000448658271
  184       55.200000000000       -0.001269634732       -0.000434909834
  185       55.500000000000       -0.001931839061        0.000013663837
  186       55.800000000000       -0.001554871339        0.000840239998
  187       56.100000000000       -0.000889365969       -0.000394199358
  188       56.400000000000       -0.001084399876       -0.000094912908
  189       56.700000000000       -0.001350221170        0.001719359536
  190       57.000000000000       -0.001288016065       -0.000510181565
  191       57.300000000000       -0.000637234604        0.000300514572
  192       57.600000000000       -0.000965535437        0.000926278732
  193       57.900000000000       -0.000411611248        0.000055978849
  194       58.200000000000        0.000516667561       -0.001047608098
  195       58.500000000000        0.000492527173       -0.000224431920
  196       58.800000000000        0.000486142623        0.001383459231
  197       59.100000000000        0.000171944680        0.001028892221
  198       59.400000000000        0.000238048650       -0.000322141693
  199       59.700000000000        0.000588563633       -0.000527319931
  200       60.000000000000       -0.000163547034        0.001210186176
  201       60.300000000000       -0.000356669482       -0.001446038911
  202       60.600000000000        0.000542434458        0.000688816742
  203       60.900000000000        0.001450114704       -0.000102957755
  204       61.200000000000        0.000641691125        0.000160024496
  205       61.500000000000       -0.000247822651        0.000045561147
  206       61.800000000000       -0.000350196228       -0.001450643302
  207       62.100000000000        0.000079195752       -0.000470236275
  208       62.400000000000        0.000289024330        0.000924380355
  209       62.700000000000        0.000265644406       -0.000225312975
  210       63.000000000000       -0.000331373155       -0.000085700852
  211       63.300000000000       -0.000954656899       -0.001214350813
  212       63.600000000000       -0.001116605670        0.001516572134
  213       63.900000000000       -0.001271867737        0.001711173391
  214       64.200000000000       -0.001139791380        0.001356397824
  215       64.500000000000       -0.001181170063        0.001361487507
  216       64.800000000000       -0.000769049955       -0.001141971724
  217       65.100000000000       -0.001388802763       -0.000246391521
  218       65.400000000000       -0.001501232334       -0.000616499926
  219       65.700000000000       -0.000950963388       -0.000252036388
  220       66.000000000000       -0.000947907714       -0.000377467901
  221       66.300000000000       -0.001497643188        0.000850605144
  222       66.600000000000       -0.001366373062       -0.001292534609
  223       66.900000000000       -0.001198727903        0.001051444292
  224       67.200000000000       -0.001611529661        0.002251916580
  225       67.500000000000       -0.000920007416       -0.000574593208
  226       67.800000000000       -0.000991954418        0.001817245931
  227       68.100000000000       -0.001632560290        0.001329062251
  228       68.400000000000       -0.001789559069        0.000351599953
  229       68.700000000000       -0.000714662248        0.001320842641
  230       69.000000000000        0.000082053683        0.001588045375
  231       69.300000000000       -0.000240509840        0.000955599914
  232       69.600000000000       -0.000668892563        0.000062898831
  233       69.900000000000       -0.000868343382       -0.000018605753
  234       70.200000000000       -0.000424251941       -0.000208305374
  235       70.500000000000       -0.000217640413        0.000095147472
  236       70.800000000000       -0.000828299065       -0.000572114051
  237       71.100000000000       -0.001726723957        0.001819552749
  238       71.400000000000       -0.001693030463       -0.000286288349
  239       71.700000000000       -0.000922175093       -0.000057262447
  240       72.000000000000       -0.000329824498       -0.000551905377
  241       72.300000000000       -0.000155975382        0.000738404266
  242       72.600000000000        0.000334256879        0.002984842656
  243       72.900000000000        0.000220562786        0.002440852935
  244       73.200000000000       -0.000362199315       -0.000490017566
  245       73.500000000000       -0.000459861945       -0.001563033666
  246       73.800000000000       -0.000441666244       -0.001187088201
  247       74.100000000000        0.000151270389       -0.000131928896
  248       74.400000000000        0.000495261463       -0.000523149944
  249       74.700000000000        0.000123586247        0.001332150564
  250       75.000000000000        0.000407617844       -0.000550661670
  251       75.300000000000        0.000501317726       -0.001186385015
  252       75.600000000000       -0.000081664576       -0.000049948729
  253       75.900000000000        0.000276497576       -0.000199921217
  254       76.200000000000        0.000351973105        0.000077564234
  255       76.500000000000        0.000885980087        0.000736153822
  256       76.800000000000        0.001133849578        0.002012107343
  257       77.100000000000        0.000756942558       -0.000816208107
  258       77.400000000000        0.000163766407        0.000271267730
  259       77.700000000000        0.000317752646        0.001017682975
  260       78.000000000000        0.001053991495        0.000154940582
  261       78.300000000000        0.001264438491       -0.000331991753
  262       78.600000000000        0.001231549079       -0.000322875640
  263       78.900000000000        0.001271338350        0.000237264372
  264       79.200000000000        0.000740118952       -0.001452231196
  265       79.500000000000        0.000564751123       -0.000990795349
  266       79.800000000000       -0.000249434724       -0.000619353315
  267       80.100000000000       -0.000783825828       -0.000173874869
  268       80.400000000000       -0.000677843234       -0.000187138811
  269       80.700000000000       -0.000538686738       -0.000276656881
  270       81.000000000000       -0.000594306048        0.002349664157
  271       81.300000000000       -0.000996806062        0.001126703139
  272       81.600000000000       -0.001929664170        0.001518752956
  273       81.900000000000       -0.001968689813        0.000242725201
  274       82.200000000000       -0.000790731690       -0.000254390470
  275       82.500000000000        0.000211977349       -0.001627772123
  276       82.800000000000        0.000506599361       -0.000605292559
  277       83.100000000000        0.000846423115       -0.000655966114
  278       83.400000000000        0.000284720676       -0.001087136623
  279       83.700000000000        0.000221412844       -0.001467165737
  280       84.000000000000        0.000887049872        0.000737779996
  281       84.300000000000        0.000830745694       -0.001219834861
  282       84.600000000000        0.000354190765        0.002135204069
  283       84.900000000000       -0.000482977944        0.003106669565
  284       85.200000000000       -0.000647695381        0.001567903715
  285       85.500000000000       -0.000459799327        0.000538782720
  286       85.800000000000        0.000257024606        0.000949214523
  287       86.100000000000        0.000886122031       -0.000801253148
  288       86.400000000000        0.000733480273       -0.000464469995
  289       86.700000000000        0.001383542006        0.001133765995
  290       87.000000000000        0.001795028052       -0.000163433325
  291       87.300000000000        0.001606773010       -0.000347384030
  292       87.600000000000        0.001229327814        0.000070019929
  293       87.900000000000        0.000695685680        0.000122437753
  294       88.200000000000       -0.000020450944       -0.000435584354
  295       88.500000000000       -0.000658097752       -0.000815081397
  296       88.800000000000       -0.000005305831       -0.002086555575
  297       89.100000000000        0.000056575379       -0.001418625408
  298       89.400000000000        0.000021592964        0.000733204475
  299       89.700000000000       -0.000388260435       -0.000540374004
  300       90.000000000000       -0.000374416818        0.001710889733
  301       90.300000000000       -0.000149314487        0.000601542836
  302       90.600000000000       -0.000327701898        0.001545396610
  303       90.900000000000       -0.000469724088       -0.001107368180
  304       91.200000000000       -0.001410614578       -0.001763478603
  305       91.500000000000       -0.002006108742       -0.000741284590
  306       91.800000000000       -0.001482158189        0.001207053947
  307       92.100000000000       -0.001652887466        0.000124259969
  308       92.400000000000       -0.002018318201        0.001546096031
  309       92.700000000000       -0.001009040035        0.001045031568
  310       93.000000000000       -0.000586950169        0.001312979830
  311       93.300000000000       -0.001008248082        0.001088448835
  312       93.600000000000       -0.000837227116        0.000233738762
  313       93.900000000000       -0.001008669823       -0.000565346184
  314       94.200000000000       -0.001024078003        0.001085578046
  315       94.500000000000       -0.001482598037        0.001032391054
  316       94.800000000000       -0.001760174818        0.001157175983
  317       95.100000000000       -0.001238477199       -0.001368823210
  318       95.400000000000       -0.000996661866       -0.002219247525
  319       95.700000000000       -0.001044038300       -0.002238918903
  320       96.000000000000       -0.000346967883       -0.001209336873
  321       96.300000000000       -0.000013036098        0.001296273260
  322       96.600000000000        0.000182736542       -0.000134191904
  323       96.900000000000       -0.000624774997       -0.000472130571
  324       97.200000000000       -0.001288405609        0.002128830761
  325       97.500000000000       -0.001231377795        0.000586006072
  326       97.800000000000       -0.001187452357       -0.000556369480
  327       98.100000000000       -0.001281808813       -0.000531878076
  328       98.400000000000       -0.001281033079       -0.001356406395
  329       98.700000000000       -0.001396079986        0.000810686297
  330       99.000000000000       -0.000293171209        0.000496285575
  331       99.300000000000       -0.000578773224       -0.000493238584
  332       99.600000000000       -0.001187847427        0.000330521607
  333       99.900000000000       -0.000861607258       -0.001388220523
  334      100.200000000000       -0.000994650273        0.000157045891
  335      100.500000000000       -0.001285490616        0.001028070815
  336      100.800000000000       -0.000885047367       -0.000323300842
  337      101.100000000000       -0.001099660220        0.001133657630
  338      101.400000000000       -0.001521390805        0.001176912457
  339      101.700000000000       -0.001024644323       -0.000371610926
  340      102.000000000000       -0.000676210158       -0.000767612527
  341      102.300000000000       -0.000406928715        0.000539626785
  342      102.600000000000       -0.000455745491        0.000214971734
  343      102.900000000000       -0.000840475126        0.000088593814
  344      103.200000000000       -0.000787634189        0.001960069952
  345      103.500000000000       -0.000726688940       -0.000065045630
  346      103.800000000000       -0.000963320182       -0.001506046098
  347      104.100000000000       -0.000845610488        0.000609693405
  348      104.400000000000       -0.000386155694       -0.001246686397
  349      104.700000000000        0.000417781553       -0.000487696832
  350      105.000000000000        0.000181517160       -0.000227368297
  351      105.300000000000        0.000281193394       -0.001416614705
  352      105.600000000000        0.000220890606       -0.000125531309
  353      105.900000000000       -0.000616235171        0.001420524120
  354      106.200000000000       -0.000394643104        0.000838731544
  355      106.500000000000       -0.000066486183       -0.000380200352
  356      106.800000000000       -0.000345970686       -0.000407812332
  357      107.100000000000       -0.000454887900        0.000788647372
  358      107.400000000000        0.000112628286        0.001630503630
  359      107.700000000000        0.001136419422        0.000281762192
  360      108.000000000000        0.001503030776       -0.000107002833
  361      108.300000000000        0.001213311864       -0.000559065195
  362      108.600000000000        0.000458696878        0.000268787902
  363      108.900000000000        0.000742801771        0.000048146474
  364      109.200000000000        0.000510131636       -0.003449578688
  365      109.500000000000        0.000110309574       -0.002172071429
  366      109.800000000000        0.000171961081       -0.000983204872
  367      110.100000000000        0.000187633472        0.000772825481
  368      110.400000000000        0.000004952849       -0.000488865231
  369      110.700000000000        0.000234979554       -0.000939323209
  370      111.000000000000       -0.000049863058       -0.000543468661
  371      111.300000000000       -0.000778152495       -0.001468945686
  372      111.600000000000       -0.000610958930        0.000394550152
  373      111.900000000000       -0.000253468746       -0.000896902806
  374      112.200000000000       -0.000114092569        0.001175575248
  375      112.500000000000       -0.000839233699       -0.000690580681
  376      112.800000000000       -0.001449356489       -0.000027775150
  377      113.100000000000       -0.001004533897        0.000503551367
  378      113.400000000000       -0.000718148793        0.001001210520
  379      113.700000000000       -0.000079139421        0.001300418471
  380      114.000000000000       -0.000203064835        0.000200157189
  381      114.300000000000       -0.001125727955        0.001003839358
  382      114.600000000000       -0.001282051453        0.001036451227
  383      114.900000000000       -0.000329907403        0.000751406286
  384      115.200000000000        0.000063892210        0.000216736824
  385      115.500000000000        0.000276202768        0.002104173556
  386      115.800000000000        0.000531274832        0.000026132858
  387      116.100000000000        0.000176851013        0.000211141508
  388      116.400000000000       -0.000236255086        0.000024419487
  389      116.700000000000       -0.000302779224        0.000618382700
  390      117.000000000000       -0.001449180491       -0.000263234354
  391      117.300000000000       -0.001353022662       -0.000657885068
  392      117.600000000000       -0.001009403870       -0.000250684351
  393      117.900000000000       -0.001115333002       -0.000086899215
  394      118.200000000000       -0.000438190240        0.000742488430
  395      118.500000000000       -0.000467442098        0.001408011971
  396      118.800000000000       -0.000218462727        0.001762409943
  397      119.100000000000       -0.000786676519       -0.000883389881
  398      119.400000000000       -0.001336769755       -0.001159529430
  399      119.700000000000       -0.000845404490        0.000449718933
