    0        0.000000000000        1.002667863175        0.998058050666
    1        0.300000000000        0.804622902150        0.012186793242
    2        0.600000000000        0.509066303137        0.003954801392
    3        0.900000000000        0.330701976204        0.001133862108
    4        1.200000000000        0.226782047231        0.001056727320
    5        1.500000000000        0.163249826826        0.001030120910
    6        1.800000000000        0.120510420271        0.001068135375
    7        2.100000000000        0.088145991442        0.000022254947
    8        2.400000000000        0.064704071372        0.000384674549
    9        2.700000000000        0.047867781649       -0.000516486116
   10        3.000000000000        0.034940293482       -0.001081430791
   11        3.300000000000        0.026611834719       -0.001463447680
   12        3.600000000000        0.020688038786        0.000253207165
   13        3.900000000000        0.015695014047       -0.000288664015
   14        4.200000000000        0.011211906897       -0.000727896511
   15        4.500000000000        0.008332129184       -0.002495356908
   16        4.800000000000        0.006272919760       -0.001270799843
   17        5.100000000000        0.004676084113       -0.000961708378
   18        5.400000000000        0.003986972127        0.001253632348
   19        5.700000000000        0.003219063996        0.001625061728
   20        6.000000000000        0.001789025088       -0.000463235753
   21        6.300000000000        0.000558735620        0.000253783752
   22        6.600000000000        0.000765098884        0.000976680675
   23        6.900000000000        0.001305882076       -0.000030446609
   24        7.200000000000        0.001480878576       -0.001490971932
   25        7.500000000000        0.000398037229        0.000587423586
   26        7.800000000000        0.000033760468        0.000821145924
   27        8.100000000000       -0.000142163976        0.000766634089
   28        8.400000000000       -0.000356571456       -0.000363809873
   29        8.700000000000       -0.000498104379        0.000528478662
   30        9.000000000000       -0.000878636188        0.000584775314
   31        9.300000000000       -0.000883712465        0.000494972940
   32        9.600000000000       -0.001027272596        0.000189841896
   33        9.900000000000       -0.001462228906        0.000835557436
   34       10.200000000000       -0.000880533210       -0.000680564537
   35       10.500000000000        0.000813201524        0.000008047235
   36       10.800000000000        0.002107531568       -0.000036937220
   37       11.100000000000        0.002574531597       -0.001542722480
   38       11.400000000000        0.001858088517        0.000315782269
   39       11.700000000000        0.000621483585        0.000399977354
   40       12.000000000000        0.000372337877        0.001048815139
   41       12.300000000000       -0.000081767927       -0.000281759393
   42       12.600000000000       -0.000117073337        0.000378811653
   43       12.900000000000        0.000357599212       -0.001213369431
   44       13.200000000000        0.000336324232        0.000965267762
   45       13.500000000000       -0.000272530037        0.000092661706
   46       13.800000000000        0.000863912481       -0.001284506242
   47       14.100000000000        0.001117649057        0.000031333027
   48       14.400000000000        0.000473351998       -0.001678385253
   49       14.700000000000        0.001047777565       -0.000743497043
   50       15.000000000000        0.001050762854       -0.000862201914
   51       15.300000000000        0.001087956403        0.000104705661
   52       15.600000000000        0.001236015695       -0.001697096655
   53       15.900000000000        0.000315502776       -0.001407168195
   54       16.200000000000       -0.000100369708        0.001100058712
   55       16.500000000000        0.000256042785       -0.000191002325
   56       16.800000000000        0.000079087088        0.001272086487
   57       17.100000000000       -0.000539233210       -0.001683147206
   58       17.400000000000       -0.000604253260        0.001073987348
   59       17.700000000000       -0.000478101393        0.000475770960
   60       18.000000000000       -0.000373664638       -0.002297391148
   61       18.300000000000       -0.000590971594        0.000091253139
   62       18.600000000000       -0.000720532821       -0.000873258779
   63       18.900000000000       -0.000662444693        0.000166105540
   64       19.200000000000        0.000520001664        0.000195455106
   65       19.500000000000        0.001269329800       -0.001833230213
   66       19.800000000000        0.002096238983        0.000881332131
   67       20.100000000000        0.001806909385        0.002191098421
   68       20.400000000000        0.001009545163       -0.001339043863
   69       20.700000000000        0.000563869080       -0.000032004858
   70       21.000000000000       -0.000348269071       -0.000275566928
   71       21.300000000000        0.000412963546       -0.001538504181
   72       21.600000000000        0.001339325406        0.000794857149
   73       21.900000000000        0.001369423125       -0.000303874115
   74       22.200000000000        0.000503014805        0.001823691794
   75       22.500000000000        0.000009866864        0.000962425920
   76       22.800000000000       -0.000131720960        0.000221982091
   77       23.100000000000       -0.000018139683        0.000208524196
   78       23.400000000000       -0.000038999597        0.000869487624
   79       23.700000000000       -0.000576117251       -0.000048997303
   80       24.000000000000       -0.000171705998        0.000039215706
   81       24.300000000000        0.000524881628       -0.001248136876
   82       24.600000000000        0.000373894283        0.001140421897
   83       24.900000000000       -0.000537945467        0.000637962601
   84       25.200000000000       -0.000803542745       -0.000951283251
   85       25.500000000000       -0.001167302843        0.001089662131
   86       25.800000000000       -0.000867758854        0.001184793587
   87       26.100000000000       -0.000236605180        0.001109660724
   88       26.400000000000        0.000233596506       -0.000489765175
   89       26.700000000000        0.000105720867        0.000141115230
   90       27.000000000000       -0.000139416782        0.000416236111
   91       27.300000000000       -0.000976890858       -0.000993093062
   92       27.600000000000       -0.000074424013        0.000371487774
   93       27.900000000000        0.000139484306       -0.000227996125
   94       28.200000000000       -0.000305863412        0.000234647345
   95       28.500000000000       -0.001174411416        0.000161677467
   96       28.800000000000       -0.002089397608        0.000912094004
   97       29.100000000000       -0.002259805563        0.000713727162
   98       29.400000000000       -0.000974453344        0.000950898810
   99       29.700000000000       -0.000478712519        0.000215256527
  100       30.000000000000       -0.000302570001       -0.001195853208
  101       30.300000000000       -0.001019263498        0.001267285692
  102       30.600000000000       -0.002405461101        0.001453275687
  103       30.900000000000       -0.001896722014        0.000889771730
  104       31.200000000000       -0.000740361702       -0.002341749316
  105       31.500000000000        0.000345775747        0.000234249652
  106       31.800000000000        0.000082373043       -0.001715181452
  107       32.100000000000       -0.001559469624        0.000428445061
  108       32.400000000000       -0.002091020243        0.000912109694
  109       32.700000000000       -0.001252509249        0.001110060189
  110       33.000000000000       -0.001089594084        0.001150204356
  111       33.300000000000       -0.001403528921       -0.000813965995
  112       33.600000000000       -0.001559283675        0.000328638041
  113       33.900000000000       -0.002307783586       -0.001122606191
  114       34.200000000000       -0.003674184133        0.001207839700
  115       34.500000000000       -0.003201660806       -0.000329628421
  116       34.800000000000       -0.001847403809       -0.000605438838
  117       35.100000000000       -0.001771956912       -0.000479909008
  118       35.400000000000       -0.000610675337        0.000721288074
  119       35.700000000000        0.000956425251       -0.000811388273
  120       36.000000000000        0.001052468737       -0.000770564882
  121       36.300000000000        0.001527751059       -0.000857556388
  122       36.600000000000        0.001323715861       -0.001009602669
  123       36.900000000000        0.000684809126       -0.001757390829
  124       37.200000000000        0.000359458768        0.000310792200
  125       37.500000000000        0.000334064907        0.000134483739
  126       37.800000000000        0.000418987288       -0.000709363532
  127       38.100000000000        0.000387221693        0.001037283218
  128       38.400000000000        0.000624366200        0.002903134426
  129       38.700000000000        0.000778369408       -0.000101006513
  130       39.000000000000        0.000327345190        0.000023034630
  131       39.300000000000       -0.000382298749       -0.000439912145
  132       39.600000000000       -0.001579114005       -0.000295348193
  133       39.900000000000       -0.001922232124       -0.002105638900
  134       40.200000000000       -0.002130656835        0.000068297456
  135       40.500000000000       -0.001867808148       -0.000672404282
  136       40.800000000000       -0.001007608091       -0.000536560158
  137       41.100000000000       -0.000607415112        0.000236112149
  138       41.400000000000       -0.001601357954        0.000922309792
  139       41.700000000000       -0.001680793080        0.001414653539
  140       42.000000000000       -0.001688735012       -0.001156245157
  141       42.300000000000       -0.001732391262       -0.000897076540
  142       42.600000000000       -0.001698146883       -0.000379869662
  143       42.900000000000       -0.001445669467       -0.000916883539
  144       43.200000000000       -0.001021856004       -0.000342519062
  145       43.500000000000       -0.000497913637       -0.001004114026
  146       43.800000000000        0.000083851066       -0.001050367541
  147       44.100000000000        0.000471966641        0.001018553742
  148       44.400000000000        0.000272162471        0.000887416598
  149       44.700000000000        0.001290298315        0.000083321799
  150       45.000000000000        0.002416003404        0.001598234034
  151       45.300000000000        0.002659659971       -0.000017417385
  152       45.600000000000        0.001848105598        0.001047304397
  153       45.900000000000        0.001188310460        0.001494010857
  154       46.200000000000        0.001541371125       -0.000050884391
  155       46.500000000000        0.001919489190        0.000782773155
  156       46.800000000000        0.002381795545        0.001311215464
  157       47.100000000000        0.002188108593       -0.002120319026
  158       47.400000000000        0.002358966006        0.000224190478
  159       47.700000000000        0.001668150461       -0.000071811651
  160       48.000000000000        0.001127870347       -0.001073789314
  161       48.300000000000        0.000606921786        0.000494054314
  162       48.600000000000       -0.000153211934        0.000747974622
  163       48.900000000000       -0.000496859450        0.000282271852
  164       49.200000000000        0.000695735443       -0.000849049643
  165       49.500000000000        0.001427706519       -0.000385743208
  166       49.800000000000        0.000948323098       -0.000602009077
  167       50.100000000000       -0.000031117359        0.001593737699
  168       50.400000000000       -0.000541675375        0.001478584205
  169       50.700000000000       -0.002363591625       -0.000734889470
  170       51.000000000000       -0.003470130617       -0.000425542483
  171       51.300000000000       -0.002451944773        0.001066536377
  172       51.600000000000       -0.001821562115       -0.001093793042
  173       51.900000000000       -0.001646722002       -0.000740600176
  174       52.200000000000       -0.001182742315       -0.000093150729
  175       52.500000000000       -0.000461152754       -0.001381429141
  176       52.800000000000        0.000270372671        0.000369246657
  177       53.100000000000        0.000318996450       -0.000610804296
  178       53.400000000000        0.000052268535       -0.000903356284
  179       53.700000000000        0.000554422208        0.000957987697
  180       54.000000000000        0.001229638466        0.000284590641
  181       54.300000000000        0.001964914679        0.000413532138
  182       54.600000000000        0.001660488146       -0.000527816825
  183       54.900000000000        0.001271559734        0.001889643629
  184       55.200000000000        0.000627710183        0.000099685136
  185       55.500000000000        0.000070990539        0.000131804855
  186       55.800000000000        0.000112150069       -0.000360412581
  187       56.100000000000       -0.000325665677        0.000471486325
  188       56.400000000000       -0.000375105399        0.000173429691
  189       56.700000000000       -0.000575135026       -0.000105337418
  190       57.000000000000       -0.001091486572       -0.000659815207
  191       57.300000000000       -0.001316451109        0.000108387499
  192       57.600000000000       -0.000671695295        0.000045042363
  193       57.900000000000       -0.000386585830       -0.000636076834
  194       58.200000000000       -0.000707742595        0.000585683903
  195       58.500000000000       -0.000679151346       -0.001064049230
  196       58.800000000000        0.000004949099        0.001264332711
  197       59.100000000000       -0.000479240201        0.000408780911
  198       59.400000000000       -0.000141744907       -0.000806554849
  199       59.700000000000        0.000065920462        0.001259443379
  200       60.000000000000       -0.000079710167        0.000726388274
  201       60.300000000000        0.000403952353        0.000125095879
  202       60.600000000000        0.000979862703        0.002383039967
  203       60.900000000000        0.000996391094        0.000388543198
  204       61.200000000000        0.001051499254       -0.000243930278
  205       61.500000000000        0.001425482170        0.000130222386
  206       61.800000000000        0.001150106310        0.000228014311
  207       62.100000000000        0.001718104365       -0.001636483226
  208       62.400000000000        0.001607648307        0.000974199267
  209       62.700000000000        0.000718573191        0.000862888584
  210       63.000000000000        0.000304819745        0.001377362131
  211       63.300000000000        0.000870306288        0.001560196968
  212       63.600000000000        0.001077708743       -0.000891120863
  213       63.900000000000        0.000300929596        0.000730208453
  214       64.200000000000       -0.000560365294        0.000705210299
  215       64.500000000000       -0.001111140222       -0.000181138884
  216       64.800000000000       -0.001327435764       -0.001787657279
  217       65.100000000000       -0.001017333980       -0.000817784263
  218       65.400000000000        0.000049978975        0.000691242930
  219       65.700000000000        0.000724489800        0.000724572819
  220       66.000000000000        0.000882200765        0.000837697427
  221       66.300000000000        0.000586626141       -0.000067048540
  222       66.600000000000        0.000294431018       -0.001922256864
  223       66.900000000000       -0.000329661517       -0.000360283785
  224       67.200000000000       -0.000859960877       -0.000316951728
  225       67.500000000000       -0.000359937323       -0.001091428179
  226       67.800000000000       -0.000809300337        0.000896385689
  227       68.100000000000       -0.001332286992        0.002564409211
  228       68.400000000000       -0.000806606535       -0.000458539871
  229       68.700000000000        0.000172479638        0.001244216085
  230       69.000000000000       -0.000465740879        0.001616568356
  231       69.300000000000       -0.001159823472       -0.000048314590
  232       69.600000000000       -0.000109359231        0.000905159925
  233       69.900000000000       -0.000135408822       -0.000735622696
  234       70.200000000000        0.000022308350        0.000237901070
  235       70.500000000000        0.000084228811       -0.000030047979
  236       70.800000000000       -0.000555911907        0.000268549449
  237       71.100000000000       -0.000089585726        0.000296700396
  238       71.400000000000        0.000291932017        0.000781910384
  239       71.700000000000        0.000163628133       -0.000518696199
  240       72.000000000000       -0.000660104328       -0.001154998153
  241       72.300000000000       -0.001036762463        0.001670376020
  242       72.600000000000       -0.000499119648       -0.000404445836
  243       72.900000000000       -0.000253398990        0.000453735520
  244       73.200000000000       -0.000295708986        0.000446133941
  245       73.500000000000       -0.000378268325        0.001128519035
  246       73.800000000000       -0.001755554456        0.000650044856
  247       74.100000000000       -0.002595918219       -0.000553139367
  248       74.400000000000       -0.001701343786        0.001324451391
  249       74.700000000000       -0.001501846811       -0.002025974201
  250       75.000000000000       -0.001141722442        0.000948560711
  251       75.300000000000       -0.000769163694       -0.000736051688
  252       75.600000000000       -0.000620927356        0.000254534868
  253       75.900000000000       -0.000218641743        0.000950888812
  254       76.200000000000       -0.000711751871       -0.000110443865
  255       76.500000000000       -0.000471611720        0.000531376056
  256       76.800000000000       -0.001125136334        0.000303395817
  257       77.100000000000       -0.001979455654        0.001100975582
  258       77.400000000000       -0.002081826989       -0.000107335775
  259       77.700000000000       -0.001973238233        0.000535801168
  260       78.000000000000       -0.000621479581        0.001517327629
  261       78.300000000000        0.001236877911       -0.000482918274
  262       78.600000000000        0.002083192303       -0.001132946551
  263       78.900000000000        0.000950838088        0.002071737469
  264       79.200000000000       -0.000943236542        0.000476208791
  265       79.500000000000       -0.001894284290        0.000619541789
  266       79.800000000000       -0.000962191493       -0.000423003514
  267       80.100000000000        0.000035085098       -0.000165719460
  268       80.400000000000       -0.000056731803        0.000915857795
  269       80.700000000000        0.000487891437       -0.000507354033
  270       81.000000000000       -0.000190348803        0.002395439526
  271       81.300000000000       -0.001076000017        0.000763570119
  272       81.600000000000       -0.000383416347        0.001310028677
  273       81.900000000000        0.000045210791        0.000125073277
  274       82.200000000000       -0.000701203526        0.002342712647
  275       82.500000000000       -0.000555457322       -0.001184751134
  276       82.800000000000       -0.000486329394       -0.000153894780
  277       83.100000000000       -0.000994270549        0.000711700704
  278       83.400000000000       -0.000542116178        0.001834612536
  279       83.700000000000       -0.000194451906       -0.000467944381
  280       84.000000000000       -0.000656131229        0.000479711566
  281       84.300000000000       -0.000773985726       -0.000697068019
  282       84.600000000000        0.000070645211        0.001221581244
  283       84.900000000000       -0.000495081029        0.000414793414
  284       85.200000000000       -0.001055236890        0.000673969608
  285       85.500000000000       -0.001609195746       -0.000137586365
  286       85.800000000000       -0.002194491320       -0.000717994666
  287       86.100000000000       -0.002117187287        0.000224849917
  288       86.400000000000       -0.001639012744       -0.000434539366
  289       86.700000000000       -0.001120657714        0.000430699345
  290       87.000000000000       -0.000432694416       -0.001539964326
  291       87.300000000000       -0.000526423981       -0.000015173018
  292       87.600000000000       -0.000324948239       -0.000567206141
  293       87.900000000000       -0.000121699186       -0.002418798356
  294       88.200000000000        0.000017344649       -0.002441902267
  295       88.500000000000        0.000679201286        0.000004149079
  296       88.800000000000        0.000878738378        0.000640353141
  297       89.100000000000        0.001134205933        0.000646690749
  298       89.400000000000        0.001716257464        0.000715681190
  299       89.700000000000        0.000928191466        0.000847258272
  300       90.000000000000        0.000652239643       -0.000430203032
  301       90.300000000000        0.000756871808        0.000885757529
  302       90.600000000000        0.001104819933        0.001330964085
  303       90.900000000000        0.001064273396       -0.000039677337
  304       91.200000000000       -0.000386666789       -0.002549486410
  305       91.500000000000       -0.001268591374        0.000083261062
  306       91.800000000000       -0.001072698130        0.001021730685
  307       92.100000000000       -0.000789217978       -0.000346092376
  308       92.400000000000       -0.001323982953        0.000576469987
  309       92.700000000000       -0.001587171604       -0.000535190548
  310       93.000000000000       -0.000930882310        0.000282585636
  311       93.300000000000        0.000020554483        0.000356052034
  312       93.600000000000        0.000563959273       -0.000272787725
  313       93.900000000000        0.001158160240        0.000846159956
  314       94.200000000000        0.001321859905       -0.001738763540
  315       94.500000000000        0.000885860349       -0.000352797586
  316       94.800000000000        0.000285513227        0.001115323652
  317       95.100000000000       -0.000040976158       -0.001098159055
  318       95.400000000000       -0.000272467356        0.000605375495
  319       95.700000000000       -0.000310784152        0.000158196532
  320       96.000000000000       -0.000324171074        0.000666100481
  321       96.300000000000       -0.001159113490       -0.001396295199
  322       96.600000000000       -0.000903307396       -0.000259702906
  323       96.900000000000       -0.000718078441        0.000605189725
  324       97.200000000000       -0.001174203280        0.000012459246
  325       97.500000000000       -0.001421936157        0.001768163181
  326       97.800000000000       -0.000760814977       -0.000091572166
  327       98.100000000000       -0.000556893033       -0.000508779026
  328       98.400000000000       -0.001133766607       -0.001804249397
  329       98.700000000000       -0.001203571990       -0.000321441943
  330       99.000000000000        0.000295160104        0.000553520961
  331       99.300000000000        0.001679192191       -0.001034505393
  332       99.600000000000        0.001460176956        0.001730419249
  333       99.900000000000        0.000758467303       -0.000345757354
  334      100.200000000000        0.001547632302        0.000462999311
  335      100.500000000000        0.000766081109       -0.000045930329
  336      100.800000000000       -0.001102859908        0.000536271808
  337      101.100000000000       -0.002024141993        0.001977739360
  338      101.400000000000       -0.001948921744        0.000063260665
  339      101.700000000000       -0.000939403543        0.001548515913
  340      102.000000000000       -0.000882600640        0.002175245627
  341      102.300000000000       -0.001112446105       -0.000023200899
  342      102.600000000000       -0.000893208739        0.000170644217
  343      102.900000000000       -0.000331816136        0.000651118356
  344      103.200000000000       -0.000873262511       -0.000127725474
  345      103.500000000000       -0.001168226081        0.000067729765
  346      103.800000000000       -0.000263485504       -0.000364742030
  347      104.100000000000       -0.000216144831       -0.000469426633
  348      104.400000000000       -0.000541725001       -0.000470008280
  349      104.700000000000       -0.000595162926       -0.000954002289
  350      105.000000000000       -0.000408767878        0.000227375042
  351      105.300000000000        0.000937196428        0.000250801153
  352      105.600000000000        0.001917005062       -0.000644710764
  353      105.900000000000        0.001462262098       -0.000517300930
  354      106.200000000000        0.000188708256        0.000538638756
  355      106.500000000000       -0.000177848211        0.000271222732
  356      106.800000000000        0.000854023954       -0.000413311078
  357      107.100000000000        0.001015215442        0.000106744877
  358      107.400000000000        0.000959535802        0.002553580314
  359      107.700000000000        0.000687541126        0.000521515693
  360      108.000000000000        0.000810097815        0.001096285480
  361      108.300000000000        0.001048059935       -0.001020394326
  362      108.600000000000        0.000908709428       -0.002488635357
  363      108.900000000000        0.000926050517       -0.000295993847
  364      109.200000000000        0.000969447855        0.000624498952
  365      109.500000000000        0.000891581105        0.000836515663
  366      109.800000000000        0.001193882280       -0.002639405152
  367      110.100000000000        0.001105892739       -0.000189894588
  368      110.400000000000        0.001299687368       -0.000484151613
  369      110.700000000000        0.000812844745       -0.000511228483
  370      111.000000000000       -0.000090364388        0.000594246750
  371      111.300000000000       -0.000339664081       -0.000193657640
  372      111.600000000000        0.000505920275        0.000720354055
  373      111.900000000000        0.000803162519       -0.000488636425
  374      112.200000000000        0.000507484519        0.000058453132
  375      112.500000000000        0.000203417395       -0.001861886639
  376      112.800000000000        0.000259314417        0.000289713009
  377      113.100000000000        0.000446224513        0.001141486483
  378      113.400000000000        0.000216581601       -0.000032832231
  379      113.700000000000        0.000416852594        0.000305810163
  380      114.000000000000       -0.000453417461        0.000197491824
  381      114.300000000000       -0.001115612358       -0.000381563945
  382      114.600000000000       -0.002219877648       -0.000342966143
  383      114.900000000000       -0.002674936754        0.000123720557
  384      115.200000000000       -0.002673506766       -0.000193076969
  385      115.500000000000       -0.002442782463        0.000099477903
  386      115.800000000000       -0.002723445899       -0.000019971230
  387      116.100000000000       -0.003207935714        0.000666673304
  388      116.400000000000       -0.003181150848        0.000696225394
  389      116.700000000000       -0.001740461150       -0.000937283759
  390      117.000000000000       -0.000435377167        0.000233446927
  391      117.300000000000       -0.000016100271        0.000660473758
  392      117.600000000000       -0.000590852301        0.001732402792
  393      117.900000000000       -0.001057408910       -0.000380557657
  394      118.200000000000       -0.000794292414        0.001680619038
  395      118.500000000000       -0.000509507155       -0.000200731646
  396      118.800000000000       -0.000481154004       -0.000838509727
  397      119.100000000000        0.000042746396        0.000090677137
  398      119.400000000000       -0.000834006185       -0.000649744589
  399      119.700000000000       -0.001735472619       -0.001157766080
