    0        0.000000000000        0.995822478156        1.006916996308
    1        0.300000000000        0.795251887527        0.009532807604
    2        0.600000000000        0.501553852371        0.001810316288
    3        0.900000000000        0.327518931939        0.002395060071
    4        1.200000000000        0.225617948549        0.000976109941
    5        1.500000000000        0.160591185596       -0.000211118470
    6        1.800000000000        0.116605906068       -0.001189436866
    7        2.100000000000        0.087065530115       -0.000918093955
    8        2.400000000000        0.064132351014       -0.000359663523
    9        2.700000000000        0.047016781366        0.000483723800
   10        3.000000000000        0.034421501527        0.000289838828
   11        3.300000000000        0.025801411235       -0.002390965505
   12        3.600000000000        0.019884836492       -0.003061830935
   13        3.900000000000        0.015325969860       -0.000019854221
   14        4.200000000000        0.012287655035        0.000198488796
   15        4.500000000000        0.008413467082        0.000382080958
   16        4.800000000000        0.004655709869        0.001509905856
   17        5.100000000000        0.004035546760        0.001588687466
   18        5.400000000000        0.002271613188       -0.000616189218
   19        5.700000000000       -0.000678211486        0.000552453329
   20        6.000000000000       -0.001020091277       -0.000994411676
   21        6.300000000000       -0.000528700005       -0.000209059651
   22        6.600000000000       -0.000260799011        0.000898800637
   23        6.900000000000       -0.001124678281       -0.000043443381
   24        7.200000000000       -0.000214514983       -0.000440698241
   25        7.500000000000        0.000567868254       -0.000349856428
   26        7.800000000000        0.000631484906       -0.000123885687
   27        8.100000000000        0.000819008794       -0.002313308492
   28        8.400000000000        0.001160054860        0.001445381832
   29        8.700000000000        0.001199060648       -0.000099967685
   30        9.000000000000        0.001296780878       -0.000211707051
   31        9.300000000000        0.000729423116        0.001508007378
   32        9.600000000000       -0.000172066650       -0.000723982510
   33        9.900000000000       -0.000608667522        0.001892291372
   34       10.200000000000        0.000713585052        0.001520950809
   35       10.500000000000        0.001579288072        0.000576388490
   36       10.800000000000        0.001707951861        0.000283204767
   37       11.100000000000        0.001346807793       -0.000542142060
   38       11.400000000000        0.001245292779        0.001301648565
   39       11.700000000000        0.000956558012        0.001344882738
   40       12.000000000000        0.000319431758        0.001115824534
   41       12.300000000000       -0.000287238203       -0.000304111311
   42       12.600000000000        0.000054258173        0.000297362879
   43       12.900000000000        0.000465204625        0.000806675743
   44       13.200000000000       -0.000153605290       -0.001335552787
   45       13.500000000000       -0.000847605574       -0.001172132642
   46       13.800000000000       -0.000609153886       -0.000996303267
   47       14.100000000000       -0.000220293435        0.000839495769
   48       14.400000000000       -0.000454706214       -0.001042142086
   49       14.700000000000       -0.000836997645       -0.000926121528
   50       15.000000000000       -0.000194400874        0.001129235557
   51       15.300000000000        0.000187585088       -0.001476876203
   52       15.600000000000        0.000025404233       -0.000536376187
   53       15.900000000000       -0.001006225526        0.000451677753
   54       16.200000000000       -0.001045667575       -0.000208787277
   55       16.500000000000       -0.000564184202        0.000689786151
   56       16.800000000000        0.000149021562        0.002112888925
   57       17.100000000000        0.000437113277        0.000300227935
   58       17.400000000000        0.001722019785        0.001230715746
   59       17.700000000000        0.002160491306        0.002043013100
   60       18.000000000000        0.001368351741        0.000133176082
   61       18.300000000000        0.002289967348        0.000979143187
   62       18.600000000000        0.002549626602        0.001005461535
   63       18.900000000000        0.002713129239        0.001129400647
   64       19.200000000000        0.002545811383       -0.000475383664
   65       19.500000000000        0.002709404847        0.000232384782
   66       19.800000000000        0.002350220315        0.000579063360
   67       20.100000000000        0.001911162269        0.000523416227
   68       20.400000000000        0.001600040072        0.000434838317
   69       20.700000000000        0.001272194310       -0.001498391919
   70       21.000000000000        0.000957272536       -0.001306680177
   71       21.300000000000        0.000685833273       -0.000206616390
   72       21.600000000000        0.000748976242        0.000703026598
   73       21.900000000000        0.000785998149        0.001593233645
   74       22.200000000000        0.000803272223       -0.000193585743
   75       22.500000000000        0.000741947580       -0.001290954900
   76       22.800000000000        0.000553534704       -0.000010116014
   77       23.100000000000        0.000770375958       -0.001475597340
   78       23.400000000000        0.000826049548       -0.001156898426
   79       23.700000000000        0.001181912957        0.000341850851
   80       24.000000000000        0.001545061467       -0.000332014350
   81       24.300000000000        0.001561238903        0.000792570091
   82       24.600000000000        0.001275119565        0.000074440681
   83       24.900000000000        0.000555990211        0.001123557739
   84       25.200000000000        0.000844531581        0.000484859170
   85       25.500000000000        0.000701373155        0.000519959778
   86       25.800000000000       -0.000413164062        0.000257596539
   87       26.100000000000       -0.000543303345       -0.002093205888
   88       26.400000000000        0.000043002787       -0.000142804935
   89       26.700000000000       -0.000030143288        0.000427539325
   90       27.000000000000       -0.000002646803        0.001811742437
   91       27.300000000000        0.000785625419       -0.000084956178
   92       27.600000000000        0.000711687709        0.000492636632
   93       27.900000000000        0.000045030986        0.000467298121
   94       28.200000000000       -0.000198581004        0.000674777097
   95       28.500000000000       -0.000869006984       -0.000626796871
   96       28.800000000000       -0.001339055736        0.002348096380
   97       29.100000000000       -0.000368743650       -0.000913869078
   98       29.400000000000        0.000313970942       -0.000283477051
   99       29.700000000000        0.000127505604        0.000789216871
  100       30.000000000000       -0.000403327850        0.000435819168
  101       30.300000000000        0.000171226612       -0.000975015119
  102       30.600000000000        0.000094320575       -0.000084911487
  103       30.900000000000       -0.000418156729        0.000144258840
  104       31.200000000000        0.000198187025        0.001566389350
  105       31.500000000000        0.000728773717       -0.000074177546
  106       31.800000000000        0.000212206047        0.000268759608
  107       32.100000000000       -0.000235440281        0.000063240682
  108       32.400000000000       -0.000455021169        0.000638134617
  109       32.700000000000       -0.000740224931       -0.000469223259
  110       33.000000000000       -0.000614028396        0.000846936940
  111       33.300000000000       -0.001073004461        0.001074844297
  112       33.600000000000       -0.000968051713       -0.000531048395
  113       33.900000000000       -0.000487499821        0.001255956527
  114       34.200000000000        0.000498256417        0.000626554357
  115       34.500000000000        0.001809715126       -0.000183458075
  116       34.800000000000        0.001575601273        0.000213005609
  117       35.100000000000        0.001695506849       -0.000592822747
  118       35.400000000000        0.001697958662       -0.002274835126
  119       35.700000000000        0.001376838084        0.001131929210
  120       36.000000000000        0.000599565077        0.001118866934
  121       36.300000000000        0.000186008498        0.000156244484
  122       36.600000000000        0.000079449537        0.001506632965
  123       36.900000000000       -0.000735215436        0.000544521352
  124       37.200000000000       -0.001301668822        0.000205349185
  125       37.500000000000       -0.000876506486       -0.000050091626
  126       37.800000000000       -0.001478489170        0.001680006662
  127       38.100000000000       -0.001022210839       -0.000920498123
  128       38.400000000000        0.000121676419       -0.001155849752
  129       38.700000000000        0.000610183008        0.000483548155
  130       39.000000000000        0.000215629310        0.001091589202
  131       39.300000000000        0.000282670589        0.001637027540
  132       39.600000000000        0.000103500740       -0.000317185703
  133       39.900000000000        0.000165965829        0.000625548909
  134       40.200000000000       -0.000410416920       -0.001303597360
  135       40.500000000000       -0.000441272332        0.000215273602
  136       40.800000000000       -0.000507583786       -0.000001581405
  137       41.100000000000       -0.000173580669        0.001343626809
  138       41.400000000000       -0.000129497575        0.000406192907
  139       41.700000000000       -0.000259473710        0.000532571456
  140       42.000000000000        0.000755139479       -0.000295929541
  141       42.300000000000        0.001024138346       -0.000057376771
  142       42.600000000000        0.000543063098        0.000786665858
  143       42.900000000000       -0.000030260845        0.000315072598
  144       43.200000000000       -0.000965674787       -0.000698370613
  145       43.500000000000       -0.000247823607       -0.000958187146
  146       43.800000000000        0.000554846972        0.000474579455
  147       44.100000000000        0.000789999741       -0.001186992578
  148       44.400000000000        0.002063259001        0.000047224934
  149       44.700000000000        0.002212126062        0.000966232809
  150       45.000000000000        0.002615841204        0.000814590801
  151       45.300000000000        0.002862469068       -0.000382116632
  152       45.600000000000        0.002190872976       -0.000633552992
  153       45.900000000000        0.001776524116       -0.000269461996
  154       46.200000000000        0.001440032276       -0.001775743557
  155       46.500000000000        0.001838856471        0.001404216423
  156       46.800000000000        0.001948233438       -0.001050564346
  157       47.100000000000        0.001201897344       -0.001293650060
  158       47.400000000000        0.000420835284       -0.000328879631
  159       47.700000000000        0.000347805138       -0.000269057183
  160       48.000000000000       -0.001122265233       -0.000406940347
  161       48.300000000000       -0.001704485613        0.001636661460
  162       48.600000000000       -0.001031922191       -0.000576478742
  163       48.900000000000       -0.000668481404        0.000690044516
  164       49.200000000000       -0.000404609405       -0.000558845239
  165       49.500000000000       -0.000340089745       -0.000841124091
  166       49.800000000000       -0.000842261016        0.000801318577
  167       50.100000000000       -0.001363551022       -0.000788523668
  168       50.400000000000       -0.001125345436       -0.001824915015
  169       50.700000000000       -0.000332420928        0.000541166588
  170       51.000000000000        0.000087550226        0.001711683668
  171       51.300000000000        0.000570631841       -0.000160099566
  172       51.600000000000        0.000042957994       -0.001197666552
  173       51.900000000000       -0.000888131115       -0.001975966513
  174       52.200000000000       -0.001308751949       -0.000393841712
  175       52.500000000000       -0.001234031228        0.000106342142
  176       52.800000000000       -0.000363465678       -0.001530727866
  177       53.100000000000        0.000178627445       -0.000999903331
  178       53.400000000000        0.000488261536        0.000007556395
  179       53.700000000000        0.000941748521        0.000347260417
  180       54.000000000000        0.001386465669        0.000049883361
  181       54.300000000000        0.001141940108        0.001067537156
  182       54.600000000000       -0.000070416915        0.001441232562
  183       54.900000000000       -0.000617765361       -0.001621259482
  184       55.200000000000       -0.000404498992       -0.000412264554
  185       55.500000000000        0.000125425311        0.000884206874
  186       55.800000000000        0.000342714344        0.000966773518
  187       56.100000000000       -0.000309043034        0.000144092181
  188       56.400000000000       -0.000909130213       -0.000327443816
  189       56.700000000000       -0.000684907187        0.000547107151
  190       57.000000000000       -0.000691402532        0.001077000642
  191       57.300000000000       -0.000481573680        0.001098402295
  192       57.600000000000        0.000102313579       -0.001678774681
  193       57.900000000000        0.001391231542        0.001152149087
  194       58.200000000000        0.001690189499        0.001393168772
  195       58.500000000000        0.001016342614        0.000225398287
  196       58.800000000000        0.000498172197       -0.000816701794
  197       59.100000000000        0.000428855769        0.000140998246
  198       59.400000000000       -0.000203076252        0.000522446073
  199       59.700000000000       -0.000023862869       -0.000174721968
  200       60.000000000000       -0.000109700901       -0.000329085593
  201       60.300000000000        0.000514019460        0.000140803305
  202       60.600000000000        0.001133795741       -0.000753093075
  203       60.900000000000        0.000011535068       -0.000501975586
  204       61.200000000000       -0.000244209778       -0.000549326814
  205       61.500000000000        0.000133272484       -0.001820416023
  206       61.800000000000        0.000339287603        0.000154973180
  207       62.100000000000       -0.000575869133        0.000258823239
  208       62.400000000000       -0.001135445109        0.002156918555
  209       62.700000000000       -0.001214817810       -0.001061249271
  210       63.000000000000       -0.001270029250       -0.000292997044
  211       63.300000000000       -0.000402793517       -0.001167692416
  212       63.600000000000       -0.000290213573       -0.001237963284
  213       63.900000000000        0.000238277339        0.001179706805
  214       64.200000000000        0.001347907374        0.001131892366
  215       64.500000000000        0.001917858455        0.002475136448
  216       64.800000000000        0.001209153423       -0.000242610157
  217       65.100000000000        0.000323365205       -0.000227482369
  218       65.400000000000        0.000559705450       -0.000832174045
  219       65.700000000000        0.000726291432        0.001722520884
  220       66.000000000000        0.000116489726       -0.001167779022
  221       66.300000000000       -0.001163430375       -0.002008256708
  222       66.600000000000       -0.000990667401       -0.000435328407
  223       66.900000000000        0.000019067188       -0.000053412154
  224       67.200000000000        0.000980256456        0.000042032617
  225       67.500000000000        0.001175108141       -0.000403893587
  226       67.800000000000        0.000896345403        0.000120245636
  227       68.100000000000        0.000595754796       -0.000812900750
  228       68.400000000000        0.000624099778        0.000775003051
  229       68.700000000000        0.000725969227        0.001209796953
  230       69.000000000000        0.000490897930       -0.000485386656
  231       69.300000000000        0.000383885076       -0.000286357241
  232       69.600000000000        0.000585283057       -0.000257803321
  233       69.900000000000        0.000891916466       -0.001279087195
  234       70.200000000000        0.001135063761       -0.001762127660
  235       70.500000000000        0.001420326623       -0.000545938609
  236       70.800000000000        0.002062078938        0.000204346552
  237       71.100000000000        0.002009660926       -0.000929762753
  238       71.400000000000        0.001516515830       -0.000915069199
  239       71.700000000000        0.001411081970       -0.000159236087
  240       72.000000000000        0.000738095661        0.001543421935
  241       72.300000000000        0.000274674240       -0.000585924364
  242       72.600000000000        0.000163729466        0.001156094512
  243       72.900000000000        0.000163485117        0.000482318945
  244       73.200000000000        0.000571089337       -0.000765579632
  245       73.500000000000        0.001436078229       -0.001888219664
  246       73.800000000000        0.001423400701        0.000080910373
  247       74.100000000000        0.001086466005        0.001082592889
  248       74.400000000000        0.000655913860       -0.001764868804
  249       74.700000000000        0.001011995174        0.000090298356
  250       75.000000000000        0.001307338819        0.001146347969
  251       75.300000000000        0.000846888909        0.000749819700
  252       75.600000000000        0.000543527593        0.000223755164
  253       75.900000000000        0.000652766341        0.000636572799
  254       76.200000000000        0.000803826885       -0.000657706669
  255       76.500000000000       -0.000293419584        0.000816657050
  256       76.800000000000       -0.001283761315        0.000927516519
  257       77.100000000000       -0.000346246488       -0.000041021843
  258       77.400000000000        0.000252745687        0.000524327807
  259       77.700000000000       -0.001143473521       -0.001057727201
  260       78.000000000000       -0.002799273525        0.001151108406
  261       78.300000000000       -0.002405300842       -0.000497556876
  262       78.600000000000       -0.002166482715        0.001750396796
  263       78.900000000000       -0.001936444961        0.000240214649
  264       79.200000000000       -0.001393792890        0.002118020455
  265       79.500000000000       -0.001831757861       -0.000741141474
  266       79.800000000000       -0.001670596013        0.001005125349
  267       80.100000000000       -0.000914038953        0.000133367526
  268       80.400000000000        0.000193976692        0.000336254578
  269       80.700000000000        0.000257898530        0.001380223644
  270       81.000000000000        0.000262517552       -0.000903439338
  271       81.300000000000        0.000241497660       -0.001604598464
  272       81.600000000000        0.001017651612        0.000879954491
  273       81.900000000000        0.001121586267       -0.000268624191
  274       82.200000000000        0.000590002280       -0.001243678822
  275       82.500000000000        0.000671459136       -0.000300888984
  276       82.800000000000        0.000237652527        0.001204509348
  277       83.100000000000       -0.000529246611       -0.000337308234
  278       83.400000000000       -0.000383710475       -0.000859072850
  279       83.700000000000       -0.000777485331        0.000452549076
  280       84.000000000000       -0.000837000936       -0.001070794865
  281       84.300000000000       -0.000611394315       -0.000572324464
  282       84.600000000000       -0.000230543356        0.000020020276
  283       84.900000000000       -0.000001670241       -0.000683567493
  284       85.200000000000       -0.000013087746       -0.000889368169
  285       85.500000000000       -0.000699691266        0.001377904962
  286       85.800000000000       -0.001001183260        0.001547997119
  287       86.100000000000       -0.000746928177        0.000467817437
  288       86.400000000000       -0.000825677357        0.000683361331
  289       86.700000000000       -0.000487231688       -0.000410846661
  290       87.000000000000        0.000243685464        0.000756028393
  291       87.300000000000       -0.000119956497       -0.000146368316
  292       87.600000000000       -0.001082816855        0.000646187942
  293       87.900000000000       -0.000449665916       -0.001166735551
  294       88.200000000000        0.001084022344       -0.001286852988
  295       88.500000000000        0.001818963488       -0.000284874647
  296       88.800000000000        0.001421621742        0.001038119747
  297       89.100000000000        0.000642302171        0.000832118376
  298       89.400000000000        0.000425826414       -0.000447278785
  299       89.700000000000        0.000505373348        0.001163634518
  300       90.000000000000       -0.000095825957        0.002124275153
  301       90.300000000000       -0.000961148863       -0.001709654516
  302       90.600000000000        0.000024181921       -0.001301201685
  303       90.900000000000        0.000883204778        0.000065750640
  304       91.200000000000        0.000920054616        0.000320814017
  305       91.500000000000        0.000345468959       -0.000557840700
  306       91.800000000000        0.000532523112       -0.000983142976
  307       92.100000000000        0.000339438267       -0.000301189712
  308       92.400000000000       -0.000401253771       -0.000668113879
  309       92.700000000000       -0.000648948598       -0.000711458309
  310       93.000000000000        0.000109474260       -0.001075588889
  311       93.300000000000        0.000231360696       -0.000429308689
  312       93.600000000000        0.000096806468        0.000934113792
  313       93.900000000000        0.000244063647        0.000918075757
  314       94.200000000000        0.000729610108        0.001219268437
  315       94.500000000000        0.000971605376       -0.000828797405
  316       94.800000000000        0.000885692494       -0.000649162511
  317       95.100000000000       -0.000013590443        0.000296613727
  318       95.400000000000        0.000004324419        0.000057337904
  319       95.700000000000        0.000618257414       -0.001518675341
  320       96.000000000000        0.000279200256       -0.000535538766
  321       96.300000000000        0.000469128733       -0.000287738760
  322       96.600000000000        0.000022567248        0.000035428810
  323       96.900000000000       -0.000190094914       -0.001278853189
  324       97.200000000000        0.000990218411        0.000033963252
  325       97.500000000000        0.002014222254        0.000983701447
  326       97.800000000000        0.002728222692        0.000739670170
  327       98.100000000000        0.001390615654       -0.001223392309
  328       98.400000000000        0.000781007460        0.001681312346
  329       98.700000000000        0.000488087057        0.002399979071
  330       99.000000000000       -0.000230959597       -0.000381273282
  331       99.300000000000        0.000060047788        0.000436931038
  332       99.600000000000        0.000251434218        0.001299766281
  333       99.900000000000        0.000227039551        0.000025733101
  334      100.200000000000        0.000831981622        0.001705079329
  335      100.500000000000        0.001177314456       -0.001168703531
  336      100.800000000000        0.001417516526       -0.001670205106
  337      101.100000000000        0.001450339075        0.002425844330
  338      101.400000000000        0.001556355507       -0.000320008622
  339      101.700000000000        0.002053099259        0.001122671272
  340      102.000000000000        0.001776809732        0.000158457283
  341      102.300000000000        0.000538942505        0.000496372815
  342      102.600000000000       -0.001044302877        0.000266036628
  343      102.900000000000       -0.001629523716        0.000585333056
  344      103.200000000000       -0.001043075036        0.000128532225
  345      103.500000000000       -0.000942319221        0.001923199805
  346      103.800000000000       -0.001367928249        0.000433989951
  347      104.100000000000       -0.001563128227        0.001703191277
  348      104.400000000000       -0.000817247259        0.001409991219
  349      104.700000000000       -0.000410741387        0.001388853929
  350      105.000000000000        0.000913306655        0.000259943780
  351      105.300000000000        0.001503670171       -0.002517091116
  352      105.600000000000        0.001127061575        0.000331464829
  353      105.900000000000        0.001776849789        0.000712149776
  354      106.200000000000        0.000830412854        0.003235620697
  355      106.500000000000       -0.000601853646       -0.001117362430
  356      106.800000000000       -0.000152676736        0.001316894553
  357      107.100000000000        0.000289323393        0.000522928935
  358      107.400000000000       -0.000049050483        0.000983800451
  359      107.700000000000        0.000538421881        0.001015932920
  360      108.000000000000       -0.000575216984       -0.000436670528
  361      108.300000000000       -0.001127745851        0.001401199693
  362      108.600000000000       -0.000339052897        0.000663116577
  363      108.900000000000       -0.000402352594        0.001224618119
  364      109.200000000000       -0.000538544288        0.001443439829
  365      109.500000000000       -0.000217389349       -0.000469112809
  366      109.800000000000        0.000747454160       -0.001086706024
  367      110.100000000000        0.000943032269       -0.001222069315
  368      110.400000000000        0.000183275099        0.001582198434
  369      110.700000000000       -0.000022578828        0.001507971966
  370      111.000000000000       -0.000783694876       -0.000637691595
  371      111.300000000000       -0.000580830531        0.000539086963
  372      111.600000000000        0.000149869992        0.000027545878
  373      111.900000000000        0.000124832721        0.000754089852
  374      112.200000000000        0.001137633526       -0.000734190699
  375      112.500000000000        0.001027646784       -0.000415693899
  376      112.800000000000       -0.000379960181       -0.001201685765
  377      113.100000000000       -0.000808371753       -0.000309832922
  378      113.400000000000       -0.000113870411        0.001161949485
  379      113.700000000000        0.001457680769       -0.000448843432
  380      114.000000000000        0.001623906513        0.000673785420
  381      114.300000000000        0.000840919418        0.002846916885
  382      114.600000000000        0.000463784943       -0.000059969691
  383      114.900000000000       -0.000233371860        0.000978794422
  384      115.200000000000       -0.001124308986        0.000075165197
  385      115.500000000000       -0.000806282810       -0.001352147066
  386      115.800000000000       -0.000555183017       -0.000857487343
  387      116.100000000000       -0.000568100641        0.000159029397
  388      116.400000000000       -0.000474635693        0.001408034835
  389      116.700000000000        0.000336243937       -0.001315896746
  390      117.000000000000       -0.000383020363        0.000962786778
  391      117.300000000000       -0.001194307836       -0.000425343781
  392      117.600000000000       -0.001123078610        0.000855145145
  393      117.900000000000        0.000075575971       -0.000475166476
  394      118.200000000000        0.001139782242       -0.000413810838
  395      118.500000000000        0.001768521142        0.000683954095
  396      118.800000000000        0.001072467856        0.000359009302
  397      119.100000000000        0.000887835391       -0.000576571352
  398      119.400000000000       -0.000257699809       -0.000603422804
  399      119.700000000000       -0.000242583857        0.001171822091
