       0      1.00029675
       1      0.99990178
       2      0.99872102
       3      0.99677010
       4      0.99406152
       5      0.99061110
       6      0.98643609
       7      0.98155252
       8      0.97597923
       9      0.96973880
      10      0.96285248
      11      0.95533912
      12      0.94722014
      13      0.93851877
      14      0.92925581
      15      0.91945173
      16      0.90912744
      17      0.89830356
      18      0.88700461
      19      0.87525561
      20      0.86307829
      21      0.85049504
      22      0.83752861
      23      0.82420359
      24      0.81054599
      25      0.79657956
      26      0.78232766
      27      0.76781091
      28      0.75305208
      29      0.73807744
      30      0.72290841
      31      0.70756479
      32      0.69206728
      33      0.67643887
      34      0.66070187
      35      0.64487573
      36      0.62898087
      37      0.61303827
      38      0.59706673
      39      0.58108517
      40      0.56511233
      41      0.54916750
      42      0.53326879
      43      0.51743212
      44      0.50167420
      45      0.48601310
      46      0.47046328
      47      0.45503772
      48      0.43975233
      49      0.42462258
      50      0.40966276
      51      0.39488344
      52      0.38029424
      53      0.36590666
      54      0.35173337
      55      0.33778491
      56      0.32407149
      57      0.31060224
      58      0.29738234
      59      0.28441990
      60      0.27172232
      61      0.25929829
      62      0.24715548
      63      0.23529643
      64      0.22372753
      65      0.21245436
      66      0.20147874
      67      0.19080344
      68      0.18043299
      69      0.17037181
      70      0.16062219
      71      0.15118496
      72      0.14206078
      73      0.13324921
      74      0.12475096
      75      0.11656628
      76      0.10869329
      77      0.10113068
      78      0.09387632
      79      0.08692804
      80      0.08028422
      81      0.07394278
      82      0.06790056
      83      0.06215360
      84      0.05669695
      85      0.05152712
      86      0.04663920
      87      0.04202903
      88      0.03769469
      89      0.03363214
      90      0.02983463
      91      0.02629537
      92      0.02300878
      93      0.01997040
      94      0.01717478
      95      0.01461599
      96      0.01228589
      97      0.01017773
      98      0.00828626
      99      0.00660498
     100      0.00512755
     101      0.00384741
     102      0.00275885
     103      0.00185394
     104      0.00112536
     105      0.00056657
     106      0.00017112
     107     -0.00006818
     108     -0.00015938
     109     -0.00010889
     110      0.00007614
     111      0.00038878
     112      0.00082317
     113      0.00137276
     114      0.00203073
     115      0.00279084
     116      0.00364636
     117      0.00459118
     118      0.00561981
     119      0.00672618
     120      0.00790411
     121      0.00914727
     122      0.01045067
     123      0.01180929
     124      0.01321602
     125      0.01466458
     126      0.01615021
     127      0.01766745
     128      0.01921150
     129      0.02077781
     130      0.02236075
     131      0.02395680
     132      0.02556245
     133      0.02717253
     134      0.02878192
     135      0.03038737
     136      0.03198604
     137      0.03357290
     138      0.03514456
     139      0.03669730
     140      0.03822718
     141      0.03973167
     142      0.04120806
     143      0.04265434
     144      0.04406712
     145      0.04544421
     146      0.04678372
     147      0.04808358
     148      0.04934258
     149      0.05055881
     150      0.05173125
     151      0.05285858
     152      0.05393844
     153      0.05496863
     154      0.05594769
     155      0.05687362
     156      0.05774625
     157      0.05856579
     158      0.05932970
     159      0.06003729
     160      0.06069042
     161      0.06128707
     162      0.06182667
     163      0.06230970
     164      0.06273659
     165      0.06310862
     166      0.06342645
     167      0.06369009
     168      0.06389806
     169      0.06404970
     170      0.06414604
     171      0.06419025
     172      0.06418393
     173      0.06412743
     174      0.06402160
     175      0.06386765
     176      0.06366612
     177      0.06341860
     178      0.06312581
     179      0.06278816
     180      0.06240679
     181      0.06198263
     182      0.06151683
     183      0.06101142
     184      0.06046779
     185      0.05988713
     186      0.05927121
     187      0.05862068
     188      0.05793758
     189      0.05722452
     190      0.05648248
     191      0.05571318
     192      0.05491727
     193      0.05409529
     194      0.05324969
     195      0.05238186
     196      0.05149478
     197      0.05058851
     198      0.04966292
     199      0.04872147
     200      0.04776541
     201      0.04679536
     202      0.04581294
     203      0.04481987
     204      0.04381902
     205      0.04281189
     206      0.04179824
     207      0.04077786
     208      0.03975212
     209      0.03872303
     210      0.03769356
     211      0.03666629
     212      0.03564069
     213      0.03461719
     214      0.03359786
     215      0.03258241
     216      0.03157075
     217      0.03056619
     218      0.02957040
     219      0.02858333
     220      0.02760560
     221      0.02663817
     222      0.02568061
     223      0.02473233
     224      0.02379531
     225      0.02287236
     226      0.02196428
     227      0.02107164
     228      0.02019487
     229      0.01933488
     230      0.01849152
     231      0.01766401
     232      0.01685298
     233      0.01605959
     234      0.01528436
     235      0.01452728
     236      0.01378938
     237      0.01307168
     238      0.01237385
     239      0.01169416
     240      0.01103266
     241      0.01038970
     242      0.00976528
     243      0.00916042
     244      0.00857649
     245      0.00801415
     246      0.00747215
     247      0.00694973
     248      0.00644746
     249      0.00596482
     250      0.00550082
     251      0.00505672
     252      0.00463354
     253      0.00423088
     254      0.00384931
     255      0.00348830
     256      0.00314724
     257      0.00282558
     258      0.00252184
     259      0.00223454
     260      0.00196384
     261      0.00171032
     262      0.00147278
     263      0.00125216
     264      0.00104860
     265      0.00086175
     266      0.00069109
     267      0.00053529
     268      0.00039262
     269      0.00026406
     270      0.00014974
     271      0.00004844
     272     -0.00003856
     273     -0.00011177
     274     -0.00017196
     275     -0.00021977
     276     -0.00025697
     277     -0.00028418
     278     -0.00030238
     279     -0.00031210
     280     -0.00031226
     281     -0.00030270
     282     -0.00028386
     283     -0.00025645
     284     -0.00022035
     285     -0.00017659
     286     -0.00012474
     287     -0.00006508
     288     -0.00000055
     289      0.00006735
     290      0.00014116
     291      0.00022184
     292      0.00030792
     293      0.00039934
     294      0.00049593
     295      0.00059755
     296      0.00070384
     297      0.00081325
     298      0.00092491
     299      0.00103876
     300      0.00115331
     301      0.00126835
     302      0.00138456
     303      0.00150065
     304      0.00161687
     305      0.00173468
     306      0.00185195
     307      0.00196759
     308      0.00208255
     309      0.00219559
     310      0.00230604
     311      0.00241334
     312      0.00251658
     313      0.00261559
     314      0.00271157
     315      0.00280542
     316      0.00289608
     317      0.00298410
     318      0.00306945
     319      0.00315200
     320      0.00323137
     321      0.00330638
     322      0.00337753
     323      0.00344543
     324      0.00351038
     325      0.00357161
     326      0.00362837
     327      0.00368175
     328      0.00373225
     329      0.00377846
     330      0.00381986
     331      0.00385789
     332      0.00389232
     333      0.00392334
     334      0.00395123
     335      0.00397468
     336      0.00399356
     337      0.00400770
     338      0.00401750
     339      0.00402377
     340      0.00402551
     341      0.00402324
     342      0.00401801
     343      0.00400956
     344      0.00399828
     345      0.00398441
     346      0.00396846
     347      0.00395019
     348      0.00392727
     349      0.00389909
     350      0.00386768
     351      0.00383275
     352      0.00379509
     353      0.00375540
     354      0.00371325
     355      0.00366948
     356      0.00362339
     357      0.00357629
     358      0.00352844
     359      0.00347846
     360      0.00342673
     361      0.00337290
     362      0.00331717
     363      0.00325961
     364      0.00320055
     365      0.00314091
     366      0.00308050
     367      0.00301811
     368      0.00295424
     369      0.00289032
     370      0.00282670
     371      0.00276350
     372      0.00270100
     373      0.00263907
     374      0.00257683
     375      0.00251339
     376      0.00244682
     377      0.00237824
     378      0.00231101
     379      0.00224439
     380      0.00217772
     381      0.00211171
     382      0.00204663
     383      0.00198177
     384      0.00191645
     385      0.00185103
     386      0.00178413
     387      0.00171525
     388      0.00164548
     389      0.00157524
     390      0.00150536
     391      0.00143569
     392      0.00136532
     393      0.00129497
     394      0.00122583
     395      0.00115813
     396      0.00109148
     397      0.00102648
     398      0.00096416
     399      0.00090277
     400      0.00084144
     401      0.00078099
     402      0.00072192
     403      0.00066469
     404      0.00060850
     405      0.00055343
     406      0.00050021
     407      0.00045001
     408      0.00040262
     409      0.00035663
     410      0.00031314
     411      0.00027138
     412      0.00022945
     413      0.00018748
     414      0.00014476
     415      0.00010298
     416      0.00006424
     417      0.00002803
     418     -0.00000717
     419     -0.00004053
