  -4.8500000000000005        0.0000000000000000        3.1121734369694875E-006
  -4.7500000000000000        0.0000000000000000        5.0295038266710779E-006
  -4.6500000000000004        0.0000000000000000        8.0471769174382081E-006
  -4.5499999999999998        0.0000000000000000        1.2747323607561987E-005
  -4.4500000000000002        0.0000000000000000        1.9991782946125910E-005
  -4.3500000000000005        0.0000000000000000        3.1041385691361508E-005
  -4.2500000000000000        0.0000000000000000        4.7718603695409526E-005
  -4.1500000000000004        0.0000000000000000        7.2625880312214431E-005
  -4.0499999999999998        0.0000000000000000        1.0943396811392236E-004
  -3.9500000000000002        0.0000000000000000        1.6325629639323656E-004
  -3.8500000000000001        0.0000000000000000        2.4112641425322245E-004
  -3.7500000000000000        0.0000000000000000        3.5259543966802040E-004
  -3.6500000000000004        0.0000000000000000        5.1046462297982612E-004
  -3.5499999999999998        0.0000000000000000        7.3166395920944052E-004
  -3.4500000000000002        0.0000000000000000        1.0382805809893765E-003
  -3.3500000000000001        0.0000000000000000        1.4587298005899938E-003
  -3.2500000000000000        0.0000000000000000        2.0290466606610073E-003
  -3.1500000000000004        0.0000000000000000        2.7942564915294280E-003
  -3.0499999999999998        0.0000000000000000        3.8097594758780980E-003
  -2.9500000000000002        0.0000000000000000        5.1426373832601825E-003
  -2.8500000000000001        0.0000000000000000        6.8727619599362926E-003
  -2.7500000000000000        0.0000000000000000        9.0935562422903831E-003
  -2.6499999999999999        0.0000000000000000        1.1912235408143816E-002
  -2.5499999999999998        0.0000000000000000        1.5449336500267039E-002
  -2.4500000000000002        0.0000000000000000        1.9837340737304501E-002
  -2.3500000000000001        0.0000000000000000        2.5218202556934542E-002
  -2.2500000000000000        0.0000000000000000        3.1739629988561412E-002
  -2.1499999999999999        0.0000000000000000        3.9550014366199794E-002
  -2.0499999999999998        0.0000000000000000        4.8791984994554685E-002
  -1.9500000000000000        0.0000000000000000        5.9594665048458707E-002
  -1.8499999999999999        0.0000000000000000        7.2064824732367375E-002
  -1.7499999999999998        0.0000000000000000        8.6277259439920290E-002
  -1.6499999999999997        0.0000000000000000       0.10226485417276335     
  -1.5499999999999996        0.0000000000000000       0.12000891809212996     
  -1.4500000000000000        0.0000000000000000       0.13943047047221030     
  -1.3499999999999999        2.5000001250000062E-007  0.16038321694651983     
  -1.2499999999999998        6.2750003137500153E-006  0.18264895966760727     
  -1.1499999999999997        2.7875001393750065E-005  0.20593612696947558     
  -1.0499999999999996        1.6555000827750042E-004  0.22988198245125935     
 -0.94999999999999996        8.7777504388875224E-004  0.25405888159470813     
 -0.84999999999999942        3.9708501985425103E-003  0.27798469478783672     
 -0.74999999999999978        1.4981350749067538E-002  0.30113722487523387     
 -0.65000000000000013        4.7902077395103861E-002  0.32297213735887903     
 -0.54999999999999960       0.13088185654409282       0.34294361896352571     
 -0.45000000000000001       0.30118524005926200       0.36052671430294703     
 -0.34999999999999948       0.58648465432423269       0.37524008863068831     
 -0.24999999999999983       0.96806164840308240       0.38666785065061227     
 -0.14999999999999930        1.3497025924851296       0.39447905937902011     
  -4.9999999999999642E-002   1.5951173297558665       0.39844363983698472     
   5.0000000000000003E-002   1.5954060797703040       0.39844363983698472     
  0.15000000000000052        1.3516772925838645       0.39447905937902006     
  0.25000000000000017       0.96837624841881242       0.38666785065061221     
  0.35000000000000070       0.58707910435395527       0.37524008863068820     
  0.45000000000000034       0.30083301504165078       0.36052671430294697     
  0.55000000000000004       0.13031455651572782       0.34294361896352560     
  0.65000000000000058        4.7496302374815121E-002  0.32297213735887892     
  0.75000000000000022        1.4645350732267534E-002  0.30113722487523381     
  0.85000000000000075        3.7851251892562594E-003  0.27798469478783644     
  0.95000000000000040        8.3185004159250209E-004  0.25405888159470796     
   1.0500000000000000        1.6322500816125037E-004  0.22988198245125921     
   1.1500000000000006        2.3425001171250058E-005  0.20593612696947536     
   1.2500000000000002        3.0000001500000076E-006  0.18264895966760716     
   1.3500000000000008        1.0000000500000025E-007  0.16038321694651964     
   1.4500000000000004        0.0000000000000000       0.13943047047221019     
   1.5500000000000000        0.0000000000000000       0.12000891809212987     
   1.6500000000000006        0.0000000000000000       0.10226485417276319     
   1.7500000000000002        0.0000000000000000        8.6277259439920220E-002
   1.8500000000000008        0.0000000000000000        7.2064824732367250E-002
   1.9500000000000004        0.0000000000000000        5.9594665048458666E-002
   2.0499999999999998        0.0000000000000000        4.8791984994554685E-002
   2.1500000000000004        0.0000000000000000        3.9550014366199759E-002
   2.2500000000000000        0.0000000000000000        3.1739629988561412E-002
   2.3500000000000005        0.0000000000000000        2.5218202556934518E-002
   2.4500000000000002        0.0000000000000000        1.9837340737304501E-002
   2.5499999999999998        0.0000000000000000        1.5449336500267039E-002
   2.6500000000000004        0.0000000000000000        1.1912235408143807E-002
   2.7500000000000000        0.0000000000000000        9.0935562422903831E-003
   2.8500000000000005        0.0000000000000000        6.8727619599362865E-003
   2.9500000000000002        0.0000000000000000        5.1426373832601825E-003
   3.0499999999999998        0.0000000000000000        3.8097594758780980E-003
   3.1499999999999995        0.0000000000000000        2.7942564915294380E-003
   3.2500000000000009        0.0000000000000000        2.0290466606610017E-003
   3.3500000000000005        0.0000000000000000        1.4587298005899912E-003
   3.4500000000000002        0.0000000000000000        1.0382805809893765E-003
   3.5499999999999998        0.0000000000000000        7.3166395920944052E-004
   3.6499999999999995        0.0000000000000000        5.1046462297982796E-004
   3.7500000000000009        0.0000000000000000        3.5259543966801915E-004
   3.8500000000000005        0.0000000000000000        2.4112641425322223E-004
   3.9500000000000002        0.0000000000000000        1.6325629639323656E-004
   4.0499999999999998        0.0000000000000000        1.0943396811392236E-004
   4.1499999999999995        0.0000000000000000        7.2625880312214688E-005
   4.2500000000000009        0.0000000000000000        4.7718603695409356E-005
   4.3500000000000005        0.0000000000000000        3.1041385691361508E-005
   4.4500000000000002        0.0000000000000000        1.9991782946125910E-005
   4.5499999999999998        0.0000000000000000        1.2747323607561987E-005
   4.6500000000000012        0.0000000000000000        8.0471769174381657E-006
   4.7500000000000009        0.0000000000000000        5.0295038266710601E-006
   4.8500000000000005        0.0000000000000000        3.1121734369694875E-006
   4.9500000000000002        0.0000000000000000        1.9065995907671409E-006
   5.0499999999999998        0.0000000000000000        1.1564111075958331E-006
