  -2.8500000000000001        0.0000000000000000        2.6791017074256252E-008
  -2.7500000000000000        1.2000004800001920E-005   2.4079998413106234E-007
  -2.6500000000000004        0.0000000000000000        1.7249298250952405E-006
  -2.5500000000000003        1.8000007200002879E-005   1.0008516379954475E-005
  -2.4500000000000002        8.4000033600013446E-005   4.7777812999579557E-005
  -2.3500000000000001        3.6600014640005853E-004   1.9048269842984495E-004
  -2.2500000000000000        8.9400035760014290E-004   6.4344488112591991E-004
  -2.1500000000000004        1.9920007968003187E-003   1.8671833951003235E-003
  -2.0500000000000003        5.4840021936008766E-003   4.7164485454433353E-003
  -1.9500000000000000        1.1178004471201789E-002   1.0501898911950323E-002
  -1.8499999999999999        2.2074008829603531E-002   2.0862036869772869E-002
  -1.7499999999999998        3.8064015225606089E-002   3.7396648554744505E-002
  -1.6499999999999999        6.1926024770409906E-002   6.1148546325008900E-002
  -1.5499999999999998        9.2130036852014735E-002   9.2139717136320673E-002
  -1.4500000000000000       0.12529805011922004       0.12917668127475018     
  -1.3499999999999999       0.16980606792242717       0.17002255242405301     
  -1.2499999999999998       0.20916008366403344       0.21186644284554895     
  -1.1499999999999999       0.24929409971763988       0.25190602204651302     
  -1.0499999999999998       0.28433411373364548       0.28784757586636855     
 -0.94999999999999996       0.31671012668405063       0.31820030982060821     
 -0.84999999999999987       0.34019413607765436       0.34234058002782697     
 -0.74999999999999978       0.35834414333765729       0.36039695961906781     
 -0.64999999999999969       0.37286414914565968       0.37303829784826004     
 -0.54999999999999960       0.38181015272406110       0.38124075924023920     
 -0.45000000000000001       0.38578815431526170       0.38608443519389740     
 -0.34999999999999992       0.38975415590166235       0.38860215775651097     
 -0.24999999999999983       0.39273015709206283       0.38968202636901328     
 -0.14999999999999974       0.39153015661206259       0.39001339690395304     
  -4.9999999999999642E-002  0.39305415722166287       0.39006215162567265     
   5.0000000000000003E-002  0.39133215653286263       0.39006215162567265     
  0.15000000000000008       0.39306615722646282       0.39001339690395304     
  0.25000000000000017       0.38824815529926210       0.38968202636901328     
  0.35000000000000026       0.39181215672486264       0.38860215775651097     
  0.45000000000000034       0.38549415419766170       0.38608443519389740     
  0.55000000000000004       0.38379015351606138       0.38124075924023915     
  0.65000000000000013       0.37468814987525995       0.37303829784825998     
  0.75000000000000022       0.36290414516165803       0.36039695961906776     
  0.85000000000000031       0.34057213622885446       0.34234058002782686     
  0.95000000000000040       0.31725612690245075       0.31820030982060804     
   1.0500000000000000       0.28595411438164575       0.28784757586636850     
   1.1500000000000006       0.24840009936003973       0.25190602204651269     
   1.2500000000000002       0.20901008360403345       0.21186644284554876     
   1.3499999999999999       0.16860006744002695       0.17002255242405301     
   1.4500000000000004       0.12871205148482059       0.12917668127474999     
   1.5500000000000000        9.2808037123214851E-002   9.2139717136320562E-002
   1.6500000000000006        6.2874025149610061E-002   6.1148546325008712E-002
   1.7500000000000002        3.7602015040806014E-002   3.7396648554744408E-002
   1.8500000000000008        2.1540008616003446E-002   2.0862036869772747E-002
   1.9500000000000004        1.1418004567201826E-002   1.0501898911950287E-002
   2.0499999999999998        5.2860021144008453E-003   4.7164485454433561E-003
   2.1500000000000004        2.3160009264003704E-003   1.8671833951003235E-003
   2.2500000000000000        9.3000037200014873E-004   6.4344488112591991E-004
   2.3500000000000005        3.9000015600006236E-004   1.9048269842984411E-004
   2.4500000000000002        7.2000028800011518E-005   4.7777812999579557E-005
   2.5499999999999998        2.4000009600003840E-005   1.0008516379954546E-005
   2.6500000000000004        6.0000024000009601E-006   1.7249298250952405E-006
   2.7500000000000000        0.0000000000000000        2.4079998413106234E-007
   2.8500000000000005        0.0000000000000000        2.6791017074256060E-008
   2.9500000000000002        0.0000000000000000        2.3360036968812550E-009
   3.0499999999999998        0.0000000000000000        1.5687462610925408E-010
