-3.6500000000000004 -4.9999999999999642E-002 1.1285000564250028E-004
-3.6500000000000004 5.0000000000000003E-002 1.1470000573500028E-004
-3.6500000000000004 0.15000000000000052 1.0057500502875024E-004
-3.5499999999999998 -0.14999999999999930 1.3192500659625031E-004
-3.5499999999999998 -4.9999999999999642E-002 1.6540000827000042E-004
-3.5499999999999998 5.0000000000000003E-002 1.6607500830375041E-004
-3.5499999999999998 0.15000000000000052 1.4257500712875034E-004
-3.4500000000000002 -0.24999999999999983 1.3717500685875034E-004
-3.4500000000000002 -0.14999999999999930 1.7802500890125043E-004
-3.4500000000000002 -4.9999999999999642E-002 2.2597501129875057E-004
-3.4500000000000002 5.0000000000000003E-002 2.3390001169500057E-004
-3.4500000000000002 0.15000000000000052 1.9185000959250046E-004
-3.4500000000000002 0.25000000000000017 1.4057500702875035E-004
-3.3500000000000001 -0.34999999999999948 1.1692500584625028E-004
-3.3500000000000001 -0.24999999999999983 1.9177500958875049E-004
-3.3500000000000001 -0.14999999999999930 2.5855001292750067E-004
-3.3500000000000001 -4.9999999999999642E-002 3.0950001547500077E-004
-3.3500000000000001 5.0000000000000003E-002 3.1912501595625082E-004
-3.3500000000000001 0.15000000000000052 2.6177501308875063E-004
-3.3500000000000001 0.25000000000000017 1.9785000989250046E-004
-3.3500000000000001 0.35000000000000070 1.2197500609875029E-004
-3.2500000000000000 -0.34999999999999948 1.5990000799500040E-004
-3.2500000000000000 -0.24999999999999983 2.6087501304375058E-004
-3.2500000000000000 -0.14999999999999930 3.4972501748625084E-004
-3.2500000000000000 -4.9999999999999642E-002 4.1747502087375097E-004
-3.2500000000000000 5.0000000000000003E-002 4.3172502158625106E-004
-3.2500000000000000 0.15000000000000052 3.6130001806500083E-004
-3.2500000000000000 0.25000000000000017 2.6810001340500065E-004
-3.2500000000000000 0.35000000000000070 1.6192500809625041E-004
-3.1500000000000004 -0.45000000000000001 1.0782500539125026E-004
-3.1500000000000004 -0.34999999999999948 2.1355001067750051E-004
-3.1500000000000004 -0.24999999999999983 3.5007501750375082E-004
-3.1500000000000004 -0.14999999999999930 4.7467502373375116E-004
-3.1500000000000004 -4.9999999999999642E-002 5.6345002817250139E-004
-3.1500000000000004 5.0000000000000003E-002 5.8472502923625146E-004
-3.1500000000000004 0.15000000000000052 4.9885002494250120E-004
-3.1500000000000004 0.25000000000000017 3.5847501792375089E-004
-3.1500000000000004 0.35000000000000070 2.2010001100500055E-004
-3.1500000000000004 0.45000000000000034 1.1882500594125030E-004
-3.0499999999999998 -0.45000000000000001 1.4745000737250038E-004
-3.0499999999999998 -0.34999999999999948 2.8410001420500069E-004
-3.0499999999999998 -0.24999999999999983 4.6710002335500117E-004
-3.0499999999999998 -0.14999999999999930 6.4152503207625159E-004
-3.0499999999999998 -4.9999999999999642E-002 7.5930003796500177E-004
-3.0499999999999998 5.0000000000000003E-002 7.6492503824625194E-004
-3.0499999999999998 0.15000000000000052 6.5985003299250165E-004
-3.0499999999999998 0.25000000000000017 4.8195002409750121E-004
-3.0499999999999998 0.35000000000000070 2.9122501456125074E-004
-3.0499999999999998 0.45000000000000034 1.5712500785625038E-004
-2.9500000000000002 -0.45000000000000001 1.9325000966250046E-004
-2.9500000000000002 -0.34999999999999948 3.7412501870625096E-004
-2.9500000000000002 -0.24999999999999983 6.0992503049625156E-004
-2.9500000000000002 -0.14999999999999930 8.5522504276125204E-004
-2.9500000000000002 -4.9999999999999642E-002 1.0081250504062524E-003
-2.9500000000000002 5.0000000000000003E-002 1.0249750512487527E-003
-2.9500000000000002 0.15000000000000052 8.5925004296250214E-004
-2.9500000000000002 0.25000000000000017 6.2625003131250160E-004
-2.9500000000000002 0.35000000000000070 3.8275001913750089E-004
-2.9500000000000002 0.45000000000000034 1.9942500997125051E-004
-2.8500000000000001 -0.54999999999999960 1.0632500531625027E-004
-2.8500000000000001 -0.45000000000000001 2.5092501254625059E-004
-2.8500000000000001 -0.34999999999999948 4.9042502452125119E-004
-2.8500000000000001 -0.24999999999999983 8.1545004077250203E-004
-2.8500000000000001 -0.14999999999999930 1.1269500563475029E-003
-2.8500000000000001 -4.9999999999999642E-002 1.3364000668200033E-003
-2.8500000000000001 5.0000000000000003E-002 1.3403250670162533E-003
-2.8500000000000001 0.15000000000000052 1.1219500560975028E-003
-2.8500000000000001 0.25000000000000017 8.2715004135750208E-004
-2.8500000000000001 0.35000000000000070 4.9847502492375128E-004
-2.8500000000000001 0.45000000000000034 2.5635001281750067E-004
-2.8500000000000001 0.55000000000000004 1.1267500563375026E-004
-2.7500000000000000 -0.54999999999999960 1.4182500709125035E-004
-2.7500000000000000 -0.45000000000000001 3.3487501674375080E-004
-2.7500000000000000 -0.34999999999999948 6.4627503231375148E-004
-2.7500000000000000 -0.24999999999999983 1.0694250534712527E-003
-2.7500000000000000 -0.14999999999999930 1.4759500737975034E-003
-2.7500000000000000 -4.9999999999999642E-002 1.7611500880575044E-003
-2.7500000000000000 5.0000000000000003E-002 1.7687500884375044E-003
-2.7500000000000000 0.15000000000000052 1.4725000736250035E-003
-2.7500000000000000 0.25000000000000017 1.0643250532162527E-003
-2.7500000000000000 0.35000000000000070 6.4262503213125151E-004
-2.7500000000000000 0.45000000000000034 3.2897501644875080E-004
-2.7500000000000000 0.55000000000000004 1.4592500729625034E-004
-2.6499999999999999 -0.54999999999999960 1.8540000927000044E-004
-2.6499999999999999 -0.45000000000000001 4.2457502122875108E-004
-2.6499999999999999 -0.34999999999999948 8.3432504171625200E-004
-2.6499999999999999 -0.24999999999999983 1.3682000684100031E-003
-2.6499999999999999 -0.14999999999999930 1.9193500959675048E-003
-2.6499999999999999 -4.9999999999999642E-002 2.2651001132550056E-003
-2.6499999999999999 5.0000000000000003E-002 2.2769751138487556E-003
-2.6499999999999999 0.15000000000000052 1.9012750950637548E-003
-2.6499999999999999 0.25000000000000017 1.3610500680525035E-003
-2.6499999999999999 0.35000000000000070 8.3155004157750199E-004
-2.6499999999999999 0.45000000000000034 4.2675002133750104E-004
-2.6499999999999999 0.55000000000000004 1.9457500972875047E-004
-2.5499999999999998 -0.54999999999999960 2.3325001166250056E-004
-2.5499999999999998 -0.45000000000000001 5.5760002788000137E-004
-2.5499999999999998 -0.34999999999999948 1.0597000529850025E-003
-2.5499999999999998 -0.24999999999999983 1.7546250877312544E-003
-2.5499999999999998 -0.14999999999999930 2.4576251228812561E-003
-2.5499999999999998 -4.9999999999999642E-002 2.9073501453675070E-003
-2.5499999999999998 5.0000000000000003E-002 2.8901751445087574E-003
-2.5499999999999998 0.15000000000000052 2.4462751223137558E-003
-2.5499999999999998 0.25000000000000017 1.7586500879325044E-003
-2.5499999999999998 0.35000000000000070 1.0525250526262526E-003
-2.5499999999999998 0.45000000000000034 5.4677502733875138E-004
-2.5499999999999998 0.55000000000000004 2.4265001213250059E-004
-2.4500000000000002 -0.65000000000000013 1.0745000537250027E-004
-2.4500000000000002 -0.54999999999999960 2.9777501488875073E-004
-2.4500000000000002 -0.45000000000000001 6.9055003452750158E-004
-2.4500000000000002 -0.34999999999999948 1.3645250682262533E-003
-2.4500000000000002 -0.24999999999999983 2.2195251109762555E-003
-2.4500000000000002 -0.14999999999999930 3.0930751546537575E-003
-2.4500000000000002 -4.9999999999999642E-002 3.6620251831012592E-003
-2.4500000000000002 5.0000000000000003E-002 3.6815751840787590E-003
-2.4500000000000002 0.15000000000000052 3.1005251550262577E-003
-2.4500000000000002 0.25000000000000017 2.2462501123125056E-003
-2.4500000000000002 0.35000000000000070 1.3280750664037531E-003
-2.4500000000000002 0.45000000000000034 6.7355003367750173E-004
-2.4500000000000002 0.55000000000000004 2.9672501483625073E-004
-2.4500000000000002 0.65000000000000058 1.2082500604125029E-004
-2.3500000000000001 -0.65000000000000013 1.3992500699625034E-004
-2.3500000000000001 -0.54999999999999960 3.7500001875000096E-004
-2.3500000000000001 -0.45000000000000001 8.5885004294250207E-004
-2.3500000000000001 -0.34999999999999948 1.6938000846900040E-003
-2.3500000000000001 -0.24999999999999983 2.7590251379512563E-003
-2.3500000000000001 -0.14999999999999930 3.8946751947337597E-003
-2.3500000000000001 -4.9999999999999642E-002 4.6061252303062619E-003
-2.3500000000000001 5.0000000000000003E-002 4.6034252301712618E-003
-2.3500000000000001 0.15000000000000052 3.8882001944100099E-003
-2.3500000000000001 0.25000000000000017 2.8195001409750072E-003
-2.3500000000000001 0.35000000000000070 1.6473500823675042E-003
-2.3500000000000001 0.45000000000000034 8.5010004250500202E-004
-2.3500000000000001 0.55000000000000004 3.5827501791375085E-004
-2.3500000000000001 0.65000000000000058 1.4600000730000036E-004
-2.2500000000000000 -0.65000000000000013 1.7647500882375043E-004
-2.2500000000000000 -0.54999999999999960 4.7627502381375117E-004
-2.2500000000000000 -0.45000000000000001 1.0804500540225028E-003
-2.2500000000000000 -0.34999999999999948 2.1012251050612552E-003
-2.2500000000000000 -0.24999999999999983 3.4420001721000085E-003
-2.2500000000000000 -0.14999999999999930 4.8436252421812610E-003
-2.2500000000000000 -4.9999999999999642E-002 5.7274752863737642E-003
-2.2500000000000000 5.0000000000000003E-002 5.6988502849425141E-003
-2.2500000000000000 0.15000000000000052 4.8370002418500115E-003
-2.2500000000000000 0.25000000000000017 3.4636751731837588E-003
-2.2500000000000000 0.35000000000000070 2.0617501030875053E-003
-2.2500000000000000 0.45000000000000034 1.0552000527600026E-003
-2.2500000000000000 0.55000000000000004 4.6465002323250115E-004
-2.2500000000000000 0.65000000000000058 1.7487500874375042E-004
-2.1499999999999999 -0.65000000000000013 2.1160001058000052E-004
-2.1499999999999999 -0.54999999999999960 5.7980002899000148E-004
-2.1499999999999999 -0.45000000000000001 1.3411000670550033E-003
-2.1499999999999999 -0.34999999999999948 2.5719251285962561E-003
-2.1499999999999999 -0.24999999999999983 4.2068002103400103E-003
-2.1499999999999999 -0.14999999999999930 5.9652252982612649E-003
-2.1499999999999999 -4.9999999999999642E-002 7.0271003513550177E-003
-2.1499999999999999 5.0000000000000003E-002 7.0038003501900177E-003
-2.1499999999999999 0.15000000000000052 5.9669252983462649E-003
-2.1499999999999999 0.25000000000000017 4.2424502121225106E-003
-2.1499999999999999 0.35000000000000070 2.5724501286225059E-003
-2.1499999999999999 0.45000000000000034 1.2932250646612532E-003
-2.1499999999999999 0.55000000000000004 5.6615002830750138E-004
-2.1499999999999999 0.65000000000000058 2.1670001083500052E-004
-2.0499999999999998 -0.65000000000000013 2.5735001286750057E-004
-2.0499999999999998 -0.54999999999999960 7.0410003520500171E-004
-2.0499999999999998 -0.45000000000000001 1.6139750806987538E-003
-2.0499999999999998 -0.34999999999999948 3.1387501569375077E-003
-2.0499999999999998 -0.24999999999999983 5.1507752575387627E-003
-2.0499999999999998 -0.14999999999999930 7.2580253629012685E-003
-2.0499999999999998 -4.9999999999999642E-002 8.5167504258375215E-003
-2.0499999999999998 5.0000000000000003E-002 8.5522004276100214E-003
-2.0499999999999998 0.15000000000000052 7.2693753634687679E-003
-2.0499999999999998 0.25000000000000017 5.1718752585937630E-003
-2.0499999999999998 0.35000000000000070 3.1506501575325079E-003
-2.0499999999999998 0.45000000000000034 1.6063250803162541E-003
-2.0499999999999998 0.55000000000000004 6.9085003454250169E-004
-2.0499999999999998 0.65000000000000058 2.6832501341625067E-004
-1.9500000000000000 -0.65000000000000013 3.0537501526875076E-004
-1.9500000000000000 -0.54999999999999960 8.5335004266750203E-004
-1.9500000000000000 -0.45000000000000001 1.9541000977050050E-003
-1.9500000000000000 -0.34999999999999948 3.7859001892950090E-003
-1.9500000000000000 -0.24999999999999983 6.1930753096537646E-003
-1.9500000000000000 -0.14999999999999930 8.7416004370800219E-003
-1.9500000000000000 -4.9999999999999642E-002 1.0333450516672523E-002
-1.9500000000000000 5.0000000000000003E-002 1.0296250514812526E-002
-1.9500000000000000 0.15000000000000052 8.7585004379250216E-003
-1.9500000000000000 0.25000000000000017 6.2773503138675146E-003
-1.9500000000000000 0.35000000000000070 3.8084751904237592E-003
-1.9500000000000000 0.45000000000000034 1.9468500973425047E-003
-1.9500000000000000 0.55000000000000004 8.4010004200500200E-004
-1.9500000000000000 0.65000000000000058 3.2272501613625075E-004
-1.8499999999999999 -0.74999999999999978 1.1595000579750028E-004
-1.8499999999999999 -0.65000000000000013 3.6625001831250091E-004
-1.8499999999999999 -0.54999999999999960 1.0088750504437523E-003
-1.8499999999999999 -0.45000000000000001 2.3319501165975057E-003
-1.8499999999999999 -0.34999999999999948 4.5517002275850104E-003
-1.8499999999999999 -0.24999999999999983 7.4523503726175184E-003
-1.8499999999999999 -0.14999999999999930 1.0442550522127525E-002
-1.8499999999999999 -4.9999999999999642E-002 1.2343200617160030E-002
-1.8499999999999999 5.0000000000000003E-002 1.2300775615038780E-002
-1.8499999999999999 0.15000000000000052 1.0495075524753775E-002
-1.8499999999999999 0.25000000000000017 7.5490253774512682E-003
-1.8499999999999999 0.35000000000000070 4.5414752270737614E-003
-1.8499999999999999 0.45000000000000034 2.3320501166025059E-003
-1.8499999999999999 0.55000000000000004 1.0115500505775024E-003
-1.8499999999999999 0.65000000000000058 3.8500001925000093E-004
-1.8499999999999999 0.75000000000000022 1.1402500570125028E-004
-1.7499999999999998 -0.74999999999999978 1.3552500677625035E-004
-1.7499999999999998 -0.65000000000000013 4.3182502159125108E-004
-1.7499999999999998 -0.54999999999999960 1.1932250596612529E-003
-1.7499999999999998 -0.45000000000000001 2.7545001377250063E-003
-1.7499999999999998 -0.34999999999999948 5.3632002681600127E-003
-1.7499999999999998 -0.24999999999999983 8.8073504403675222E-003
-1.7499999999999998 -0.14999999999999930 1.2379200618960031E-002
-1.7499999999999998 -4.9999999999999642E-002 1.4563700728185035E-002
-1.7499999999999998 5.0000000000000003E-002 1.4606350730317536E-002
-1.7499999999999998 0.15000000000000052 1.2417600620880031E-002
-1.7499999999999998 0.25000000000000017 8.8711504435575218E-003
-1.7499999999999998 0.35000000000000070 5.3946752697337629E-003
-1.7499999999999998 0.45000000000000034 2.7966751398337568E-003
-1.7499999999999998 0.55000000000000004 1.2032500601625029E-003
-1.7499999999999998 0.65000000000000058 4.4830002241500112E-004
-1.7499999999999998 0.75000000000000022 1.3930000696500032E-004
-1.6499999999999997 -0.74999999999999978 1.5947500797375039E-004
-1.6499999999999997 -0.65000000000000013 5.1757502587875133E-004
-1.6499999999999997 -0.54999999999999960 1.3955750697787533E-003
-1.6499999999999997 -0.45000000000000001 3.2328001616400079E-003
-1.6499999999999997 -0.34999999999999948 6.2678003133900149E-003
-1.6499999999999997 -0.24999999999999983 1.0373875518693777E-002
-1.6499999999999997 -0.14999999999999930 1.4542775727138786E-002
-1.6499999999999997 -4.9999999999999642E-002 1.7068550853427542E-002
-1.6499999999999997 5.0000000000000003E-002 1.7193675859683791E-002
-1.6499999999999997 0.15000000000000052 1.4595750729787537E-002
-1.6499999999999997 0.25000000000000017 1.0426100521305026E-002
-1.6499999999999997 0.35000000000000070 6.3188253159412646E-003
-1.6499999999999997 0.45000000000000034 3.2777751638887577E-003
-1.6499999999999997 0.55000000000000004 1.4018250700912535E-003
-1.6499999999999997 0.65000000000000058 5.1417502570875128E-004
-1.6499999999999997 0.75000000000000022 1.6170000808500042E-004
-1.5499999999999996 -0.74999999999999978 1.8355000917750046E-004
-1.5499999999999996 -0.65000000000000013 6.0820003041000149E-004
-1.5499999999999996 -0.54999999999999960 1.6399500819975039E-003
-1.5499999999999996 -0.45000000000000001 3.7701251885062588E-003
-1.5499999999999996 -0.34999999999999948 7.3192503659625183E-003
-1.5499999999999996 -0.24999999999999983 1.2095000604750028E-002
-1.5499999999999996 -0.14999999999999930 1.6834550841727542E-002
-1.5499999999999996 -4.9999999999999642E-002 1.9865250993262550E-002
-1.5499999999999996 5.0000000000000003E-002 1.9958475997923799E-002
-1.5499999999999996 0.15000000000000052 1.6937125846856291E-002
-1.5499999999999996 0.25000000000000017 1.2151925607596278E-002
-1.5499999999999996 0.35000000000000070 7.3243503662175184E-003
-1.5499999999999996 0.45000000000000034 3.8312751915637595E-003
-1.5499999999999996 0.55000000000000004 1.6351250817562542E-003
-1.5499999999999996 0.65000000000000058 5.9625002981250153E-004
-1.5499999999999996 0.75000000000000022 1.8382500919125047E-004
-1.4500000000000000 -0.74999999999999978 2.1365001068250050E-004
-1.4500000000000000 -0.65000000000000013 6.9570003478500175E-004
-1.4500000000000000 -0.54999999999999960 1.8722500936125047E-003
-1.4500000000000000 -0.45000000000000001 4.3409752170487604E-003
-1.4500000000000000 -0.34999999999999948 8.4221504211075219E-003
-1.4500000000000000 -0.24999999999999983 1.3863525693176285E-002
-1.4500000000000000 -0.14999999999999930 1.9416600970830047E-002
-1.4500000000000000 -4.9999999999999642E-002 2.2810301140515053E-002
-1.4500000000000000 5.0000000000000003E-002 2.2964251148212555E-002
-1.4500000000000000 0.15000000000000052 1.9436575971828799E-002
-1.4500000000000000 0.25000000000000017 1.4044725702236286E-002
-1.4500000000000000 0.35000000000000070 8.4666754233337707E-003
-1.4500000000000000 0.45000000000000034 4.3515752175787605E-003
-1.4500000000000000 0.55000000000000004 1.8855250942762546E-003
-1.4500000000000000 0.65000000000000058 6.9567503478375160E-004
-1.4500000000000000 0.75000000000000022 2.1045001052250051E-004
-1.3499999999999999 -0.74999999999999978 2.4417501220875062E-004
-1.3499999999999999 -0.65000000000000013 7.8600003930000186E-004
-1.3499999999999999 -0.54999999999999960 2.1443001072150056E-003
-1.3499999999999999 -0.45000000000000001 4.9425752471287622E-003
-1.3499999999999999 -0.34999999999999948 9.5922504796125234E-003
-1.3499999999999999 -0.24999999999999983 1.5889900794495038E-002
-1.3499999999999999 -0.14999999999999930 2.2153926107696301E-002
-1.3499999999999999 -4.9999999999999642E-002 2.6119951305997563E-002
-1.3499999999999999 5.0000000000000003E-002 2.6198501309925060E-002
-1.3499999999999999 0.15000000000000052 2.2117451105872557E-002
-1.3499999999999999 0.25000000000000017 1.6021950801097539E-002
-1.3499999999999999 0.35000000000000070 9.6029004801450237E-003
-1.3499999999999999 0.45000000000000034 4.9621252481062625E-003
-1.3499999999999999 0.55000000000000004 2.1493251074662552E-003
-1.3499999999999999 0.65000000000000058 7.8855003942750190E-004
-1.3499999999999999 0.75000000000000022 2.4915001245750065E-004
-1.2499999999999998 -0.74999999999999978 2.8015001400750068E-004
-1.2499999999999998 -0.65000000000000013 8.9570004478500224E-004
-1.2499999999999998 -0.54999999999999960 2.4176251208812560E-003
-1.2499999999999998 -0.45000000000000001 5.5766502788325142E-003
-1.2499999999999998 -0.34999999999999948 1.0859150542957528E-002
-1.2499999999999998 -0.24999999999999983 1.7995375899768795E-002
-1.2499999999999998 -0.14999999999999930 2.5063776253188813E-002
-1.2499999999999998 -4.9999999999999642E-002 2.9631076481553820E-002
-1.2499999999999998 5.0000000000000003E-002 2.9573576478678823E-002
-1.2499999999999998 0.15000000000000052 2.5096401254820062E-002
-1.2499999999999998 0.25000000000000017 1.8035925901796295E-002
-1.2499999999999998 0.35000000000000070 1.0858800542940026E-002
-1.2499999999999998 0.45000000000000034 5.6169002808450141E-003
-1.2499999999999998 0.55000000000000004 2.4364251218212561E-003
-1.2499999999999998 0.65000000000000058 8.8367504418375214E-004
-1.2499999999999998 0.75000000000000022 2.7647501382375061E-004
-1.1499999999999997 -0.74999999999999978 3.1050001552500078E-004
-1.1499999999999997 -0.65000000000000013 9.9855004992750241E-004
-1.1499999999999997 -0.54999999999999960 2.7184751359237568E-003
-1.1499999999999997 -0.45000000000000001 6.2649003132450153E-003
-1.1499999999999997 -0.34999999999999948 1.2192450609622528E-002
-1.1499999999999997 -0.24999999999999983 2.0077226003861300E-002
-1.1499999999999997 -0.14999999999999930 2.8084151404207572E-002
-1.1499999999999997 -4.9999999999999642E-002 3.3265501663275084E-002
-1.1499999999999997 5.0000000000000003E-002 3.3190601659530083E-002
-1.1499999999999997 0.15000000000000052 2.8066451403322569E-002
-1.1499999999999997 0.25000000000000017 2.0140826007041299E-002
-1.1499999999999997 0.35000000000000070 1.2179150608957530E-002
-1.1499999999999997 0.45000000000000034 6.2611753130587646E-003
-1.1499999999999997 0.55000000000000004 2.7270001363500062E-003
-1.1499999999999997 0.65000000000000058 9.8910004945500251E-004
-1.1499999999999997 0.75000000000000022 3.1292501564625076E-004
-1.0499999999999996 -0.74999999999999978 3.4317501715875085E-004
-1.0499999999999996 -0.65000000000000013 1.1126250556312528E-003
-1.0499999999999996 -0.54999999999999960 2.9996501499825069E-003
-1.0499999999999996 -0.45000000000000001 6.9523253476162670E-003
-1.0499999999999996 -0.34999999999999948 1.3499750674987532E-002
-1.0499999999999996 -0.24999999999999983 2.2241801112090055E-002
-1.0499999999999996 -0.14999999999999930 3.1104176555208824E-002
-1.0499999999999996 -4.9999999999999642E-002 3.6896626844831346E-002
-1.0499999999999996 5.0000000000000003E-002 3.6876926843846337E-002
-1.0499999999999996 0.15000000000000052 3.1214601560730075E-002
-1.0499999999999996 0.25000000000000017 2.2239726111986304E-002
-1.0499999999999996 0.35000000000000070 1.3577225678861283E-002
-1.0499999999999996 0.45000000000000034 6.8942503447125165E-003
-1.0499999999999996 0.55000000000000004 3.0120751506037572E-003
-1.0499999999999996 0.65000000000000058 1.0876500543825027E-003
-1.0499999999999996 0.75000000000000022 3.4030001701500088E-004
-0.94999999999999996 -0.74999999999999978 3.8505001925250097E-004
-0.94999999999999996 -0.65000000000000013 1.2204500610225031E-003
-0.94999999999999996 -0.54999999999999960 3.3204751660237579E-003
-0.94999999999999996 -0.45000000000000001 7.6386003819300186E-003
-0.94999999999999996 -0.34999999999999948 1.4790175739508785E-002
-0.94999999999999996 -0.24999999999999983 2.4427901221395060E-002
-0.94999999999999996 -0.14999999999999930 3.4242876712143828E-002
-0.94999999999999996 -4.9999999999999642E-002 4.0430202021510098E-002
-0.94999999999999996 5.0000000000000003E-002 4.0516277025813854E-002
-0.94999999999999996 0.15000000000000052 3.4233926711696332E-002
-0.94999999999999996 0.25000000000000017 2.4459126222956307E-002
-0.94999999999999996 0.35000000000000070 1.4969375748468787E-002
-0.94999999999999996 0.45000000000000034 7.6386503819325189E-003
-0.94999999999999996 0.55000000000000004 3.3122001656100083E-003
-0.94999999999999996 0.65000000000000058 1.1952500597625030E-003
-0.94999999999999996 0.75000000000000022 3.7230001861500087E-004
-0.94999999999999996 0.85000000000000075 1.0017500500875023E-004
-0.84999999999999942 -0.84999999999999942 1.0685000534250025E-004
-0.84999999999999942 -0.74999999999999978 4.1677502083875106E-004
-0.84999999999999942 -0.65000000000000013 1.3420000671000034E-003
-0.84999999999999942 -0.54999999999999960 3.5963251798162591E-003
-0.84999999999999942 -0.45000000000000001 8.2657004132850199E-003
-0.84999999999999942 -0.34999999999999948 1.6139525806976290E-002
-0.84999999999999942 -0.24999999999999983 2.6569726328486316E-002
-0.84999999999999942 -0.14999999999999930 3.7218951860947591E-002
-0.84999999999999942 -4.9999999999999642E-002 4.4030627201531357E-002
-0.84999999999999942 5.0000000000000003E-002 4.4165677208283863E-002
-0.84999999999999942 0.15000000000000052 3.7258301862915094E-002
-0.84999999999999942 0.25000000000000017 2.6668026333401318E-002
-0.84999999999999942 0.35000000000000070 1.6243950812197542E-002
-0.84999999999999942 0.45000000000000034 8.3083004154150195E-003
-0.84999999999999942 0.55000000000000004 3.6112001805600090E-003
-0.84999999999999942 0.65000000000000058 1.3143000657150031E-003
-0.84999999999999942 0.75000000000000022 4.1105002055250099E-004
-0.84999999999999942 0.85000000000000075 1.0900000545000027E-004
-0.74999999999999978 -0.84999999999999942 1.1655000582750028E-004
-0.74999999999999978 -0.74999999999999978 4.4777502238875115E-004
-0.74999999999999978 -0.65000000000000013 1.4377000718850037E-003
-0.74999999999999978 -0.54999999999999960 3.8956501947825096E-003
-0.74999999999999978 -0.45000000000000001 8.9078504453925199E-003
-0.74999999999999978 -0.34999999999999948 1.7328100866405044E-002
-0.74999999999999978 -0.24999999999999983 2.8671176433558820E-002
-0.74999999999999978 -0.14999999999999930 4.0115977005798852E-002
-0.74999999999999978 -4.9999999999999642E-002 4.7459177372958870E-002
-0.74999999999999978 5.0000000000000003E-002 4.7622877381143867E-002
-0.74999999999999978 0.15000000000000052 4.0129377006468840E-002
-0.74999999999999978 0.25000000000000017 2.8825576441278821E-002
-0.74999999999999978 0.35000000000000070 1.7455925872796294E-002
-0.74999999999999978 0.45000000000000034 8.9999004499950221E-003
-0.74999999999999978 0.55000000000000004 3.8985001949250098E-003
-0.74999999999999978 0.65000000000000058 1.4270250713512536E-003
-0.74999999999999978 0.75000000000000022 4.4342502217125106E-004
-0.74999999999999978 0.85000000000000075 1.1295000564750028E-004
-0.65000000000000013 -0.84999999999999942 1.2392500619625032E-004
-0.65000000000000013 -0.74999999999999978 4.6945002347250118E-004
-0.65000000000000013 -0.65000000000000013 1.5085500754275039E-003
-0.65000000000000013 -0.54999999999999960 4.1530002076500105E-003
-0.65000000000000013 -0.45000000000000001 9.5329754766487716E-003
-0.65000000000000013 -0.34999999999999948 1.8517525925876292E-002
-0.65000000000000013 -0.24999999999999983 3.0603501530175072E-002
-0.65000000000000013 -0.14999999999999930 4.2820377141018856E-002
-0.65000000000000013 -4.9999999999999642E-002 5.0642302532115123E-002
-0.65000000000000013 5.0000000000000003E-002 5.0740202537010122E-002
-0.65000000000000013 0.15000000000000052 4.2868777143438855E-002
-0.65000000000000013 0.25000000000000017 3.0714301535715072E-002
-0.65000000000000013 0.35000000000000070 1.8707325935366295E-002
-0.65000000000000013 0.45000000000000034 9.6386754819337735E-003
-0.65000000000000013 0.55000000000000004 4.1739252086962601E-003
-0.65000000000000013 0.65000000000000058 1.5291250764562538E-003
-0.65000000000000013 0.75000000000000022 4.8042502402125122E-004
-0.65000000000000013 0.85000000000000075 1.2482500624125029E-004
-0.54999999999999960 -0.84999999999999942 1.3182500659125030E-004
-0.54999999999999960 -0.74999999999999978 5.0080002504000114E-004
-0.54999999999999960 -0.65000000000000013 1.6011500800575038E-003
-0.54999999999999960 -0.54999999999999960 4.3538752176937598E-003
-0.54999999999999960 -0.45000000000000001 1.0042025502101275E-002
-0.54999999999999960 -0.34999999999999948 1.9633375981668800E-002
-0.54999999999999960 -0.24999999999999983 3.2455926622796331E-002
-0.54999999999999960 -0.14999999999999930 4.5340752267037605E-002
-0.54999999999999960 -4.9999999999999642E-002 5.3631727681586382E-002
-0.54999999999999960 5.0000000000000003E-002 5.3734452686722632E-002
-0.54999999999999960 0.15000000000000052 4.5429827271491356E-002
-0.54999999999999960 0.25000000000000017 3.2436251621812580E-002
-0.54999999999999960 0.35000000000000070 1.9737850986892545E-002
-0.54999999999999960 0.45000000000000034 1.0192875509643776E-002
-0.54999999999999960 0.55000000000000004 4.4399252219962607E-003
-0.54999999999999960 0.65000000000000058 1.6121750806087538E-003
-0.54999999999999960 0.75000000000000022 5.0150002507500120E-004
-0.54999999999999960 0.85000000000000075 1.2855000642750033E-004
-0.45000000000000001 -0.84999999999999942 1.3610000680500030E-004
-0.45000000000000001 -0.74999999999999978 5.3592502679625134E-004
-0.45000000000000001 -0.65000000000000013 1.6867000843350042E-003
-0.45000000000000001 -0.54999999999999960 4.5797252289862611E-003
-0.45000000000000001 -0.45000000000000001 1.0483075524153776E-002
-0.45000000000000001 -0.34999999999999948 2.0548151027407553E-002
-0.45000000000000001 -0.24999999999999983 3.3991776699588833E-002
-0.45000000000000001 -0.14999999999999930 4.7519602375980116E-002
-0.45000000000000001 -4.9999999999999642E-002 5.6281302814065133E-002
-0.45000000000000001 5.0000000000000003E-002 5.6306852815342631E-002
-0.45000000000000001 0.15000000000000052 4.7633552381677616E-002
-0.45000000000000001 0.25000000000000017 3.4055776702788830E-002
-0.45000000000000001 0.35000000000000070 2.0688576034428800E-002
-0.45000000000000001 0.45000000000000034 1.0644375532218777E-002
-0.45000000000000001 0.55000000000000004 4.6361002318050116E-003
-0.45000000000000001 0.65000000000000058 1.6889000844450043E-003
-0.45000000000000001 0.75000000000000022 5.2487502624375126E-004
-0.45000000000000001 0.85000000000000075 1.3447500672375033E-004
-0.34999999999999948 -0.84999999999999942 1.4147500707375034E-004
-0.34999999999999948 -0.74999999999999978 5.4610002730500124E-004
-0.34999999999999948 -0.65000000000000013 1.7378000868900042E-003
-0.34999999999999948 -0.54999999999999960 4.7397502369875121E-003
-0.34999999999999948 -0.45000000000000001 1.0913050545652527E-002
-0.34999999999999948 -0.34999999999999948 2.1360251068012554E-002
-0.34999999999999948 -0.24999999999999983 3.5272526763626341E-002
-0.34999999999999948 -0.14999999999999930 4.9426902471345117E-002
-0.34999999999999948 -4.9999999999999642E-002 5.8462327923116397E-002
-0.34999999999999948 5.0000000000000003E-002 5.8353027917651387E-002
-0.34999999999999948 0.15000000000000052 4.9465127473256369E-002
-0.34999999999999948 0.25000000000000017 3.5289126764456329E-002
-0.34999999999999948 0.35000000000000070 2.1475651073782551E-002
-0.34999999999999948 0.45000000000000034 1.0991950549597528E-002
-0.34999999999999948 0.55000000000000004 4.8033002401650119E-003
-0.34999999999999948 0.65000000000000058 1.7639000881950041E-003
-0.34999999999999948 0.75000000000000022 5.3445002672250139E-004
-0.34999999999999948 0.85000000000000075 1.4157500707875036E-004
-0.24999999999999983 -0.84999999999999942 1.5325000766250039E-004
-0.24999999999999983 -0.74999999999999978 5.6947502847375141E-004
-0.24999999999999983 -0.65000000000000013 1.8150750907537545E-003
-0.24999999999999983 -0.54999999999999960 4.8910502445525111E-003
-0.24999999999999983 -0.45000000000000001 1.1211125560556277E-002
-0.24999999999999983 -0.34999999999999948 2.1924626096231300E-002
-0.24999999999999983 -0.24999999999999983 3.6378576818928844E-002
-0.24999999999999983 -0.14999999999999930 5.0847852542392630E-002
-0.24999999999999983 -4.9999999999999642E-002 6.0089803004490148E-002
-0.24999999999999983 5.0000000000000003E-002 6.0066153003307650E-002
-0.24999999999999983 0.15000000000000052 5.0857177542858879E-002
-0.24999999999999983 0.25000000000000017 3.6373601818680094E-002
-0.24999999999999983 0.35000000000000070 2.2093401104670052E-002
-0.24999999999999983 0.45000000000000034 1.1302550565127526E-002
-0.24999999999999983 0.55000000000000004 4.9334252466712624E-003
-0.24999999999999983 0.65000000000000058 1.8064500903225045E-003
-0.24999999999999983 0.75000000000000022 5.5415002770750144E-004
-0.24999999999999983 0.85000000000000075 1.4972500748625038E-004
-0.14999999999999930 -0.84999999999999942 1.5597500779875040E-004
-0.14999999999999930 -0.74999999999999978 5.8330002916500150E-004
-0.14999999999999930 -0.65000000000000013 1.8305000915250045E-003
-0.14999999999999930 -0.54999999999999960 4.9897252494862628E-003
-0.14999999999999930 -0.45000000000000001 1.1426925571346277E-002
-0.14999999999999930 -0.34999999999999948 2.2344226117211305E-002
-0.14999999999999930 -0.24999999999999983 3.7045151852257589E-002
-0.14999999999999930 -0.14999999999999930 5.1765427588271372E-002
-0.14999999999999930 -4.9999999999999642E-002 6.1259378062968897E-002
-0.14999999999999930 5.0000000000000003E-002 6.1275403063770155E-002
-0.14999999999999930 0.15000000000000052 5.1796152589807631E-002
-0.14999999999999930 0.25000000000000017 3.7038551851927594E-002
-0.14999999999999930 0.35000000000000070 2.2533376126668805E-002
-0.14999999999999930 0.45000000000000034 1.1547300577365029E-002
-0.14999999999999930 0.55000000000000004 4.9947502497375120E-003
-0.14999999999999930 0.65000000000000058 1.8173000908650043E-003
-0.14999999999999930 0.75000000000000022 5.6752502837625137E-004
-0.14999999999999930 0.85000000000000075 1.4717500735875037E-004
-4.9999999999999642E-002 -0.84999999999999942 1.5662500783125040E-004
-4.9999999999999642E-002 -0.74999999999999978 5.7522502876125147E-004
-4.9999999999999642E-002 -0.65000000000000013 1.8574750928737544E-003
-4.9999999999999642E-002 -0.54999999999999960 5.0415002520750127E-003
-4.9999999999999642E-002 -0.45000000000000001 1.1570350578517529E-002
-4.9999999999999642E-002 -0.34999999999999948 2.2579626128981307E-002
-4.9999999999999642E-002 -0.24999999999999983 3.7322801866140086E-002
-4.9999999999999642E-002 -0.14999999999999930 5.2187652609382622E-002
-4.9999999999999642E-002 -4.9999999999999642E-002 6.1869503093475151E-002
-4.9999999999999642E-002 5.0000000000000003E-002 6.1842603092130147E-002
-4.9999999999999642E-002 0.15000000000000052 5.2293952614697624E-002
-4.9999999999999642E-002 0.25000000000000017 3.7449726872486343E-002
-4.9999999999999642E-002 0.35000000000000070 2.2725576136278808E-002
-4.9999999999999642E-002 0.45000000000000034 1.1741925587096278E-002
-4.9999999999999642E-002 0.55000000000000004 5.0502752525137624E-003
-4.9999999999999642E-002 0.65000000000000058 1.8362500918125046E-003
-4.9999999999999642E-002 0.75000000000000022 5.5802502790125138E-004
-4.9999999999999642E-002 0.85000000000000075 1.5360000768000037E-004
5.0000000000000003E-002 -0.84999999999999942 1.5042500752125037E-004
5.0000000000000003E-002 -0.74999999999999978 5.7830002891500149E-004
5.0000000000000003E-002 -0.65000000000000013 1.8500500925025046E-003
5.0000000000000003E-002 -0.54999999999999960 5.0213252510662616E-003
5.0000000000000003E-002 -0.45000000000000001 1.1644050582202529E-002
5.0000000000000003E-002 -0.34999999999999948 2.2607601130380055E-002
5.0000000000000003E-002 -0.24999999999999983 3.7360926868046346E-002
5.0000000000000003E-002 -0.14999999999999930 5.2229202611460121E-002
5.0000000000000003E-002 -4.9999999999999642E-002 6.1807428090371402E-002
5.0000000000000003E-002 5.0000000000000003E-002 6.1780978089048900E-002
5.0000000000000003E-002 0.15000000000000052 5.2278577613928873E-002
5.0000000000000003E-002 0.25000000000000017 3.7530576876528846E-002
5.0000000000000003E-002 0.35000000000000070 2.2715276135763803E-002
5.0000000000000003E-002 0.45000000000000034 1.1746350587317527E-002
5.0000000000000003E-002 0.55000000000000004 5.1032252551612622E-003
5.0000000000000003E-002 0.65000000000000058 1.8479000923950046E-003
5.0000000000000003E-002 0.75000000000000022 5.6815002840750141E-004
5.0000000000000003E-002 0.85000000000000075 1.5395000769750038E-004
0.15000000000000052 -0.84999999999999942 1.5392500769625036E-004
0.15000000000000052 -0.74999999999999978 5.6875002843750130E-004
0.15000000000000052 -0.65000000000000013 1.8430000921500044E-003
0.15000000000000052 -0.54999999999999960 4.9798752489937622E-003
0.15000000000000052 -0.45000000000000001 1.1487250574362529E-002
0.15000000000000052 -0.34999999999999948 2.2378401118920057E-002
0.15000000000000052 -0.24999999999999983 3.7142376857118839E-002
0.15000000000000052 -0.14999999999999930 5.1689977584498878E-002
0.15000000000000052 -4.9999999999999642E-002 6.1088028054401396E-002
0.15000000000000052 5.0000000000000003E-002 6.1239078061953903E-002
0.15000000000000052 0.15000000000000052 5.1823377591168875E-002
0.15000000000000052 0.25000000000000017 3.7105776855288840E-002
0.15000000000000052 0.35000000000000070 2.2505976125298803E-002
0.15000000000000052 0.45000000000000034 1.1625975581298778E-002
0.15000000000000052 0.55000000000000004 5.0440752522037616E-003
0.15000000000000052 0.65000000000000058 1.8475750923787546E-003
0.15000000000000052 0.75000000000000022 5.5687502784375136E-004
0.15000000000000052 0.85000000000000075 1.4947500747375037E-004
0.25000000000000017 -0.84999999999999942 1.4815000740750036E-004
0.25000000000000017 -0.74999999999999978 5.6640002832000129E-004
0.25000000000000017 -0.65000000000000013 1.8042500902125044E-003
0.25000000000000017 -0.54999999999999960 4.9052502452625124E-003
0.25000000000000017 -0.45000000000000001 1.1257100562855029E-002
0.25000000000000017 -0.34999999999999948 2.1955551097777554E-002
0.25000000000000017 -0.24999999999999983 3.6421726821086339E-002
0.25000000000000017 -0.14999999999999930 5.0802302540115127E-002
0.25000000000000017 -4.9999999999999642E-002 5.9873477993673901E-002
0.25000000000000017 5.0000000000000003E-002 6.0076828003841391E-002
0.25000000000000017 0.15000000000000052 5.0887352544367617E-002
0.25000000000000017 0.25000000000000017 3.6432126821606341E-002
0.25000000000000017 0.35000000000000070 2.2003301100165056E-002
0.25000000000000017 0.45000000000000034 1.1313800565690028E-002
0.25000000000000017 0.55000000000000004 4.9300002465000126E-003
0.25000000000000017 0.65000000000000058 1.8119000905950046E-003
0.25000000000000017 0.75000000000000022 5.5337502766875124E-004
0.25000000000000017 0.85000000000000075 1.4487500724375037E-004
0.35000000000000070 -0.84999999999999942 1.4090000704500033E-004
0.35000000000000070 -0.74999999999999978 5.5350002767500135E-004
0.35000000000000070 -0.65000000000000013 1.7510750875537541E-003
0.35000000000000070 -0.54999999999999960 4.7521752376087608E-003
0.35000000000000070 -0.45000000000000001 1.0976250548812528E-002
0.35000000000000070 -0.34999999999999948 2.1313126065656302E-002
0.35000000000000070 -0.24999999999999983 3.5369726768486341E-002
0.35000000000000070 -0.14999999999999930 4.9428277471413873E-002
0.35000000000000070 -4.9999999999999642E-002 5.8176077908803893E-002
0.35000000000000070 5.0000000000000003E-002 5.8486952924347649E-002
0.35000000000000070 0.15000000000000052 4.9536627476831366E-002
0.35000000000000070 0.25000000000000017 3.5355301767765086E-002
0.35000000000000070 0.35000000000000070 2.1450151072507553E-002
0.35000000000000070 0.45000000000000034 1.0976775548838778E-002
0.35000000000000070 0.55000000000000004 4.7585752379287619E-003
0.35000000000000070 0.65000000000000058 1.7609500880475042E-003
0.35000000000000070 0.75000000000000022 5.4112502705625138E-004
0.35000000000000070 0.85000000000000075 1.4207500710375034E-004
0.45000000000000034 -0.84999999999999942 1.3897500694875034E-004
0.45000000000000034 -0.74999999999999978 5.4070002703500138E-004
0.45000000000000034 -0.65000000000000013 1.6803250840162541E-003
0.45000000000000034 -0.54999999999999960 4.5854502292725112E-003
0.45000000000000034 -0.45000000000000001 1.0576750528837525E-002
0.45000000000000034 -0.34999999999999948 2.0513001025650048E-002
0.45000000000000034 -0.24999999999999983 3.4107526705376333E-002
0.45000000000000034 -0.14999999999999930 4.7568327378416361E-002
0.45000000000000034 -4.9999999999999642E-002 5.6060077803003885E-002
0.45000000000000034 5.0000000000000003E-002 5.6113802805690130E-002
0.45000000000000034 0.15000000000000052 4.7766552388327617E-002
0.45000000000000034 0.25000000000000017 3.4064376703218838E-002
0.45000000000000034 0.35000000000000070 2.0661376033068800E-002
0.45000000000000034 0.45000000000000034 1.0554700527735024E-002
0.45000000000000034 0.55000000000000004 4.5602252280112611E-003
0.45000000000000034 0.65000000000000058 1.6921250846062539E-003
0.45000000000000034 0.75000000000000022 5.1632502581625125E-004
0.45000000000000034 0.85000000000000075 1.3482500674125034E-004
0.55000000000000004 -0.84999999999999942 1.3345000667250033E-004
0.55000000000000004 -0.74999999999999978 5.1305002565250131E-004
0.55000000000000004 -0.65000000000000013 1.5992750799637540E-003
0.55000000000000004 -0.54999999999999960 4.3874002193700105E-003
0.55000000000000004 -0.45000000000000001 1.0120525506026275E-002
0.55000000000000004 -0.34999999999999948 1.9590675979533800E-002
0.55000000000000004 -0.24999999999999983 3.2631501631575084E-002
0.55000000000000004 -0.14999999999999930 4.5423327271166360E-002
0.55000000000000004 -4.9999999999999642E-002 5.3551177677558875E-002
0.55000000000000004 5.0000000000000003E-002 5.3432227671611383E-002
0.55000000000000004 0.15000000000000052 4.5499427274971367E-002
0.55000000000000004 0.25000000000000017 3.2549451627472574E-002
0.55000000000000004 0.35000000000000070 1.9735125986756301E-002
0.55000000000000004 0.45000000000000034 1.0163300508165026E-002
0.55000000000000004 0.55000000000000004 4.3558752177937608E-003
0.55000000000000004 0.65000000000000058 1.5879000793950038E-003
0.55000000000000004 0.75000000000000022 4.8887502444375122E-004
0.55000000000000004 0.85000000000000075 1.3142500657125034E-004
0.65000000000000058 -0.84999999999999942 1.2620000631000032E-004
0.65000000000000058 -0.74999999999999978 4.7317502365875117E-004
0.65000000000000058 -0.65000000000000013 1.5186750759337536E-003
0.65000000000000058 -0.54999999999999960 4.1391252069562599E-003
0.65000000000000058 -0.45000000000000001 9.5760004788000234E-003
0.65000000000000058 -0.34999999999999948 1.8477625923881295E-002
0.65000000000000058 -0.24999999999999983 3.0705376535268825E-002
0.65000000000000058 -0.14999999999999930 4.2944777147238856E-002
0.65000000000000058 -4.9999999999999642E-002 5.0695102534755121E-002
0.65000000000000058 5.0000000000000003E-002 5.0427927521396375E-002
0.65000000000000058 0.15000000000000052 4.2786502139325104E-002
0.65000000000000058 0.25000000000000017 3.0718801535940074E-002
0.65000000000000058 0.35000000000000070 1.8678950933947544E-002
0.65000000000000058 0.45000000000000034 9.5786254789312734E-003
0.65000000000000058 0.55000000000000004 4.1660752083037605E-003
0.65000000000000058 0.65000000000000058 1.5095750754787537E-003
0.65000000000000058 0.75000000000000022 4.6562502328125117E-004
0.65000000000000058 0.85000000000000075 1.1567500578375029E-004
0.75000000000000022 -0.84999999999999942 1.1980000599000030E-004
0.75000000000000022 -0.74999999999999978 4.4332502216625104E-004
0.75000000000000022 -0.65000000000000013 1.4197750709887536E-003
0.75000000000000022 -0.54999999999999960 3.8887001944350099E-003
0.75000000000000022 -0.45000000000000001 8.9736004486800202E-003
0.75000000000000022 -0.34999999999999948 1.7233950861697545E-002
0.75000000000000022 -0.24999999999999983 2.8665351433267573E-002
0.75000000000000022 -0.14999999999999930 4.0238027011901351E-002
0.75000000000000022 -4.9999999999999642E-002 4.7492752374637619E-002
0.75000000000000022 5.0000000000000003E-002 4.7197327359866370E-002
0.75000000000000022 0.15000000000000052 4.0058452002922601E-002
0.75000000000000022 0.25000000000000017 2.8761526438076321E-002
0.75000000000000022 0.35000000000000070 1.7472375873618794E-002
0.75000000000000022 0.45000000000000034 8.9326004466300200E-003
0.75000000000000022 0.55000000000000004 3.8766251938312595E-003
0.75000000000000022 0.65000000000000058 1.4154500707725035E-003
0.75000000000000022 0.75000000000000022 4.2502502125125107E-004
0.75000000000000022 0.85000000000000075 1.1317500565875028E-004
0.85000000000000075 -0.84999999999999942 1.0825000541250027E-004
0.85000000000000075 -0.74999999999999978 4.1837502091875107E-004
0.85000000000000075 -0.65000000000000013 1.3174750658737533E-003
0.85000000000000075 -0.54999999999999960 3.5879001793950090E-003
0.85000000000000075 -0.45000000000000001 8.3238754161937701E-003
0.85000000000000075 -0.34999999999999948 1.6033225801661288E-002
0.85000000000000075 -0.24999999999999983 2.6418151320907562E-002
0.85000000000000075 -0.14999999999999930 3.7488851874442591E-002
0.85000000000000075 -4.9999999999999642E-002 4.4030627201531357E-002
0.85000000000000075 5.0000000000000003E-002 4.3902102195105104E-002
0.85000000000000075 0.15000000000000052 3.7152176857608840E-002
0.85000000000000075 0.25000000000000017 2.6640476332023814E-002
0.85000000000000075 0.35000000000000070 1.6162575808128792E-002
0.85000000000000075 0.45000000000000034 8.2785004139250204E-003
0.85000000000000075 0.55000000000000004 3.5927001796350086E-003
0.85000000000000075 0.65000000000000058 1.3177500658875030E-003
0.85000000000000075 0.75000000000000022 3.9600001980000092E-004
0.85000000000000075 0.85000000000000075 1.0615000530750027E-004
0.95000000000000040 -0.74999999999999978 3.7432501871625088E-004
0.95000000000000040 -0.65000000000000013 1.2114750605737531E-003
0.95000000000000040 -0.54999999999999960 3.2965751648287578E-003
0.95000000000000040 -0.45000000000000001 7.6354753817737681E-003
0.95000000000000040 -0.34999999999999948 1.4827050741352536E-002
0.95000000000000040 -0.24999999999999983 2.4207926210396309E-002
0.95000000000000040 -0.14999999999999930 3.4354401717720084E-002
0.95000000000000040 -4.9999999999999642E-002 4.0465877023293843E-002
0.95000000000000040 5.0000000000000003E-002 4.0255752012787596E-002
0.95000000000000040 0.15000000000000052 3.4157276707863837E-002
0.95000000000000040 0.25000000000000017 2.4374226218711312E-002
0.95000000000000040 0.35000000000000070 1.4807275740363788E-002
0.95000000000000040 0.45000000000000034 7.5696003784800191E-003
0.95000000000000040 0.55000000000000004 3.3001501650075080E-003
0.95000000000000040 0.65000000000000058 1.1983250599162530E-003
0.95000000000000040 0.75000000000000022 3.6792501839625084E-004
1.0500000000000000 -0.74999999999999978 3.4205001710250078E-004
1.0500000000000000 -0.65000000000000013 1.0891750544587526E-003
1.0500000000000000 -0.54999999999999960 3.0266251513312572E-003
1.0500000000000000 -0.45000000000000001 6.9342753467137672E-003
1.0500000000000000 -0.34999999999999948 1.3486850674342533E-002
1.0500000000000000 -0.24999999999999983 2.2041976102098806E-002
1.0500000000000000 -0.14999999999999930 3.1160376558018826E-002
1.0500000000000000 -4.9999999999999642E-002 3.6793651839682591E-002
1.0500000000000000 5.0000000000000003E-002 3.6664726833236343E-002
1.0500000000000000 0.15000000000000052 3.1055326552766327E-002
1.0500000000000000 0.25000000000000017 2.2202701110135056E-002
1.0500000000000000 0.35000000000000070 1.3493075674653783E-002
1.0500000000000000 0.45000000000000034 6.9427003471350165E-003
1.0500000000000000 0.55000000000000004 3.0129501506475074E-003
1.0500000000000000 0.65000000000000058 1.0935750546787527E-003
1.0500000000000000 0.75000000000000022 3.3842501692125080E-004
1.1500000000000006 -0.74999999999999978 3.1117501555875070E-004
1.1500000000000006 -0.65000000000000013 9.8257504912875235E-004
1.1500000000000006 -0.54999999999999960 2.7476251373812570E-003
1.1500000000000006 -0.45000000000000001 6.2723503136175160E-003
1.1500000000000006 -0.34999999999999948 1.2208300610415029E-002
1.1500000000000006 -0.24999999999999983 1.9942775997138801E-002
1.1500000000000006 -0.14999999999999930 2.7954526397726318E-002
1.1500000000000006 -4.9999999999999642E-002 3.3166651658332581E-002
1.1500000000000006 5.0000000000000003E-002 3.3098326654916334E-002
1.1500000000000006 0.15000000000000052 2.8048026402401321E-002
1.1500000000000006 0.25000000000000017 2.0059651002982549E-002
1.1500000000000006 0.35000000000000070 1.2163400608170031E-002
1.1500000000000006 0.45000000000000034 6.2439253121962654E-003
1.1500000000000006 0.55000000000000004 2.7160751358037568E-003
1.1500000000000006 0.65000000000000058 9.8852504942625245E-004
1.1500000000000006 0.75000000000000022 3.0157501507875069E-004
1.2500000000000002 -0.74999999999999978 2.7670001383500069E-004
1.2500000000000002 -0.65000000000000013 8.7805004390250220E-004
1.2500000000000002 -0.54999999999999960 2.4304251215212561E-003
1.2500000000000002 -0.45000000000000001 5.6037502801875132E-003
1.2500000000000002 -0.34999999999999948 1.0903500545175025E-002
1.2500000000000002 -0.24999999999999983 1.7929425896471295E-002
1.2500000000000002 -0.14999999999999930 2.4825801241290062E-002
1.2500000000000002 -4.9999999999999642E-002 2.9642476482123821E-002
1.2500000000000002 5.0000000000000003E-002 2.9572701478635069E-002
1.2500000000000002 0.15000000000000052 2.5054051252702558E-002
1.2500000000000002 0.25000000000000017 1.7929075896453796E-002
1.2500000000000002 0.35000000000000070 1.0878325543916278E-002
1.2500000000000002 0.45000000000000034 5.5720002786000134E-003
1.2500000000000002 0.55000000000000004 2.4429501221475062E-003
1.2500000000000002 0.65000000000000058 8.8427504421375214E-004
1.2500000000000002 0.75000000000000022 2.6590001329500058E-004
1.3500000000000008 -0.74999999999999978 2.4220001211000062E-004
1.3500000000000008 -0.65000000000000013 7.9030003951500191E-004
1.3500000000000008 -0.54999999999999960 2.1547001077350052E-003
1.3500000000000008 -0.45000000000000001 4.9749752487487624E-003
1.3500000000000008 -0.34999999999999948 9.6456254822812736E-003
1.3500000000000008 -0.24999999999999983 1.5851900792595040E-002
1.3500000000000008 -0.14999999999999930 2.1966101098305050E-002
1.3500000000000008 -4.9999999999999642E-002 2.6249901312495067E-002
1.3500000000000008 5.0000000000000003E-002 2.6130451306522567E-002
1.3500000000000008 0.15000000000000052 2.2116126105806301E-002
1.3500000000000008 0.25000000000000017 1.5875650793782541E-002
1.3500000000000008 0.35000000000000070 9.6098004804900244E-003
1.3500000000000008 0.45000000000000034 4.9538752476937613E-003
1.3500000000000008 0.55000000000000004 2.1452501072625053E-003
1.3500000000000008 0.65000000000000058 7.7720003886000194E-004
1.3500000000000008 0.75000000000000022 2.3932501196625058E-004
1.4500000000000004 -0.74999999999999978 2.0580001029000047E-004
1.4500000000000004 -0.65000000000000013 6.9145003457250168E-004
1.4500000000000004 -0.54999999999999960 1.8877500943875046E-003
1.4500000000000004 -0.45000000000000001 4.4113252205662612E-003
1.4500000000000004 -0.34999999999999948 8.4058004202900195E-003
1.4500000000000004 -0.24999999999999983 1.3987925699396284E-002
1.4500000000000004 -0.14999999999999930 1.9227300961365049E-002
1.4500000000000004 -4.9999999999999642E-002 2.2878576143928804E-002
1.4500000000000004 5.0000000000000003E-002 2.2846551142327556E-002
1.4500000000000004 0.15000000000000052 1.9436100971805044E-002
1.4500000000000004 0.25000000000000017 1.3924325696216286E-002
1.4500000000000004 0.35000000000000070 8.4551004227550203E-003
1.4500000000000004 0.45000000000000034 4.3087002154350105E-003
1.4500000000000004 0.55000000000000004 1.8639250931962545E-003
1.4500000000000004 0.65000000000000058 6.8202503410125172E-004
1.4500000000000004 0.75000000000000022 2.1082501054125050E-004
1.5500000000000000 -0.74999999999999978 1.8165000908250043E-004
1.5500000000000000 -0.65000000000000013 6.0892503044625138E-004
1.5500000000000000 -0.54999999999999960 1.6330750816537540E-003
1.5500000000000000 -0.45000000000000001 3.7965751898287590E-003
1.5500000000000000 -0.34999999999999948 7.3509253675462672E-003
1.5500000000000000 -0.24999999999999983 1.2094000604700028E-002
1.5500000000000000 -0.14999999999999930 1.6749050837452539E-002
1.5500000000000000 -4.9999999999999642E-002 1.9818025990901298E-002
1.5500000000000000 5.0000000000000003E-002 1.9852700992635048E-002
1.5500000000000000 0.15000000000000052 1.6827700841385042E-002
1.5500000000000000 0.25000000000000017 1.2134025606701281E-002
1.5500000000000000 0.35000000000000070 7.3384003669200179E-003
1.5500000000000000 0.45000000000000034 3.7519251875962594E-003
1.5500000000000000 0.55000000000000004 1.6408250820412538E-003
1.5500000000000000 0.65000000000000058 5.7960002898000144E-004
1.5500000000000000 0.75000000000000022 1.8600000930000046E-004
1.6500000000000006 -0.74999999999999978 1.5572500778625038E-004
1.6500000000000006 -0.65000000000000013 5.1620002581000113E-004
1.6500000000000006 -0.54999999999999960 1.4213250710662536E-003
1.6500000000000006 -0.45000000000000001 3.2216001610800081E-003
1.6500000000000006 -0.34999999999999948 6.2881503144075158E-003
1.6500000000000006 -0.24999999999999983 1.0389800519490027E-002
1.6500000000000006 -0.14999999999999930 1.4459450722972535E-002
1.6500000000000006 -4.9999999999999642E-002 1.7009075850453793E-002
1.6500000000000006 5.0000000000000003E-002 1.6996775849838792E-002
1.6500000000000006 0.15000000000000052 1.4453325722666284E-002
1.6500000000000006 0.25000000000000017 1.0420400521020026E-002
1.6500000000000006 0.35000000000000070 6.3008503150425148E-003
1.6500000000000006 0.45000000000000034 3.2500751625037581E-003
1.6500000000000006 0.55000000000000004 1.3925500696275032E-003
1.6500000000000006 0.65000000000000058 5.1670002583500128E-004
1.6500000000000006 0.75000000000000022 1.5950000797500041E-004
1.7500000000000002 -0.74999999999999978 1.3407500670375034E-004
1.7500000000000002 -0.65000000000000013 4.3570002178500107E-004
1.7500000000000002 -0.54999999999999960 1.2009250600462529E-003
1.7500000000000002 -0.45000000000000001 2.7338001366900063E-003
1.7500000000000002 -0.34999999999999948 5.3937502696875137E-003
1.7500000000000002 -0.24999999999999983 8.8415004420750211E-003
1.7500000000000002 -0.14999999999999930 1.2362525618126280E-002
1.7500000000000002 -4.9999999999999642E-002 1.4483500724175036E-002
1.7500000000000002 5.0000000000000003E-002 1.4502350725117534E-002
1.7500000000000002 0.15000000000000052 1.2321775616088779E-002
1.7500000000000002 0.25000000000000017 8.8595754429787697E-003
1.7500000000000002 0.35000000000000070 5.3620752681037623E-003
1.7500000000000002 0.45000000000000034 2.7585001379250066E-003
1.7500000000000002 0.55000000000000004 1.1813250590662530E-003
1.7500000000000002 0.65000000000000058 4.3447502172375103E-004
1.7500000000000002 0.75000000000000022 1.3797500689875035E-004
1.8500000000000008 -0.74999999999999978 1.1020000551000027E-004
1.8500000000000008 -0.65000000000000013 3.6142501807125089E-004
1.8500000000000008 -0.54999999999999960 1.0143250507162525E-003
1.8500000000000008 -0.45000000000000001 2.3058251152912558E-003
1.8500000000000008 -0.34999999999999948 4.5443002272150109E-003
1.8500000000000008 -0.24999999999999983 7.4724753736237683E-003
1.8500000000000008 -0.14999999999999930 1.0496275524813777E-002
1.8500000000000008 -4.9999999999999642E-002 1.2280525614026280E-002
1.8500000000000008 5.0000000000000003E-002 1.2222050611102531E-002
1.8500000000000008 0.15000000000000052 1.0425450521272524E-002
1.8500000000000008 0.25000000000000017 7.4714253735712688E-003
1.8500000000000008 0.35000000000000070 4.5404252270212610E-003
1.8500000000000008 0.45000000000000034 2.3288751164437559E-003
1.8500000000000008 0.55000000000000004 1.0045750502287523E-003
1.8500000000000008 0.65000000000000058 3.7015001850750090E-004
1.8500000000000008 0.75000000000000022 1.1510000575500028E-004
1.9500000000000004 -0.65000000000000013 3.1230001561500078E-004
1.9500000000000004 -0.54999999999999960 8.4935004246750208E-004
1.9500000000000004 -0.45000000000000001 1.9338500966925049E-003
1.9500000000000004 -0.34999999999999948 3.8215001910750094E-003
1.9500000000000004 -0.24999999999999983 6.2457503122875157E-003
1.9500000000000004 -0.14999999999999930 8.7669004383450194E-003
1.9500000000000004 -4.9999999999999642E-002 1.0286700514335025E-002
1.9500000000000004 5.0000000000000003E-002 1.0238550511927524E-002
1.9500000000000004 0.15000000000000052 8.6529004326450221E-003
1.9500000000000004 0.25000000000000017 6.2336503116825152E-003
1.9500000000000004 0.35000000000000070 3.7867501893375090E-003
1.9500000000000004 0.45000000000000034 1.9362000968100046E-003
1.9500000000000004 0.55000000000000004 8.4560004228000204E-004
1.9500000000000004 0.65000000000000058 3.0812501540625079E-004
2.0499999999999998 -0.65000000000000013 2.5605001280250061E-004
2.0499999999999998 -0.54999999999999960 6.9995003499750161E-004
2.0499999999999998 -0.45000000000000001 1.6110750805537540E-003
2.0499999999999998 -0.34999999999999948 3.1820751591037574E-003
2.0499999999999998 -0.24999999999999983 5.1649252582462619E-003
2.0499999999999998 -0.14999999999999930 7.2858253642912674E-003
2.0499999999999998 -4.9999999999999642E-002 8.5590754279537707E-003
2.0499999999999998 5.0000000000000003E-002 8.4872504243625191E-003
2.0499999999999998 0.15000000000000052 7.1596003579800175E-003
2.0499999999999998 0.25000000000000017 5.1679252583962621E-003
2.0499999999999998 0.35000000000000070 3.1485751574287578E-003
2.0499999999999998 0.45000000000000034 1.6076000803800037E-003
2.0499999999999998 0.55000000000000004 7.0182503509125162E-004
2.0499999999999998 0.65000000000000058 2.5747501287375063E-004
2.1500000000000004 -0.65000000000000013 2.1062501053125052E-004
2.1500000000000004 -0.54999999999999960 5.7850002892500141E-004
2.1500000000000004 -0.45000000000000001 1.3341000667050030E-003
2.1500000000000004 -0.34999999999999948 2.5827751291387564E-003
2.1500000000000004 -0.24999999999999983 4.2481752124087606E-003
2.1500000000000004 -0.14999999999999930 5.9400752970037640E-003
2.1500000000000004 -4.9999999999999642E-002 7.0510003525500178E-003
2.1500000000000004 5.0000000000000003E-002 7.0130003506500170E-003
2.1500000000000004 0.15000000000000052 5.8803502940175138E-003
2.1500000000000004 0.25000000000000017 4.2213252110662597E-003
2.1500000000000004 0.35000000000000070 2.5865501293275066E-003
2.1500000000000004 0.45000000000000034 1.3110750655537533E-003
2.1500000000000004 0.55000000000000004 5.6675002833750138E-004
2.1500000000000004 0.65000000000000058 2.0820001041000049E-004
2.2500000000000000 -0.65000000000000013 1.7377500868875044E-004
2.2500000000000000 -0.54999999999999960 4.8075002403750121E-004
2.2500000000000000 -0.45000000000000001 1.0878500543925027E-003
2.2500000000000000 -0.34999999999999948 2.1011751050587554E-003
2.2500000000000000 -0.24999999999999983 3.4624251731212581E-003
2.2500000000000000 -0.14999999999999930 4.8313002415650121E-003
2.2500000000000000 -4.9999999999999642E-002 5.6914752845737644E-003
2.2500000000000000 5.0000000000000003E-002 5.7148502857425135E-003
2.2500000000000000 0.15000000000000052 4.7963002398150123E-003
2.2500000000000000 0.25000000000000017 3.4564751728237580E-003
2.2500000000000000 0.35000000000000070 2.0672751033637550E-003
2.2500000000000000 0.45000000000000034 1.0880500544025028E-003
2.2500000000000000 0.55000000000000004 4.6707502335375118E-004
2.2500000000000000 0.65000000000000058 1.7135000856750041E-004
2.3500000000000005 -0.65000000000000013 1.3617500680875033E-004
2.3500000000000005 -0.54999999999999960 3.7397501869875090E-004
2.3500000000000005 -0.45000000000000001 8.7962504398125211E-004
2.3500000000000005 -0.34999999999999948 1.6992750849637542E-003
2.3500000000000005 -0.24999999999999983 2.7952001397600068E-003
2.3500000000000005 -0.14999999999999930 3.9039251951962597E-003
2.3500000000000005 -4.9999999999999642E-002 4.5506502275325109E-003
2.3500000000000005 5.0000000000000003E-002 4.5709752285487603E-003
2.3500000000000005 0.15000000000000052 3.8504751925237590E-003
2.3500000000000005 0.25000000000000017 2.7746001387300070E-003
2.3500000000000005 0.35000000000000070 1.6696750834837542E-003
2.3500000000000005 0.45000000000000034 8.6545004327250215E-004
2.3500000000000005 0.55000000000000004 3.8292501914625093E-004
2.3500000000000005 0.65000000000000058 1.3782500689125035E-004
2.4500000000000002 -0.65000000000000013 1.0310000515500026E-004
2.4500000000000002 -0.54999999999999960 3.0892501544625071E-004
2.4500000000000002 -0.45000000000000001 6.8860003443000164E-004
2.4500000000000002 -0.34999999999999948 1.3623500681175034E-003
2.4500000000000002 -0.24999999999999983 2.2342001117100054E-003
2.4500000000000002 -0.14999999999999930 3.1067751553387575E-003
2.4500000000000002 -4.9999999999999642E-002 3.6664751833237592E-003
2.4500000000000002 5.0000000000000003E-002 3.6346251817312592E-003
2.4500000000000002 0.15000000000000052 3.0642001532100076E-003
2.4500000000000002 0.25000000000000017 2.2191751109587555E-003
2.4500000000000002 0.35000000000000070 1.3497500674875033E-003
2.4500000000000002 0.45000000000000034 6.8930003446500171E-004
2.4500000000000002 0.55000000000000004 2.9775001488750074E-004
2.4500000000000002 0.65000000000000058 1.0680000534000026E-004
2.5499999999999998 -0.54999999999999960 2.4187501209375060E-004
2.5499999999999998 -0.45000000000000001 5.4797502739875137E-004
2.5499999999999998 -0.34999999999999948 1.0870000543500027E-003
2.5499999999999998 -0.24999999999999983 1.7676750883837543E-003
2.5499999999999998 -0.14999999999999930 2.4416501220825056E-003
2.5499999999999998 -4.9999999999999642E-002 2.9021251451062571E-003
2.5499999999999998 5.0000000000000003E-002 2.8722751436137573E-003
2.5499999999999998 0.15000000000000052 2.4525501226275058E-003
2.5499999999999998 0.25000000000000017 1.7341000867050044E-003
2.5499999999999998 0.35000000000000070 1.0596500529825026E-003
2.5499999999999998 0.45000000000000034 5.3922502696125132E-004
2.5499999999999998 0.55000000000000004 2.3562501178125058E-004
2.6500000000000004 -0.54999999999999960 1.8005000900250042E-004
2.6500000000000004 -0.45000000000000001 4.2735002136750109E-004
2.6500000000000004 -0.34999999999999948 8.4587504229375200E-004
2.6500000000000004 -0.24999999999999983 1.3703500685175033E-003
2.6500000000000004 -0.14999999999999930 1.9200750960037549E-003
2.6500000000000004 -4.9999999999999642E-002 2.2609501130475057E-003
2.6500000000000004 5.0000000000000003E-002 2.2383251119162556E-003
2.6500000000000004 0.15000000000000052 1.9069500953475048E-003
2.6500000000000004 0.25000000000000017 1.3569250678462535E-003
2.6500000000000004 0.35000000000000070 8.3467504173375209E-004
2.6500000000000004 0.45000000000000034 4.1915002095750106E-004
2.6500000000000004 0.55000000000000004 1.8325000916250044E-004
2.7500000000000000 -0.54999999999999960 1.3707500685375035E-004
2.7500000000000000 -0.45000000000000001 3.3282501664125085E-004
2.7500000000000000 -0.34999999999999948 6.5477503273875162E-004
2.7500000000000000 -0.24999999999999983 1.0583250529162527E-003
2.7500000000000000 -0.14999999999999930 1.4871750743587536E-003
2.7500000000000000 -4.9999999999999642E-002 1.7589000879450045E-003
2.7500000000000000 5.0000000000000003E-002 1.7193750859687542E-003
2.7500000000000000 0.15000000000000052 1.4786750739337537E-003
2.7500000000000000 0.25000000000000017 1.0623000531150024E-003
2.7500000000000000 0.35000000000000070 6.3657503182875156E-004
2.7500000000000000 0.45000000000000034 3.3275001663750077E-004
2.7500000000000000 0.55000000000000004 1.4247500712375035E-004
2.8500000000000005 -0.54999999999999960 1.0400000520000024E-004
2.8500000000000005 -0.45000000000000001 2.5400001270000066E-004
2.8500000000000005 -0.34999999999999948 4.9842502492125119E-004
2.8500000000000005 -0.24999999999999983 7.9897503994875204E-004
2.8500000000000005 -0.14999999999999930 1.1512250575612529E-003
2.8500000000000005 -4.9999999999999642E-002 1.3530750676537533E-003
2.8500000000000005 5.0000000000000003E-002 1.3235000661750032E-003
2.8500000000000005 0.15000000000000052 1.1271500563575028E-003
2.8500000000000005 0.25000000000000017 8.2162504108125210E-004
2.8500000000000005 0.35000000000000070 4.8917502445875122E-004
2.8500000000000005 0.45000000000000034 2.5110001255500064E-004
2.8500000000000005 0.55000000000000004 1.0607500530375025E-004
2.9500000000000002 -0.45000000000000001 1.9615000980750049E-004
2.9500000000000002 -0.34999999999999948 3.7552501877625093E-004
2.9500000000000002 -0.24999999999999983 6.1342503067125158E-004
2.9500000000000002 -0.14999999999999930 8.7680004384000211E-004
2.9500000000000002 -4.9999999999999642E-002 1.0210750510537526E-003
2.9500000000000002 5.0000000000000003E-002 1.0148250507412524E-003
2.9500000000000002 0.15000000000000052 8.4930004246500199E-004
2.9500000000000002 0.25000000000000017 6.2120003106000160E-004
2.9500000000000002 0.35000000000000070 3.7557501877875091E-004
2.9500000000000002 0.45000000000000034 1.8892500944625045E-004
3.0499999999999998 -0.45000000000000001 1.4702500735125037E-004
3.0499999999999998 -0.34999999999999948 2.8317501415875071E-004
3.0499999999999998 -0.24999999999999983 4.7337502366875120E-004
3.0499999999999998 -0.14999999999999930 6.5752503287625169E-004
3.0499999999999998 -4.9999999999999642E-002 7.6412503820625190E-004
3.0499999999999998 5.0000000000000003E-002 7.5977503798875176E-004
3.0499999999999998 0.15000000000000052 6.4237503211875160E-004
3.0499999999999998 0.25000000000000017 4.6355002317750117E-004
3.0499999999999998 0.35000000000000070 2.8462501423125072E-004
3.0499999999999998 0.45000000000000034 1.4425000721250035E-004
3.1499999999999995 -0.45000000000000001 1.0397500519875026E-004
3.1499999999999995 -0.34999999999999948 2.1565001078250053E-004
3.1499999999999995 -0.24999999999999983 3.5532501776625090E-004
3.1499999999999995 -0.14999999999999930 4.8497502424875118E-004
3.1499999999999995 -4.9999999999999642E-002 5.7637502881875149E-004
3.1499999999999995 5.0000000000000003E-002 5.6447502822375129E-004
3.1499999999999995 0.15000000000000052 4.7760002388000117E-004
3.1499999999999995 0.25000000000000017 3.5100001755000086E-004
3.1499999999999995 0.35000000000000070 2.0900001045000050E-004
3.1499999999999995 0.45000000000000034 1.1072500553625026E-004
3.2500000000000009 -0.34999999999999948 1.5800000790000036E-004
3.2500000000000009 -0.24999999999999983 2.6037501301875066E-004
3.2500000000000009 -0.14999999999999930 3.6060001803000092E-004
3.2500000000000009 -4.9999999999999642E-002 4.1895002094750102E-004
3.2500000000000009 5.0000000000000003E-002 4.2440002122000103E-004
3.2500000000000009 0.15000000000000052 3.5805001790250088E-004
3.2500000000000009 0.25000000000000017 2.5622501281125066E-004
3.2500000000000009 0.35000000000000070 1.6430000821500039E-004
3.3500000000000005 -0.34999999999999948 1.1305000565250027E-004
3.3500000000000005 -0.24999999999999983 1.8632500931625048E-004
3.3500000000000005 -0.14999999999999930 2.5875001293750065E-004
3.3500000000000005 -4.9999999999999642E-002 3.0885001544250079E-004
3.3500000000000005 5.0000000000000003E-002 3.1067501553375078E-004
3.3500000000000005 0.15000000000000052 2.6150001307500062E-004
3.3500000000000005 0.25000000000000017 1.8595000929750045E-004
3.3500000000000005 0.35000000000000070 1.1592500579625029E-004
3.4500000000000002 -0.24999999999999983 1.3687500684375035E-004
3.4500000000000002 -0.14999999999999930 1.8750000937500048E-004
3.4500000000000002 -4.9999999999999642E-002 2.2790001139500057E-004
3.4500000000000002 5.0000000000000003E-002 2.3267501163375055E-004
3.4500000000000002 0.15000000000000052 1.8997500949875047E-004
3.4500000000000002 0.25000000000000017 1.3577500678875031E-004
3.5499999999999998 -0.14999999999999930 1.3315000665750033E-004
3.5499999999999998 -4.9999999999999642E-002 1.6292500814625040E-004
3.5499999999999998 5.0000000000000003E-002 1.6567500828375040E-004
3.5499999999999998 0.15000000000000052 1.3905000695250033E-004
3.6499999999999995 -4.9999999999999642E-002 1.1557500577875028E-004
3.6499999999999995 5.0000000000000003E-002 1.1582500579125027E-004
3.6499999999999995 0.15000000000000052 1.0090000504500024E-004
