      gamma_real      gamma_imag      sigma_real      sigma_imag              Ep         Ep_imag       Correstep
            2.00            0.00            0.20            0.00      0.25002944      0.00000000      2.15013804
            2.00            0.00            0.40            0.00      0.25036883      0.00000000      2.11186460
            2.00            0.00            0.40            0.20             NaN             NaN             NaN
            2.00            0.00            0.60            0.00      0.25061543      0.00000000      1.53021290
            2.00            0.00            0.60            0.20      0.25084411      0.05000980      1.59908182
            2.00            0.00            0.60            0.40             NaN             NaN             NaN
            2.00            0.00            0.80            0.00      0.25118416      0.00000000      1.50153673
            2.00            0.00            0.80            0.20             NaN             NaN             NaN
            2.00            0.00            0.80            0.40      0.25202206      0.10006739      1.43364196
            2.00            0.00            0.80            0.60             NaN             NaN             NaN
            2.00            0.00            1.00            0.00      0.25183572      0.00000000      1.43413691
            2.00            0.00            1.00            0.20             NaN             NaN             NaN
            2.00            0.00            1.00            0.40             NaN             NaN             NaN
            2.00            0.00            1.00            0.60             NaN             NaN             NaN
            2.00            0.00            1.00            0.80             NaN             NaN             NaN
            2.00            0.00            1.20            0.00      0.25281115      0.00000000      1.31883813
            2.00            0.00            1.20            0.20      0.25334258      0.05001917      1.23546766
            2.00            0.00            1.20            0.40      0.25414506      0.10011853      1.40226163
            2.00            0.00            1.20            0.60             NaN             NaN             NaN
            2.00            0.00            1.20            0.80             NaN             NaN             NaN
            2.00            0.00            1.20            1.00             NaN             NaN             NaN
            2.00            1.05            0.40            0.20             NaN             NaN             NaN
            2.00            1.05            0.60            0.20             NaN             NaN             NaN
            2.00            1.05            0.60            0.40             NaN             NaN             NaN
            2.00            1.05            0.80            0.20             NaN             NaN             NaN
            2.00            1.05            0.80            0.40             NaN             NaN             NaN
            2.00            1.05            0.80            0.60             NaN             NaN             NaN
            2.00            1.05            1.00            0.20             NaN             NaN             NaN
            2.00            1.05            1.00            0.40             NaN             NaN             NaN
            2.00            1.05            1.00            0.60             NaN             NaN             NaN
            2.00            1.05            1.00            0.80             NaN             NaN             NaN
            2.00            1.05            1.20            0.20             NaN             NaN             NaN
            2.00            1.05            1.20            0.40             NaN             NaN             NaN
            2.00            1.05            1.20            0.60             NaN             NaN             NaN
            2.00            1.05            1.20            0.80             NaN             NaN             NaN
            2.00            1.05            1.20            1.00             NaN             NaN             NaN
            2.00            2.09            0.40            0.20             NaN             NaN             NaN
            2.00            2.09            0.60            0.20             NaN             NaN             NaN
            2.00            2.09            0.60            0.40             NaN             NaN             NaN
            2.00            2.09            0.80            0.20             NaN             NaN             NaN
            2.00            2.09            0.80            0.40             NaN             NaN             NaN
            2.00            2.09            0.80            0.60             NaN             NaN             NaN
            2.00            2.09            1.00            0.20             NaN             NaN             NaN
            2.00            2.09            1.00            0.40             NaN             NaN             NaN
            2.00            2.09            1.00            0.60             NaN             NaN             NaN
            2.00            2.09            1.00            0.80             NaN             NaN             NaN
            2.00            2.09            1.20            0.20             NaN             NaN             NaN
            2.00            2.09            1.20            0.40             NaN             NaN             NaN
            2.00            2.09            1.20            0.60             NaN             NaN             NaN
            2.00            2.09            1.20            0.80             NaN             NaN             NaN
            2.00            2.09            1.20            1.00             NaN             NaN             NaN
            2.00            3.14            0.40            0.20             NaN             NaN             NaN
            2.00            3.14            0.60            0.20             NaN             NaN             NaN
            2.00            3.14            0.60            0.40             NaN             NaN             NaN
            2.00            3.14            0.80            0.20             NaN             NaN             NaN
            2.00            3.14            0.80            0.40             NaN             NaN             NaN
            2.00            3.14            0.80            0.60             NaN             NaN             NaN
            2.00            3.14            1.00            0.20             NaN             NaN             NaN
            2.00            3.14            1.00            0.40             NaN             NaN             NaN
            2.00            3.14            1.00            0.60             NaN             NaN             NaN
            2.00            3.14            1.00            0.80             NaN             NaN             NaN
            2.00            3.14            1.20            0.20             NaN             NaN             NaN
            2.00            3.14            1.20            0.40             NaN             NaN             NaN
            2.00            3.14            1.20            0.60             NaN             NaN             NaN
            2.00            3.14            1.20            0.80             NaN             NaN             NaN
            2.00            3.14            1.20            1.00             NaN             NaN             NaN
            2.00            4.19            0.40            0.20             NaN             NaN             NaN
            2.00            4.19            0.60            0.20             NaN             NaN             NaN
            2.00            4.19            0.60            0.40             NaN             NaN             NaN
            2.00            4.19            0.80            0.20             NaN             NaN             NaN
            2.00            4.19            0.80            0.40             NaN             NaN             NaN
            2.00            4.19            0.80            0.60             NaN             NaN             NaN
            2.00            4.19            1.00            0.20             NaN             NaN             NaN
            2.00            4.19            1.00            0.40             NaN             NaN             NaN
            2.00            4.19            1.00            0.60             NaN             NaN             NaN
            2.00            4.19            1.00            0.80             NaN             NaN             NaN
            2.00            4.19            1.20            0.20             NaN             NaN             NaN
            2.00            4.19            1.20            0.40             NaN             NaN             NaN
            2.00            4.19            1.20            0.60             NaN             NaN             NaN
            2.00            4.19            1.20            0.80             NaN             NaN             NaN
            2.00            4.19            1.20            1.00             NaN             NaN             NaN
            2.00            5.24            0.40            0.20      0.25015964      0.05001321      4.56177067
            2.00            5.24            0.60            0.20             NaN             NaN             NaN
            2.00            5.24            0.60            0.40      0.25034113      0.09996351      3.77978444
            2.00            5.24            0.80            0.20      0.25018249      0.05000646      3.20364281
            2.00            5.24            0.80            0.40      0.25049522      0.10000322      3.41567346
            2.00            5.24            0.80            0.60             NaN             NaN             NaN
            2.00            5.24            1.00            0.20      0.25027999      0.05001042      2.85570007
            2.00            5.24            1.00            0.40      0.25028214      0.09999303      3.20130678
            2.00            5.24            1.00            0.60      0.25052354      0.15002738      3.14929212
            2.00            5.24            1.00            0.80             NaN             NaN             NaN
            2.00            5.24            1.20            0.20             NaN             NaN             NaN
            2.00            5.24            1.20            0.40      0.25059713      0.10003844      2.82161867
            2.00            5.24            1.20            0.60             NaN             NaN             NaN
            2.00            5.24            1.20            0.80             NaN             NaN             NaN
            2.00            5.24            1.20            1.00             NaN             NaN             NaN
            2.00            6.28            0.20            0.00      0.25009073      0.00000000      6.89891271
            2.00            6.28            0.40            0.00      0.25011601      0.00000000      4.95805978
            2.00            6.28            0.40            0.20             NaN             NaN             NaN
            2.00            6.28            0.60            0.00      0.25021450      0.00000000      4.17402271
            2.00            6.28            0.60            0.20      0.25013957      0.05000084      4.63064768
            2.00            6.28            0.60            0.40             NaN             NaN             NaN
            2.00            6.28            0.80            0.00      0.25006715      0.00000000      3.58759584
            2.00            6.28            0.80            0.20      0.25036713      0.04995964      3.97142517
            2.00            6.28            0.80            0.40             NaN             NaN             NaN
            2.00            6.28            0.80            0.60      0.25059600      0.15005910      3.98792611
            2.00            6.28            1.00            0.00      0.25017982      0.00000000      3.57759914
            2.00            6.28            1.00            0.20      0.25043459      0.04998353      3.63658563
            2.00            6.28            1.00            0.40      0.25020956      0.10007118      3.56343223
            2.00            6.28            1.00            0.60      0.25012764      0.15010712      3.60252005
            2.00            6.28            1.00            0.80             NaN             NaN             NaN
            2.00            6.28            1.20            0.00      0.25017914      0.00000000      3.21150398
            2.00            6.28            1.20            0.20      0.25040300      0.05000309      3.23587500
            2.00            6.28            1.20            0.40             NaN             NaN             NaN
            2.00            6.28            1.20            0.60      0.25029212      0.15008641      3.48913153
            2.00            6.28            1.20            0.80      0.25025912      0.20021362      3.34399967
            2.00            6.28            1.20            1.00             NaN             NaN             NaN
            3.00            0.00            0.20            0.00      0.25007874      0.00000000      2.65711793
            3.00            0.00            0.40            0.00      0.25011205      0.00000000      1.94775374
            3.00            0.00            0.40            0.20             NaN             NaN             NaN
            3.00            0.00            0.60            0.00      0.25040583      0.00000000      1.63034076
            3.00            0.00            0.60            0.20             NaN             NaN             NaN
            3.00            0.00            0.60            0.40             NaN             NaN             NaN
            3.00            0.00            0.80            0.00      0.25080888      0.00000000      1.53383828
            3.00            0.00            0.80            0.20      0.25101056      0.05001836      1.52319306
            3.00            0.00            0.80            0.40             NaN             NaN             NaN
            3.00            0.00            0.80            0.60             NaN             NaN             NaN
            3.00            0.00            1.00            0.00      0.25142674      0.00000000      1.47750966
            3.00            0.00            1.00            0.20      0.25155091      0.05001225      1.53377002
            3.00            0.00            1.00            0.40             NaN             NaN             NaN
            3.00            0.00            1.00            0.60             NaN             NaN             NaN
            3.00            0.00            1.00            0.80             NaN             NaN             NaN
            3.00            0.00            1.20            0.00      0.25192850      0.00000000      1.28946571
            3.00            0.00            1.20            0.20      0.25235697      0.05004334      1.33910460
            3.00            0.00            1.20            0.40             NaN             NaN             NaN
            3.00            0.00            1.20            0.60             NaN             NaN             NaN
            3.00            0.00            1.20            0.80             NaN             NaN             NaN
            3.00            0.00            1.20            1.00             NaN             NaN             NaN
            3.00            1.05            0.40            0.20             NaN             NaN             NaN
            3.00            1.05            0.60            0.20             NaN             NaN             NaN
            3.00            1.05            0.60            0.40             NaN             NaN             NaN
            3.00            1.05            0.80            0.20             NaN             NaN             NaN
            3.00            1.05            0.80            0.40             NaN             NaN             NaN
            3.00            1.05            0.80            0.60             NaN             NaN             NaN
            3.00            1.05            1.00            0.20             NaN             NaN             NaN
            3.00            1.05            1.00            0.40             NaN             NaN             NaN
            3.00            1.05            1.00            0.60             NaN             NaN             NaN
            3.00            1.05            1.00            0.80             NaN             NaN             NaN
            3.00            1.05            1.20            0.20             NaN             NaN             NaN
            3.00            1.05            1.20            0.40             NaN             NaN             NaN
            3.00            1.05            1.20            0.60             NaN             NaN             NaN
            3.00            1.05            1.20            0.80             NaN             NaN             NaN
            3.00            1.05            1.20            1.00             NaN             NaN             NaN
            3.00            2.09            0.40            0.20             NaN             NaN             NaN
            3.00            2.09            0.60            0.20             NaN             NaN             NaN
            3.00            2.09            0.60            0.40             NaN             NaN             NaN
            3.00            2.09            0.80            0.20             NaN             NaN             NaN
            3.00            2.09            0.80            0.40             NaN             NaN             NaN
            3.00            2.09            0.80            0.60             NaN             NaN             NaN
            3.00            2.09            1.00            0.20             NaN             NaN             NaN
            3.00            2.09            1.00            0.40             NaN             NaN             NaN
            3.00            2.09            1.00            0.60             NaN             NaN             NaN
            3.00            2.09            1.00            0.80             NaN             NaN             NaN
            3.00            2.09            1.20            0.20             NaN             NaN             NaN
            3.00            2.09            1.20            0.40             NaN             NaN             NaN
            3.00            2.09            1.20            0.60             NaN             NaN             NaN
            3.00            2.09            1.20            0.80             NaN             NaN             NaN
            3.00            2.09            1.20            1.00             NaN             NaN             NaN
            3.00            3.14            0.40            0.20             NaN             NaN             NaN
            3.00            3.14            0.60            0.20             NaN             NaN             NaN
            3.00            3.14            0.60            0.40             NaN             NaN             NaN
            3.00            3.14            0.80            0.20             NaN             NaN             NaN
            3.00            3.14            0.80            0.40             NaN             NaN             NaN
            3.00            3.14            0.80            0.60             NaN             NaN             NaN
            3.00            3.14            1.00            0.20             NaN             NaN             NaN
            3.00            3.14            1.00            0.40             NaN             NaN             NaN
            3.00            3.14            1.00            0.60             NaN             NaN             NaN
            3.00            3.14            1.00            0.80             NaN             NaN             NaN
            3.00            3.14            1.20            0.20             NaN             NaN             NaN
            3.00            3.14            1.20            0.40             NaN             NaN             NaN
            3.00            3.14            1.20            0.60             NaN             NaN             NaN
            3.00            3.14            1.20            0.80             NaN             NaN             NaN
            3.00            3.14            1.20            1.00             NaN             NaN             NaN
            3.00            4.19            0.40            0.20      0.25037089      0.05000069      3.21500419
            3.00            4.19            0.60            0.20             NaN             NaN             NaN
            3.00            4.19            0.60            0.40             NaN             NaN             NaN
            3.00            4.19            0.80            0.20             NaN             NaN             NaN
            3.00            4.19            0.80            0.40             NaN             NaN             NaN
            3.00            4.19            0.80            0.60             NaN             NaN             NaN
            3.00            4.19            1.00            0.20             NaN             NaN             NaN
            3.00            4.19            1.00            0.40             NaN             NaN             NaN
            3.00            4.19            1.00            0.60             NaN             NaN             NaN
            3.00            4.19            1.00            0.80             NaN             NaN             NaN
            3.00            4.19            1.20            0.20             NaN             NaN             NaN
            3.00            4.19            1.20            0.40      0.25116857      0.09996789      1.80811625
            3.00            4.19            1.20            0.60      0.25128790      0.15009813      2.13315431
            3.00            4.19            1.20            0.80             NaN             NaN             NaN
            3.00            4.19            1.20            1.00             NaN             NaN             NaN
            3.00            5.24            0.40            0.20      0.25000968      0.04998792      3.85046041
            3.00            5.24            0.60            0.20      0.25017691      0.04998742      3.29178029
            3.00            5.24            0.60            0.40      0.25041413      0.10004328      3.18980999
            3.00            5.24            0.80            0.20      0.25036596      0.05000074      2.79678777
            3.00            5.24            0.80            0.40      0.25051360      0.10004896      2.86944212
            3.00            5.24            0.80            0.60      0.25103685      0.15003838      2.81322319
            3.00            5.24            1.00            0.20             NaN             NaN             NaN
            3.00            5.24            1.00            0.40      0.25077874      0.10002281      2.57210691
            3.00            5.24            1.00            0.60      0.25042601      0.15012554      2.61816475
            3.00            5.24            1.00            0.80             NaN             NaN             NaN
            3.00            5.24            1.20            0.20      0.25063146      0.04999149      2.31420020
            3.00            5.24            1.20            0.40             NaN             NaN             NaN
            3.00            5.24            1.20            0.60      0.25124837      0.15001722      2.37633266
            3.00            5.24            1.20            0.80      0.25154605      0.20013035      2.43147449
            3.00            5.24            1.20            1.00             NaN             NaN             NaN
            3.00            6.28            0.20            0.00      0.24998101      0.00000000      5.09192732
            3.00            6.28            0.40            0.00      0.24988620      0.00000000      4.11178882
            3.00            6.28            0.40            0.20      0.25023010      0.04999355      4.29435229
            3.00            6.28            0.60            0.00      0.25021473      0.00000000      3.30053826
            3.00            6.28            0.60            0.20      0.25008996      0.04998825      3.40698198
            3.00            6.28            0.60            0.40      0.25042517      0.10006481      3.55054533
            3.00            6.28            0.80            0.00      0.25018053      0.00000000      2.87827531
            3.00            6.28            0.80            0.20      0.25028021      0.04998152      3.12263880
            3.00            6.28            0.80            0.40      0.25040990      0.10002509      3.14990859
            3.00            6.28            0.80            0.60      0.25053865      0.15011235      3.07838483
            3.00            6.28            1.00            0.00      0.25027262      0.00000000      2.53519884
            3.00            6.28            1.00            0.20      0.25051694      0.05005060      2.56024486
            3.00            6.28            1.00            0.40      0.25069269      0.10003032      2.96179177
            3.00            6.28            1.00            0.60             NaN             NaN             NaN
            3.00            6.28            1.00            0.80             NaN             NaN             NaN
            3.00            6.28            1.20            0.00      0.25054560      0.00000000      2.40596113
            3.00            6.28            1.20            0.20      0.25052908      0.05001252      2.39218818
            3.00            6.28            1.20            0.40             NaN             NaN             NaN
            3.00            6.28            1.20            0.60             NaN             NaN             NaN
            3.00            6.28            1.20            0.80             NaN             NaN             NaN
            3.00            6.28            1.20            1.00             NaN             NaN             NaN
            4.00            0.00            0.20            0.00      0.25009582      0.00000000      3.09076971
            4.00            0.00            0.40            0.00      0.25012959      0.00000000      2.12821016
            4.00            0.00            0.40            0.20      0.25030803      0.04999528      2.35088793
            4.00            0.00            0.60            0.00      0.25031109      0.00000000      1.95462520
            4.00            0.00            0.60            0.20      0.25046249      0.05002208      1.93484157
            4.00            0.00            0.60            0.40             NaN             NaN             NaN
            4.00            0.00            0.80            0.00      0.25059784      0.00000000      2.07626483
            4.00            0.00            0.80            0.20      0.25089737      0.05000649      1.76940042
            4.00            0.00            0.80            0.40      0.25125670      0.10008990      1.93205957
            4.00            0.00            0.80            0.60             NaN             NaN             NaN
            4.00            0.00            1.00            0.00      0.25104502      0.00000000      1.69527684
            4.00            0.00            1.00            0.20             NaN             NaN             NaN
            4.00            0.00            1.00            0.40             NaN             NaN             NaN
            4.00            0.00            1.00            0.60             NaN             NaN             NaN
            4.00            0.00            1.00            0.80      0.25278363      0.20051207      1.62821945
            4.00            0.00            1.20            0.00      0.25151360      0.00000000      1.54418703
            4.00            0.00            1.20            0.20      0.25183196      0.05002909      1.67119349
            4.00            0.00            1.20            0.40             NaN             NaN             NaN
            4.00            0.00            1.20            0.60      0.25263352      0.15023961      1.52922159
            4.00            0.00            1.20            0.80             NaN             NaN             NaN
            4.00            0.00            1.20            1.00             NaN             NaN             NaN
            4.00            1.05            0.40            0.20      0.25005171      0.05000783      2.26546534
            4.00            1.05            0.60            0.20      0.25048757      0.05001979      1.98068599
            4.00            1.05            0.60            0.40             NaN             NaN             NaN
            4.00            1.05            0.80            0.20             NaN             NaN             NaN
            4.00            1.05            0.80            0.40             NaN             NaN             NaN
            4.00            1.05            0.80            0.60             NaN             NaN             NaN
            4.00            1.05            1.00            0.20      0.25129949      0.05000240      1.88535649
            4.00            1.05            1.00            0.40             NaN             NaN             NaN
            4.00            1.05            1.00            0.60      0.25179562      0.15021840      1.70493716
            4.00            1.05            1.00            0.80             NaN             NaN             NaN
            4.00            1.05            1.20            0.20      0.25175840      0.05000501      1.70643381
            4.00            1.05            1.20            0.40      0.25224494      0.10003486      1.56857743
            4.00            1.05            1.20            0.60      0.25285911      0.15018966      1.69438380
            4.00            1.05            1.20            0.80             NaN             NaN             NaN
            4.00            1.05            1.20            1.00             NaN             NaN             NaN
            4.00            2.09            0.40            0.20             NaN             NaN             NaN
            4.00            2.09            0.60            0.20             NaN             NaN             NaN
            4.00            2.09            0.60            0.40             NaN             NaN             NaN
            4.00            2.09            0.80            0.20             NaN             NaN             NaN
            4.00            2.09            0.80            0.40             NaN             NaN             NaN
            4.00            2.09            0.80            0.60             NaN             NaN             NaN
            4.00            2.09            1.00            0.20             NaN             NaN             NaN
            4.00            2.09            1.00            0.40             NaN             NaN             NaN
            4.00            2.09            1.00            0.60      0.25185874      0.15017021      1.71935707
            4.00            2.09            1.00            0.80             NaN             NaN             NaN
            4.00            2.09            1.20            0.20      0.25161241      0.04997339      1.52126098
            4.00            2.09            1.20            0.40      0.25180807      0.10002631      1.76708695
            4.00            2.09            1.20            0.60      0.25217133      0.15017735      1.78760991
            4.00            2.09            1.20            0.80             NaN             NaN             NaN
            4.00            2.09            1.20            1.00             NaN             NaN             NaN
            4.00            3.14            0.40            0.20             NaN             NaN             NaN
            4.00            3.14            0.60            0.20             NaN             NaN             NaN
            4.00            3.14            0.60            0.40             NaN             NaN             NaN
            4.00            3.14            0.80            0.20      0.25081407      0.04997673      2.03843588
            4.00            3.14            0.80            0.40      0.25094979      0.10000255      2.09944298
            4.00            3.14            0.80            0.60             NaN             NaN             NaN
            4.00            3.14            1.00            0.20             NaN             NaN             NaN
            4.00            3.14            1.00            0.40      0.25126421      0.10000144      2.00301130
            4.00            3.14            1.00            0.60             NaN             NaN             NaN
            4.00            3.14            1.00            0.80             NaN             NaN             NaN
            4.00            3.14            1.20            0.20      0.25120601      0.05000297      1.72700428
            4.00            3.14            1.20            0.40             NaN             NaN             NaN
            4.00            3.14            1.20            0.60      0.25178874      0.15011579      1.75806322
            4.00            3.14            1.20            0.80             NaN             NaN             NaN
            4.00            3.14            1.20            1.00             NaN             NaN             NaN
            4.00            4.19            0.40            0.20      0.25032743      0.04999888      3.12795238
            4.00            4.19            0.60            0.20      0.25037726      0.04998985      2.62464323
            4.00            4.19            0.60            0.40      0.25042624      0.10001349      2.62225363
            4.00            4.19            0.80            0.20             NaN             NaN             NaN
            4.00            4.19            0.80            0.40      0.25022500      0.10011023      2.37576520
            4.00            4.19            0.80            0.60             NaN             NaN             NaN
            4.00            4.19            1.00            0.20      0.25075334      0.05000470      2.09971253
            4.00            4.19            1.00            0.40      0.25103259      0.10004201      2.27344158
            4.00            4.19            1.00            0.60      0.25123080      0.15018338      2.15718505
            4.00            4.19            1.00            0.80             NaN             NaN             NaN
            4.00            4.19            1.20            0.20      0.25118100      0.04998427      1.88184593
            4.00            4.19            1.20            0.40             NaN             NaN             NaN
            4.00            4.19            1.20            0.60             NaN             NaN             NaN
            4.00            4.19            1.20            0.80             NaN             NaN             NaN
            4.00            4.19            1.20            1.00             NaN             NaN             NaN
            4.00            5.24            0.40            0.20      0.25014050      0.05002399      3.46253563
            4.00            5.24            0.60            0.20      0.25037963      0.05001150      2.89726785
            4.00            5.24            0.60            0.40      0.25046195      0.10001422      2.93620071
            4.00            5.24            0.80            0.20      0.25036145      0.05002297      2.62454828
            4.00            5.24            0.80            0.40             NaN             NaN             NaN
            4.00            5.24            0.80            0.60      0.25100130      0.15009191      2.58005639
            4.00            5.24            1.00            0.20      0.25064632      0.05002991      2.22185644
            4.00            5.24            1.00            0.40             NaN             NaN             NaN
            4.00            5.24            1.00            0.60             NaN             NaN             NaN
            4.00            5.24            1.00            0.80             NaN             NaN             NaN
            4.00            5.24            1.20            0.20      0.25081372      0.05002932      2.20509519
            4.00            5.24            1.20            0.40             NaN             NaN             NaN
            4.00            5.24            1.20            0.60      0.25125459      0.15012238      2.24194132
            4.00            5.24            1.20            0.80             NaN             NaN             NaN
            4.00            5.24            1.20            1.00             NaN             NaN             NaN
            4.00            6.28            0.20            0.00      0.24986050      0.00000000      4.68975517
            4.00            6.28            0.40            0.00      0.25002943      0.00000000      3.41808429
            4.00            6.28            0.40            0.20             NaN             NaN             NaN
            4.00            6.28            0.60            0.00      0.25005633      0.00000000      2.76560180
            4.00            6.28            0.60            0.20      0.25012248      0.05001012      2.99513052
            4.00            6.28            0.60            0.40      0.25034700      0.10002227      3.00849366
            4.00            6.28            0.80            0.00      0.25024395      0.00000000      2.75607311
            4.00            6.28            0.80            0.20             NaN             NaN             NaN
            4.00            6.28            0.80            0.40      0.25048487      0.10003121      2.71308409
            4.00            6.28            0.80            0.60      0.25052715      0.15009700      2.67892916
            4.00            6.28            1.00            0.00      0.25054402      0.00000000      1.99963964
            4.00            6.28            1.00            0.20      0.25052748      0.05001742      2.27119395
            4.00            6.28            1.00            0.40      0.25068561      0.10005740      2.43061163
            4.00            6.28            1.00            0.60             NaN             NaN             NaN
            4.00            6.28            1.00            0.80             NaN             NaN             NaN
            4.00            6.28            1.20            0.00      0.25077221      0.00000000      2.24676602
            4.00            6.28            1.20            0.20             NaN             NaN             NaN
            4.00            6.28            1.20            0.40      0.25090365      0.10003187      2.35541957
            4.00            6.28            1.20            0.60      0.25145907      0.15004050      2.17018839
            4.00            6.28            1.20            0.80             NaN             NaN             NaN
            4.00            6.28            1.20            1.00             NaN             NaN             NaN
            5.00            0.00            0.20            0.00      0.24999309      0.00000000      3.08182837
            5.00            0.00            0.40            0.00      0.25018171      0.00000000      2.45574954
            5.00            0.00            0.40            0.20      0.25013558      0.05002119      2.56668289
            5.00            0.00            0.60            0.00      0.25028582      0.00000000      2.25486521
            5.00            0.00            0.60            0.20      0.25030176      0.05000227      2.28707567
            5.00            0.00            0.60            0.40             NaN             NaN             NaN
            5.00            0.00            0.80            0.00      0.25053032      0.00000000      1.79269301
            5.00            0.00            0.80            0.20      0.25077677      0.04998897      2.01170478
            5.00            0.00            0.80            0.40      0.25101745      0.10006731      1.94018508
            5.00            0.00            0.80            0.60             NaN             NaN             NaN
            5.00            0.00            1.00            0.00      0.25088478      0.00000000      1.63323832
            5.00            0.00            1.00            0.20             NaN             NaN             NaN
            5.00            0.00            1.00            0.40      0.25136075      0.10006959      1.89809311
            5.00            0.00            1.00            0.60      0.25183353      0.15020069      1.79114985
            5.00            0.00            1.00            0.80             NaN             NaN             NaN
            5.00            0.00            1.20            0.00      0.25123518      0.00000000      1.65042433
            5.00            0.00            1.20            0.20      0.25162540      0.05000305      1.51534064
            5.00            0.00            1.20            0.40             NaN             NaN             NaN
            5.00            0.00            1.20            0.60             NaN             NaN             NaN
            5.00            0.00            1.20            0.80      0.25274792      0.20043960      1.65332750
            5.00            0.00            1.20            1.00             NaN             NaN             NaN
            5.00            1.05            0.40            0.20      0.25021167      0.05001623      2.56331726
            5.00            1.05            0.60            0.20      0.25040840      0.05002889      2.11069084
            5.00            1.05            0.60            0.40      0.25030716      0.10012007      2.18834973
            5.00            1.05            0.80            0.20      0.25071534      0.05000423      1.88869508
            5.00            1.05            0.80            0.40      0.25095700      0.10004741      1.97410211
            5.00            1.05            0.80            0.60      0.25171422      0.15017180      2.02104294
            5.00            1.05            1.00            0.20      0.25107178      0.05000486      1.68885675
            5.00            1.05            1.00            0.40      0.25131271      0.10003931      1.92853405
            5.00            1.05            1.00            0.60             NaN             NaN             NaN
            5.00            1.05            1.00            0.80      0.25257934      0.20038751      1.83618133
            5.00            1.05            1.20            0.20             NaN             NaN             NaN
            5.00            1.05            1.20            0.40             NaN             NaN             NaN
            5.00            1.05            1.20            0.60      0.25232445      0.15021025      1.60108735
            5.00            1.05            1.20            0.80      0.25262244      0.20048856      1.71206597
            5.00            1.05            1.20            1.00             NaN             NaN             NaN
            5.00            2.09            0.40            0.20      0.25024180      0.05000199      2.70780450
            5.00            2.09            0.60            0.20      0.25019385      0.05003833      2.21773750
            5.00            2.09            0.60            0.40             NaN             NaN             NaN
            5.00            2.09            0.80            0.20             NaN             NaN             NaN
            5.00            2.09            0.80            0.40             NaN             NaN             NaN
            5.00            2.09            0.80            0.60             NaN             NaN             NaN
            5.00            2.09            1.00            0.20      0.25097128      0.04999749      1.99197631
            5.00            2.09            1.00            0.40      0.25120018      0.10005330      2.08879335
            5.00            2.09            1.00            0.60             NaN             NaN             NaN
            5.00            2.09            1.00            0.80             NaN             NaN             NaN
            5.00            2.09            1.20            0.20      0.25134979      0.05003214      1.68648942
            5.00            2.09            1.20            0.40             NaN             NaN             NaN
            5.00            2.09            1.20            0.60             NaN             NaN             NaN
            5.00            2.09            1.20            0.80             NaN             NaN             NaN
            5.00            2.09            1.20            1.00             NaN             NaN             NaN
            5.00            3.14            0.40            0.20      0.25029563      0.05000264      2.94096771
            5.00            3.14            0.60            0.20      0.25033835      0.04999313      2.56246610
            5.00            3.14            0.60            0.40             NaN             NaN             NaN
            5.00            3.14            0.80            0.20             NaN             NaN             NaN
            5.00            3.14            0.80            0.40             NaN             NaN             NaN
            5.00            3.14            0.80            0.60             NaN             NaN             NaN
            5.00            3.14            1.00            0.20      0.25099229      0.05000021      1.86668167
            5.00            3.14            1.00            0.40      0.25116385      0.09998487      1.97708888
            5.00            3.14            1.00            0.60             NaN             NaN             NaN
            5.00            3.14            1.00            0.80             NaN             NaN             NaN
            5.00            3.14            1.20            0.20      0.25127861      0.04998344      2.05219454
            5.00            3.14            1.20            0.40      0.25151681      0.10002832      1.86937315
            5.00            3.14            1.20            0.60      0.25204404      0.15018491      1.85454956
            5.00            3.14            1.20            0.80      0.25227551      0.20036418      1.84540874
            5.00            3.14            1.20            1.00             NaN             NaN             NaN
            5.00            4.19            0.40            0.20             NaN             NaN             NaN
            5.00            4.19            0.60            0.20      0.25020748      0.04999738      2.74540720
            5.00            4.19            0.60            0.40      0.25070137      0.10001345      2.60874530
            5.00            4.19            0.80            0.20      0.25043683      0.05002953      2.25137244
            5.00            4.19            0.80            0.40             NaN             NaN             NaN
            5.00            4.19            0.80            0.60             NaN             NaN             NaN
            5.00            4.19            1.00            0.20             NaN             NaN             NaN
            5.00            4.19            1.00            0.40             NaN             NaN             NaN
            5.00            4.19            1.00            0.60             NaN             NaN             NaN
            5.00            4.19            1.00            0.80      0.25082635      0.20034038      2.03789606
            5.00            4.19            1.20            0.20             NaN             NaN             NaN
            5.00            4.19            1.20            0.40             NaN             NaN             NaN
            5.00            4.19            1.20            0.60             NaN             NaN             NaN
            5.00            4.19            1.20            0.80             NaN             NaN             NaN
            5.00            4.19            1.20            1.00             NaN             NaN             NaN
            5.00            5.24            0.40            0.20      0.25009982      0.05001010      3.31897083
            5.00            5.24            0.60            0.20      0.25027490      0.05000585      2.66527916
            5.00            5.24            0.60            0.40      0.25043320      0.10004646      2.61574359
            5.00            5.24            0.80            0.20      0.25059085      0.04999639      2.35281638
            5.00            5.24            0.80            0.40      0.25067550      0.10001657      2.48215164
            5.00            5.24            0.80            0.60             NaN             NaN             NaN
            5.00            5.24            1.00            0.20      0.25067363      0.05001036      2.22260206
            5.00            5.24            1.00            0.40      0.25097497      0.09995799      2.13170297
            5.00            5.24            1.00            0.60             NaN             NaN             NaN
            5.00            5.24            1.00            0.80             NaN             NaN             NaN
            5.00            5.24            1.20            0.20      0.25100275      0.05001734      2.04925445
            5.00            5.24            1.20            0.40      0.25107105      0.10007689      2.10885109
            5.00            5.24            1.20            0.60      0.25147230      0.15018921      2.07046227
            5.00            5.24            1.20            0.80      0.25219219      0.20019019      2.06211582
            5.00            5.24            1.20            1.00             NaN             NaN             NaN
            5.00            6.28            0.20            0.00      0.24993553      0.00000000      3.92407596
            5.00            6.28            0.40            0.00      0.25012830      0.00000000      2.92471324
            5.00            6.28            0.40            0.20      0.24995789      0.05001775      3.21019318
            5.00            6.28            0.60            0.00      0.25019598      0.00000000      2.47585016
            5.00            6.28            0.60            0.20      0.25024125      0.05000041      2.66728739
            5.00            6.28            0.60            0.40      0.25022866      0.10001337      2.72424531
            5.00            6.28            0.80            0.00      0.25046328      0.00000000      2.30746591
            5.00            6.28            0.80            0.20      0.25047261      0.05000739      2.40647327
            5.00            6.28            0.80            0.40      0.25069956      0.10001996      2.54629387
            5.00            6.28            0.80            0.60      0.25044528      0.15013491      2.46708449
            5.00            6.28            1.00            0.00      0.25060910      0.00000000      2.34741144
            5.00            6.28            1.00            0.20      0.25069116      0.05002044      2.26364978
            5.00            6.28            1.00            0.40      0.25087719      0.10005257      2.13634290
            5.00            6.28            1.00            0.60             NaN             NaN             NaN
            5.00            6.28            1.00            0.80             NaN             NaN             NaN
            5.00            6.28            1.20            0.00      0.25075404      0.00000000      2.02054265
            5.00            6.28            1.20            0.20      0.25090662      0.05002615      1.89000569
            5.00            6.28            1.20            0.40      0.25112385      0.10000745      2.16153829
            5.00            6.28            1.20            0.60      0.25130697      0.15015791      2.13123559
            5.00            6.28            1.20            0.80             NaN             NaN             NaN
            5.00            6.28            1.20            1.00      0.25194957      0.25053197      2.07030937
            6.00            0.00            0.20            0.00      0.25001530      0.00000000      3.19428258
            6.00            0.00            0.40            0.00      0.25015538      0.00000000      2.41947193
            6.00            0.00            0.40            0.20             NaN             NaN             NaN
            6.00            0.00            0.60            0.00      0.25034576      0.00000000      2.46795980
            6.00            0.00            0.60            0.20      0.25040100      0.05000210      2.45838740
            6.00            0.00            0.60            0.40             NaN             NaN             NaN
            6.00            0.00            0.80            0.00      0.25051974      0.00000000      1.81668632
            6.00            0.00            0.80            0.20             NaN             NaN             NaN
            6.00            0.00            0.80            0.40      0.25085631      0.10003968      2.09804312
            6.00            0.00            0.80            0.60             NaN             NaN             NaN
            6.00            0.00            1.00            0.00      0.25088757      0.00000000      1.72346750
            6.00            0.00            1.00            0.20      0.25097608      0.05000353      1.76302169
            6.00            0.00            1.00            0.40             NaN             NaN             NaN
            6.00            0.00            1.00            0.60      0.25140315      0.15024184      1.85166344
            6.00            0.00            1.00            0.80      0.25156225      0.20046452      1.85819860
            6.00            0.00            1.20            0.00      0.25119423      0.00000000      1.83796414
            6.00            0.00            1.20            0.20      0.25146963      0.04999842      1.73283586
            6.00            0.00            1.20            0.40             NaN             NaN             NaN
            6.00            0.00            1.20            0.60             NaN             NaN             NaN
            6.00            0.00            1.20            0.80             NaN             NaN             NaN
            6.00            0.00            1.20            1.00             NaN             NaN             NaN
            6.00            1.05            0.40            0.20      0.25040310      0.05001363      2.70795861
            6.00            1.05            0.60            0.20      0.25048242      0.05002243      2.30787067
            6.00            1.05            0.60            0.40             NaN             NaN             NaN
            6.00            1.05            0.80            0.20             NaN             NaN             NaN
            6.00            1.05            0.80            0.40      0.25077620      0.10005902      1.95204822
            6.00            1.05            0.80            0.60      0.25125485      0.15016173      2.01487850
            6.00            1.05            1.00            0.20      0.25092651      0.05003207      1.90666819
            6.00            1.05            1.00            0.40             NaN             NaN             NaN
            6.00            1.05            1.00            0.60      0.25162473      0.15022837      1.80124820
            6.00            1.05            1.00            0.80             NaN             NaN             NaN
            6.00            1.05            1.20            0.20      0.25143167      0.04996891      1.74553478
            6.00            1.05            1.20            0.40             NaN             NaN             NaN
            6.00            1.05            1.20            0.60             NaN             NaN             NaN
            6.00            1.05            1.20            0.80      0.25237706      0.20041802      1.72323947
            6.00            1.05            1.20            1.00             NaN             NaN             NaN
            6.00            2.09            0.40            0.20      0.25053235      0.04998999      2.76818654
            6.00            2.09            0.60            0.20             NaN             NaN             NaN
            6.00            2.09            0.60            0.40             NaN             NaN             NaN
            6.00            2.09            0.80            0.20             NaN             NaN             NaN
            6.00            2.09            0.80            0.40             NaN             NaN             NaN
            6.00            2.09            0.80            0.60             NaN             NaN             NaN
            6.00            2.09            1.00            0.20      0.25103295      0.05002718      1.74155252
            6.00            2.09            1.00            0.40             NaN             NaN             NaN
            6.00            2.09            1.00            0.60             NaN             NaN             NaN
            6.00            2.09            1.00            0.80             NaN             NaN             NaN
            6.00            2.09            1.20            0.20      0.25128919      0.04999252      1.60854311
            6.00            2.09            1.20            0.40      0.25158986      0.10003371      1.76234141
            6.00            2.09            1.20            0.60      0.25200838      0.15018713      1.89038035
            6.00            2.09            1.20            0.80      0.25245825      0.20030871      1.73542893
            6.00            2.09            1.20            1.00             NaN             NaN             NaN
            6.00            3.14            0.40            0.20      0.24982377      0.05002332      2.92459646
            6.00            3.14            0.60            0.20      0.25025077      0.04995812      2.38906132
            6.00            3.14            0.60            0.40             NaN             NaN             NaN
            6.00            3.14            0.80            0.20             NaN             NaN             NaN
            6.00            3.14            0.80            0.40      0.25095675      0.10002309      2.16728626
            6.00            3.14            0.80            0.60             NaN             NaN             NaN
            6.00            3.14            1.00            0.20             NaN             NaN             NaN
            6.00            3.14            1.00            0.40             NaN             NaN             NaN
            6.00            3.14            1.00            0.60      0.25163338      0.15010367      1.99642346
            6.00            3.14            1.00            0.80             NaN             NaN             NaN
            6.00            3.14            1.20            0.20      0.25126912      0.04999505      1.72497025
            6.00            3.14            1.20            0.40             NaN             NaN             NaN
            6.00            3.14            1.20            0.60             NaN             NaN             NaN
            6.00            3.14            1.20            0.80      0.25247156      0.20031391      1.88530415
            6.00            3.14            1.20            1.00             NaN             NaN             NaN
            6.00            4.19            0.40            0.20             NaN             NaN             NaN
            6.00            4.19            0.60            0.20      0.25056578      0.04999701      2.57012760
            6.00            4.19            0.60            0.40             NaN             NaN             NaN
            6.00            4.19            0.80            0.20      0.25063340      0.05000755      2.06932129
            6.00            4.19            0.80            0.40      0.25087433      0.10000167      2.28122563
            6.00            4.19            0.80            0.60             NaN             NaN             NaN
            6.00            4.19            1.00            0.20      0.25085606      0.04998804      2.01157205
            6.00            4.19            1.00            0.40             NaN             NaN             NaN
            6.00            4.19            1.00            0.60             NaN             NaN             NaN
            6.00            4.19            1.00            0.80             NaN             NaN             NaN
            6.00            4.19            1.20            0.20      0.25116638      0.04999069      1.88398402
            6.00            4.19            1.20            0.40             NaN             NaN             NaN
            6.00            4.19            1.20            0.60      0.25180763      0.15014628      2.00828794
            6.00            4.19            1.20            0.80             NaN             NaN             NaN
            6.00            4.19            1.20            1.00             NaN             NaN             NaN
            6.00            5.24            0.40            0.20             NaN             NaN             NaN
            6.00            5.24            0.60            0.20      0.25028604      0.05000679      2.45711373
            6.00            5.24            0.60            0.40      0.25078775      0.09995895      2.54258960
            6.00            5.24            0.80            0.20      0.25051225      0.05002751      2.25808546
            6.00            5.24            0.80            0.40             NaN             NaN             NaN
            6.00            5.24            0.80            0.60      0.25086785      0.15013862      2.29089123
            6.00            5.24            1.00            0.20      0.25063859      0.04999261      2.13554790
            6.00            5.24            1.00            0.40      0.25102449      0.10007386      2.06461280
            6.00            5.24            1.00            0.60      0.25103604      0.15017915      2.18918828
            6.00            5.24            1.00            0.80             NaN             NaN             NaN
            6.00            5.24            1.20            0.20      0.25109767      0.05000059      2.15695798
            6.00            5.24            1.20            0.40      0.25138312      0.10002585      1.79948062
            6.00            5.24            1.20            0.60      0.25158889      0.15014573      1.99312169
            6.00            5.24            1.20            0.80      0.25183633      0.20037657      1.92617778
            6.00            5.24            1.20            1.00             NaN             NaN             NaN
            6.00            6.28            0.20            0.00      0.25005490      0.00000000      4.15791932
            6.00            6.28            0.40            0.00      0.25002766      0.00000000      2.77046278
            6.00            6.28            0.40            0.20             NaN             NaN             NaN
            6.00            6.28            0.60            0.00      0.25008238      0.00000000      2.52743389
            6.00            6.28            0.60            0.20      0.25052759      0.04999639      2.74814562
            6.00            6.28            0.60            0.40      0.25043358      0.10004947      2.67223222
            6.00            6.28            0.80            0.00      0.25037623      0.00000000      2.19384213
            6.00            6.28            0.80            0.20      0.25043182      0.05002086      2.28243618
            6.00            6.28            0.80            0.40      0.25074365      0.10004991      2.29835633
            6.00            6.28            0.80            0.60      0.25064366      0.15013824      2.33848293
            6.00            6.28            1.00            0.00      0.25073753      0.00000000      2.08278398
            6.00            6.28            1.00            0.20      0.25066160      0.05000974      2.06374742
            6.00            6.28            1.00            0.40             NaN             NaN             NaN
            6.00            6.28            1.00            0.60      0.25136499      0.15011369      2.17819704
            6.00            6.28            1.00            0.80      0.25152543      0.20030519      2.11108749
            6.00            6.28            1.20            0.00      0.25097233      0.00000000      1.84323258
            6.00            6.28            1.20            0.20      0.25108478      0.05000928      2.00108950
            6.00            6.28            1.20            0.40             NaN             NaN             NaN
            6.00            6.28            1.20            0.60             NaN             NaN             NaN
            6.00            6.28            1.20            0.80             NaN             NaN             NaN
            6.00            6.28            1.20            1.00             NaN             NaN             NaN
