  -2.2500000000000000        1.7707290177072902E-003   6.4344488112591991E-004
  -1.7500000000000000        4.4636574446365748E-002   3.7396648554744456E-002
  -1.2500000000000000       0.20770874007708739       0.21186644284554890     
 -0.75000000000000000       0.35465818854658188       0.36039695961906776     
 -0.25000000000000000       0.39112668691126690       0.38968202636901328     
  0.25000000000000000       0.39119076691190768       0.38968202636901328     
  0.75000000000000000       0.35476410954764109       0.36039695961906776     
   1.2500000000000000       0.20775164907751650       0.21186644284554890     
   1.7500000000000000        4.4621367446213672E-002   3.7396648554744456E-002
   2.2500000000000000        1.7595000175950001E-003   6.4344488112591991E-004
   2.7500000000000000        5.9160000591600004E-006   2.4079998413106234E-007
   3.2500000000000000        0.0000000000000000        3.0058398691718229E-013
