  -2.2500000000000000        2.1242319999999998E-003   6.4344488112591991E-004
  -1.7500000000000000        4.4293904000000002E-002   3.7396648554744456E-002
  -1.2500000000000000       0.20571372800000001       0.21186644284554890     
 -0.75000000000000000       0.35477420799999998       0.36039695961906776     
 -0.25000000000000000       0.39319051999999999       0.38968202636901328     
  0.25000000000000000       0.39316575999999998       0.38968202636901328     
  0.75000000000000000       0.35467148000000004       0.36039695961906776     
   1.2500000000000000       0.20564800799999999       0.21186644284554890     
   1.7500000000000000        4.4258444000000001E-002   3.7396648554744456E-002
   2.2500000000000000        2.1259679999999998E-003   6.4344488112591991E-004
   2.7500000000000000        1.6824000000000000E-005   2.4079998413106234E-007
   3.2500000000000000        4.0000000000000002E-009   3.0058398691718229E-013
