  -2.2500000000000000        1.6238600000000000E-003   6.4344488112591991E-004
  -1.7500000000000000        4.4671719999999998E-002   3.7396648554744456E-002
  -1.2500000000000000       0.20917803400000001       0.21186644284554890     
 -0.75000000000000000       0.35476038799999998       0.36039695961906776     
 -0.25000000000000000       0.38975251599999999       0.38968202636901328     
  0.25000000000000000       0.38982717200000000       0.38968202636901328     
  0.75000000000000000       0.35476211599999996       0.36039695961906776     
   1.2500000000000000       0.20910690000000001       0.21186644284554890     
   1.7500000000000000        4.4687552000000005E-002   3.7396648554744456E-002
   2.2500000000000000        1.6226900000000000E-003   6.4344488112591991E-004
   2.7500000000000000        3.6279999999999998E-006   2.4079998413106234E-007
   3.2500000000000000        0.0000000000000000        3.0058398691718229E-013
