  -2.2500000000000000        2.1216200000000003E-003   6.4344488112591991E-004
  -1.7500000000000000        4.4279464000000004E-002   3.7396648554744456E-002
  -1.2500000000000000       0.20563770400000000       0.21186644284554890     
 -0.75000000000000000       0.35475987199999998       0.36039695961906776     
 -0.25000000000000000       0.39319187200000000       0.38968202636901328     
  0.25000000000000000       0.39312818399999999       0.38968202636901328     
  0.75000000000000000       0.35479340399999998       0.36039695961906776     
   1.2500000000000000       0.20566307199999997       0.21186644284554890     
   1.7500000000000000        4.4270716000000002E-002   3.7396648554744456E-002
   2.2500000000000000        2.1213520000000000E-003   6.4344488112591991E-004
   2.7500000000000000        1.6479999999999998E-005   2.4079998413106234E-007
   3.2500000000000000        1.6000000000000001E-008   3.0058398691718229E-013
