  -2.2500000000000000        1.6221639999999999E-003   6.4344488112591991E-004
  -1.7500000000000000        4.4682467999999996E-002   3.7396648554744456E-002
  -1.2500000000000000       0.20916605199999999       0.21186644284554890     
 -0.75000000000000000       0.35489591399999998       0.36039695961906776     
 -0.25000000000000000       0.38975905199999999       0.38968202636901328     
  0.25000000000000000       0.38972574799999998       0.38968202636901328     
  0.75000000000000000       0.35469093200000001       0.36039695961906776     
   1.2500000000000000       0.20913789799999999       0.21186644284554890     
   1.7500000000000000        4.4693874000000001E-002   3.7396648554744456E-002
   2.2500000000000000        1.6187340000000001E-003   6.4344488112591991E-004
   2.7500000000000000        3.6200000000000001E-006   2.4079998413106234E-007
   3.2500000000000000        0.0000000000000000        3.0058398691718229E-013
