  -2.2500000000000000        3.5999999999999999E-007   6.4344488112591991E-004
  -1.7500000000000000        5.2700000000000004E-006   3.7396648554744456E-002
  -1.2500000000000000        2.3535000000000001E-005  0.21186644284554890     
 -0.75000000000000000        4.0979999999999997E-005  0.36039695961906776     
 -0.25000000000000000        4.5865000000000002E-005  0.38968202636901328     
  0.25000000000000000        4.5064999999999996E-005  0.38968202636901328     
  0.75000000000000000        3.9490000000000003E-005  0.36039695961906776     
   1.2500000000000000        2.2359999999999999E-005  0.21186644284554890     
   1.7500000000000000        5.0850000000000004E-006   3.7396648554744456E-002
   2.2500000000000000        3.0499999999999999E-007   6.4344488112591991E-004
   2.7500000000000000        1.4999999999999999E-008   2.4079998413106234E-007
   3.2500000000000000        0.0000000000000000        3.0058398691718229E-013
