  -2.2500000000000000        1.7622030176220303E-003   6.4344488112591991E-004
  -1.7500000000000000        4.4652753446527534E-002   3.7396648554744456E-002
  -1.2500000000000000       0.20782685607826856       0.21186644284554890     
 -0.75000000000000000       0.35482900854829008       0.36039695961906776     
 -0.25000000000000000       0.39114491191144912       0.38968202636901328     
  0.25000000000000000       0.39111596491115963       0.38968202636901328     
  0.75000000000000000       0.35458888854588888       0.36039695961906776     
   1.2500000000000000       0.20765552907655530       0.21186644284554890     
   1.7500000000000000        4.4651130446511304E-002   3.7396648554744456E-002
   2.2500000000000000        1.7612580176125802E-003   6.4344488112591991E-004
   2.7500000000000000        5.7630000576300005E-006   2.4079998413106234E-007
   3.2500000000000000        0.0000000000000000        3.0058398691718229E-013
