  -2.2500000000000000        1.5608429999999999E-003   6.4344488112591991E-004
  -1.7500000000000000        4.4666497999999999E-002   3.7396648554744456E-002
  -1.2500000000000000       0.20979717000000001       0.21186644284554890     
 -0.75000000000000000       0.35477550699999999       0.36039695961906776     
 -0.25000000000000000       0.38914211799999998       0.38968202636901328     
  0.25000000000000000       0.38911803000000000       0.38968202636901328     
  0.75000000000000000       0.35481194100000002       0.36039695961906776     
   1.2500000000000000       0.20989743299999999       0.21186644284554890     
   1.7500000000000000        4.4666890000000001E-002   3.7396648554744456E-002
   2.2500000000000000        1.5579940000000000E-003   6.4344488112591991E-004
   2.7500000000000000        2.6840000000000001E-006   2.4079998413106234E-007
   3.2500000000000000        0.0000000000000000        3.0058398691718229E-013
