  -2.2500000000000000        1.3750000000000000E-006   6.4344488112591991E-004
  -1.7500000000000000        1.9245000000000000E-005   3.7396648554744456E-002
  -1.2500000000000000        8.8339999999999998E-005  0.21186644284554890     
 -0.75000000000000000        1.5994500000000001E-004  0.36039695961906776     
 -0.25000000000000000        1.7618000000000001E-004  0.38968202636901328     
  0.25000000000000000        1.7680499999999999E-004  0.38968202636901328     
  0.75000000000000000        1.5841500000000002E-004  0.36039695961906776     
   1.2500000000000000        8.9530000000000005E-005  0.21186644284554890     
   1.7500000000000000        1.9469999999999998E-005   3.7396648554744456E-002
   2.2500000000000000        1.3700000000000000E-006   6.4344488112591991E-004
   2.7500000000000000        2.9999999999999997E-008   2.4079998413106234E-007
   3.2500000000000000        5.0000000000000001E-009   3.0058398691718229E-013
