  -2.5500000000000003        8.6035000860350012E-005   4.9459382349812735E-005
  -2.2500000000000000        1.2059400120594003E-003   9.0287742902786516E-004
  -1.9500000000000002        8.7871050878710506E-003   7.7090622334869061E-003
  -1.6500000000000001        3.7664915376649157E-002   3.5851003745586557E-002
  -1.3500000000000001       0.10483927104839272       0.10370979586335788     
  -1.0500000000000003       0.20846111208461110       0.20902870339186713     
 -0.74999999999999989       0.32052687820526882       0.32245273964934468     
 -0.45000000000000007       0.40836034408360344       0.41016994863433487     
 -0.15000000000000027       0.45359824953598249       0.45459030414465273     
  0.14999999999999999       0.45452533954525337       0.45489725618918481     
  0.44999999999999984       0.41736375917363761       0.41771383087995745     
  0.74999999999999967       0.35018055850180557       0.35084045747755110     
   1.0499999999999998       0.26276469262764696       0.26348503752640418     
   1.3500000000000001       0.16951953169519535       0.16963881879821954     
   1.6499999999999999        8.8799630887996306E-002   8.8040468538257755E-002
   1.9499999999999997        3.5135795351357954E-002   3.3966392244868394E-002
   2.2499999999999996        9.6649200966492013E-003   8.8106089833085866E-003
   2.5499999999999994        1.6727600167276001E-003   1.3629773632963583E-003
   2.8500000000000001        1.6513500165135002E-004   1.0939353553201329E-004
   3.1499999999999999        8.2300000823000022E-006   3.8865689938863538E-006
