  -2.1000000000000001        7.1943502877740129E-004  0.12928990353844441     
  -1.5000000000000000        8.1991203279648140E-003  0.28113843653633197     
 -0.90000000000000013        3.0795351231814053E-002  0.40147979460803135     
 -0.30000000000000010        5.1226732049069287E-002  0.45436789343680656     
  0.29999999999999999        5.1934777077391081E-002  0.45498170433122398     
  0.89999999999999969        3.6219846448793863E-002  0.41638370707010125     
   1.5000000000000002        1.4923050596922026E-002  0.33281847034634326     
   2.0999999999999996        2.6426551057062045E-003  0.20543038225936378     
   2.6999999999999993        1.5306500612260026E-004   8.0098505454865909E-002
   3.2999999999999998        2.4350000974000039E-006   1.4930516072310173E-002
