  -2.2500000000000000        1.9507100000000000E-003   9.0287742902786516E-004
  -1.7500000000000000        2.7210345000000004E-002   2.2781676735622262E-002
  -1.2500000000000000       0.13683158499999998       0.13568439668427873     
 -0.75000000000000000       0.31743888999999997       0.32245273964934468     
 -0.25000000000000000       0.44164878500000004       0.44489201190703248     
  0.25000000000000000       0.44565062500000002       0.44628447405390731     
  0.75000000000000000       0.34917994499999999       0.35084045747755110     
   1.2500000000000000       0.19930728500000000       0.20052854027883582     
   1.7500000000000000        6.8913260000000004E-002   6.6541883527494433E-002
   2.2500000000000000        1.1153804999999999E-002   8.8106089833085693E-003
   2.7500000000000000        6.5996999999999996E-004   2.7536205836809218E-004
   3.2500000000000000        1.1950000000000001E-005   1.0342864273434515E-006
