  -2.2500000000000000        1.9508650000000000E-003   9.6808414081404073E-002
  -1.7500000000000000        2.7214820000000001E-002  0.21697131831344105     
  -1.2500000000000000       0.13682882000000002       0.33895214254712275     
 -0.75000000000000000       0.31749231999999999       0.42084524471300683     
 -0.25000000000000000       0.44177012999999998       0.45610996265525838     
  0.25000000000000000       0.44570464999999998       0.45646643779886636     
  0.75000000000000000       0.34909438000000004       0.42981673779318658     
   1.2500000000000000       0.19919057000000001       0.37372311030427829     
   1.7500000000000000        6.8865829999999989E-002  0.28364796945745513     
   2.2500000000000000        1.1173529999999999E-002  0.17110290708591552     
   2.7500000000000000        6.5948500000000002E-004   7.1941904622245853E-002
   3.2500000000000000        1.1785000000000000E-005   1.7810089950510841E-002
