  -2.3999999999999999        4.7399999999999997E-004   2.3477554189138300E-004
  -2.0000000000000000        7.3284099999999987E-003   5.6464931560510868E-003
  -1.5999999999999999        4.7228279999999997E-002   4.4083020780741271E-002
  -1.2000000000000000       0.15349317500000001       0.15306684206162618     
 -0.80000000000000004       0.30149101499999997       0.30456200840527153     
 -0.39999999999999963       0.41797302500000000       0.42076509453814809     
   2.7755575615628914E-016  0.45892223999999993       0.45991178891888540     
  0.40000000000000019       0.42559794999999995       0.42618550444595432     
  0.80000000000000004       0.33614531500000000       0.33740186849773834     
   1.2000000000000000       0.21524809499999997       0.21625855535386351     
   1.6000000000000003       0.10099692000000000       0.10001045236864275     
   2.0000000000000009        3.0011174999999998E-002   2.7967264352837574E-002
   2.4000000000000004        4.7414399999999995E-003   3.7272648445813993E-003
   2.8000000000000007        3.2941500000000000E-004   1.7546330416687650E-004
   3.2000000000000002        8.4849999999999992E-006   2.0336452643351546E-006
