  -2.6999999999999997        1.1794999999999998E-005   2.9937359460923584E-002
  -2.5000000000000000        1.0613499999999999E-004   5.3656208652723178E-002
  -2.2999999999999998        6.8700499999999997E-004   8.7008619887824143E-002
  -2.1000000000000001        3.1442000000000002E-003  0.12928990353844441     
  -1.8999999999999999        1.0901744999999999E-002  0.17812885634850772     
  -1.6999999999999997        2.9543505000000001E-002  0.23001791631998114     
  -1.4999999999999998        6.4974320000000002E-002  0.28113843653633203     
  -1.2999999999999998       0.11958429499999999       0.32814553229187304     
  -1.0999999999999999       0.18977719499999998       0.36867194358489697     
 -0.90000000000000002       0.26648760999999999       0.40147979460803135     
 -0.69999999999999984       0.33880619499999998       0.42632723457052740     
 -0.49999999999999967       0.39751945999999994       0.44367717196478212     
 -0.29999999999999993       0.43759191500000000       0.45436789343680656     
  -9.9999999999999728E-002  0.45731621000000000       0.45932462673805052     
  0.10000000000000001       0.45751574000000000       0.45934759354389504     
  0.30000000000000016       0.44035331500000002       0.45498170433122398     
  0.50000000000000033       0.40812842999999999       0.44645883798242048     
  0.70000000000000007       0.36330297999999994       0.43370180292562310     
  0.90000000000000024       0.30859207000000000       0.41638370707010119     
   1.1000000000000001       0.24749412500000001       0.39404188384565147     
   1.3000000000000003       0.18477403499999998       0.36624672108742290     
   1.5000000000000004       0.12626970500000001       0.33281847034634321     
   1.7000000000000006        7.7286035000000003E-002  0.29406687474552429     
   1.9000000000000008        4.1315339999999999E-002  0.25100107087946877     
   2.1000000000000001        1.8798104999999999E-002  0.20543038225936369     
   2.3000000000000003        7.0387200000000000E-003  0.15986939521377797     
   2.5000000000000004        2.1023750000000001E-003  0.11719593580891007     
   2.7000000000000006        4.8352500000000000E-004   8.0098505454865687E-002
   2.9000000000000008        8.2235000000000001E-005   5.0466370845888113E-002
   3.1000000000000001        9.8549999999999980E-006   2.8955413593012822E-002
