  -2.8500000000000001        1.1599999999999999E-006   1.7950516581307044E-002
  -2.7500000000000000        4.4349999999999990E-006   2.5432176090836863E-002
  -2.6500000000000004        1.5960000000000000E-005   3.4991105524440486E-002
  -2.5500000000000003        5.1789999999999997E-005   4.6834736227653107E-002
  -2.4500000000000002        1.4998999999999999E-004   6.1088211375865342E-002
  -2.3500000000000001        3.9232500000000001E-004   7.7775398025833456E-002
  -2.2500000000000000        9.3305499999999991E-004   9.6808414081404073E-002
  -2.1500000000000004        2.0458849999999999E-003  0.11798708448545031     
  -2.0500000000000003        4.1575850000000001E-003  0.14100832297615970     
  -1.9500000000000000        7.8343300000000005E-003  0.16548410840352237     
  -1.8499999999999999        1.3828395000000000E-002  0.19096571702151882     
  -1.7499999999999998        2.2963254999999998E-002  0.21697131831344110     
  -1.6499999999999999        3.6062705000000000E-002  0.24301396776178358     
  -1.5499999999999998        5.3716939999999998E-002  0.26862736877906895     
  -1.4500000000000000        7.6330480000000006E-002  0.29338740112675116     
  -1.3499999999999999       0.10382284000000000       0.31692817612597851     
  -1.2499999999999998       0.13581182500000000       0.33895214254712280     
  -1.1499999999999999       0.17124232499999997       0.35923442701068187     
  -1.0499999999999998       0.20901251000000001       0.37762208702464062     
 -0.94999999999999996       0.24774304000000000       0.39402926216782747     
 -0.84999999999999987       0.28599143999999999       0.40842934047340812     
 -0.74999999999999978       0.32229159499999999       0.42084524471300683     
 -0.64999999999999969       0.35557416999999997       0.43133882858212208     
 -0.54999999999999960       0.38511084499999998       0.44000019783109950     
 -0.45000000000000001       0.40994223000000002       0.44693757274649060     
 -0.34999999999999992       0.42991572500000003       0.45226811402783779     
 -0.24999999999999983       0.44485196999999993       0.45610996265525838     
 -0.14999999999999974       0.45453173499999999       0.45857560597174568     
  -4.9999999999999642E-002  0.45926257499999995       0.45976658032755024     
   5.0000000000000003E-002  0.45920965499999999       0.45976945387769996     
  0.15000000000000008       0.45491432999999998       0.45865299713610252     
  0.25000000000000017       0.44630505500000001       0.45646643779886636     
  0.35000000000000026       0.43367655500000002       0.45323870379094156     
  0.45000000000000034       0.41771179000000003       0.44897857822750287     
  0.55000000000000004       0.39823627000000000       0.44367571619481488     
  0.65000000000000013       0.37577539999999998       0.43730250059408804     
  0.75000000000000022       0.35069024999999993       0.42981673779318658     
  0.85000000000000031       0.32320168999999993       0.42116520880017805     
  0.95000000000000040       0.29393272500000001       0.41128809361480284     
   1.0500000000000000       0.26343338999999999       0.40012427109808091     
   1.1500000000000006       0.23196270499999996       0.38761746042550482     
   1.2500000000000002       0.20046070499999999       0.37372311030427824     
   1.3499999999999999       0.16957608499999999       0.35841585783151081     
   1.4500000000000004       0.14009208000000001       0.34169727221708762     
   1.5500000000000000       0.11277371499999998       0.32360347570177012     
   1.6500000000000006        8.8126720000000006E-002  0.30421210609631472     
   1.7500000000000002        6.6657304999999986E-002  0.28364796945745507     
   1.8500000000000008        4.8637744999999996E-002  0.26208665009044241     
   1.9500000000000004        3.4112805000000003E-002  0.23975532496338725     
   2.0499999999999998        2.2922764999999998E-002  0.21693009813906433     
   2.1500000000000004        1.4661870000000000E-002  0.19392935094812883     
   2.2500000000000000        8.9161299999999995E-003  0.17110290708591552     
   2.3500000000000005        5.1255399999999987E-003  0.14881723169523658     
   2.4500000000000002        2.7730249999999997E-003  0.12743738789913886     
   2.5499999999999998        1.3995150000000000E-003  0.10730700342199641     
   2.6500000000000004        6.5674500000000003E-004   8.8727969378476171E-002
   2.7500000000000000        2.8813999999999999E-004   7.1941904622245853E-002
   2.8500000000000005        1.1470499999999999E-004   5.7115478710499878E-002
   2.9500000000000002        4.1634999999999997E-005   4.4331430074210212E-002
   3.0499999999999998        1.3914999999999998E-005   3.3586532056291175E-002
