  -2.1000000000000001        6.0780252431210102E-003   2.8723332112735199E-003
  -1.5000000000000000        6.9400677776027112E-002   6.4218073855318691E-002
 -0.90000000000000013       0.26106768544270742       0.26707371483244952     
 -0.30000000000000010       0.43388006735520274       0.43813395976243175     
  0.29999999999999999       0.43963782258551293       0.44050628268765535     
  0.89999999999999969       0.30645633725825350       0.30899488024777017     
   1.5000000000000002       0.12630146005205842       0.12612641597372823     
   2.0999999999999996        2.2382430895297234E-002   1.8307754123436180E-002
   2.6999999999999993        1.2919450516778021E-003   4.2313020164684302E-004
   3.2999999999999998        2.0950000838000033E-005   5.1082912588760988E-007
