  -2.3999999999999999        4.7729999999999995E-004   6.9130407896392868E-002
  -2.0000000000000000        7.3225950000000003E-003  0.15309133421420862     
  -1.5999999999999999        4.7237639999999997E-002  0.25590203716182808     
  -1.2000000000000000       0.15345300000000001       0.34932220034310402     
 -0.80000000000000004       0.30139419499999998       0.41488223444213201     
 -0.39999999999999963       0.41791423499999997       0.44979625242406557     
   2.7755575615628914E-016  0.45890623499999994       0.45991178891888540     
  0.40000000000000019       0.42562870000000003       0.45123790586860540     
  0.80000000000000004       0.33620319999999992       0.42564033597439538     
   1.2000000000000000       0.21530925499999998       0.38084585291907591     
   1.6000000000000003       0.10101610499999999       0.31406334679887388     
   2.0000000000000009        3.0033710000000002E-002  0.22838543473689346     
   2.4000000000000004        4.7540949999999998E-003  0.13799186038008285     
   2.8000000000000007        3.3030499999999992E-004   6.4276538762079033E-002
   3.2000000000000002        8.4449999999999979E-006   2.1089909029077120E-002
