  -2.5500000000000003        8.6525000865250013E-005   4.6834736227653107E-002
  -2.2500000000000000        1.2038400120384003E-003   9.6808414081404073E-002
  -1.9500000000000002        8.8135000881350012E-003  0.16548410840352232     
  -1.6500000000000001        3.7688980376889801E-002  0.24301396776178352     
  -1.3500000000000001       0.10496283104962832       0.31692817612597846     
  -1.0500000000000003       0.20845197208451971       0.37762208702464056     
 -0.74999999999999989       0.32073659320736592       0.42084524471300683     
 -0.45000000000000007       0.40832891908328922       0.44693757274649060     
 -0.15000000000000027       0.45346813453468138       0.45857560597174568     
  0.14999999999999999       0.45443662454436623       0.45865299713610252     
  0.44999999999999984       0.41740237917402384       0.44897857822750287     
  0.74999999999999967       0.35013521350135218       0.42981673779318663     
   1.0499999999999998       0.26269492262694921       0.40012427109808091     
   1.3500000000000001       0.16942417669424178       0.35841585783151081     
   1.6499999999999999        8.8796840887968423E-002  0.30421210609631483     
   1.9499999999999997        3.5184495351844952E-002  0.23975532496338739     
   2.2499999999999996        9.6617050966170508E-003  0.17110290708591561     
   2.5499999999999994        1.6806850168068501E-003  0.10730700342199652     
   2.8500000000000001        1.6379500163795003E-004   5.7115478710499927E-002
   3.1499999999999999        8.2350000823500017E-006   2.4796906353775572E-002
