  -2.6999999999999997        1.1715000000000000E-005   8.2571531927198814E-006
  -2.5000000000000000        1.0772000000000001E-004   8.5203277837454246E-005
  -2.2999999999999998        6.8690500000000002E-004   5.8914947381116204E-004
  -2.1000000000000001        3.1434950000000001E-003   2.8723332112735199E-003
  -1.8999999999999999        1.0925670000000000E-002   1.0349359960503568E-002
  -1.6999999999999997        2.9580805000000002E-002   2.8775510285984893E-002
  -1.4999999999999998        6.4980234999999997E-002   6.4218073855318733E-002
  -1.2999999999999998       0.11966623999999998       0.11919069629214565     
  -1.0999999999999999       0.18980172999999997       0.18990514368038883     
 -0.90000000000000002       0.26644967000000003       0.26707371483244952     
 -0.69999999999999984       0.33870739500000002       0.33958514369716991     
 -0.49999999999999967       0.39750153500000002       0.39833155354315147     
 -0.29999999999999993       0.43744387000000001       0.43813395976243175     
  -9.9999999999999728E-002  0.45721512499999994       0.45756763409323575     
  0.10000000000000001       0.45752327500000001       0.45765915677338109     
  0.30000000000000016       0.44040605999999993       0.44050628268765529     
  0.50000000000000033       0.40826376499999995       0.40841536498192577     
  0.70000000000000007       0.36333240999999999       0.36369831099377814     
  0.90000000000000024       0.30857250000000003       0.30899488024777005     
   1.1000000000000001       0.24754207000000000       0.24782545990343335     
   1.3000000000000003       0.18482609999999999       0.18495724807614433     
   1.5000000000000004       0.12623319999999999       0.12612641597372817     
   1.7000000000000006        7.7239950000000002E-002   7.6870693323536715E-002
   1.9000000000000008        4.1319259999999990E-002   4.0801738821490345E-002
   2.1000000000000001        1.8795550000000001E-002   1.8307754123436149E-002
   2.3000000000000003        7.0421449999999988E-003   6.7148714380559273E-003
   2.5000000000000004        2.1058200000000000E-003   1.9392177555069242E-003
   2.7000000000000006        4.8291000000000002E-004   4.2313020164683814E-004
   2.9000000000000008        8.1774999999999982E-005   6.6678323680757328E-005
   3.1000000000000001        9.4450000000000002E-006   7.2259585294387069E-006
